4074.98120117 5.54962e-17
4078.36863945 1.22853e-16
4081.75607774 2.33284e-16
4085.14351602 3.58219e-16
4088.5309543 3.2464e-16
4091.91839258 3.21655e-16
4095.30583087 1.94444e-16
4098.69326915 1.20151e-16
4102.08070743 3.00109e-16
4105.46814571 2.95391e-16
4108.855584 3.58039e-16
4112.24302228 3.78544e-16
4115.63046056 3.81473e-16
4119.01789884 3.22275e-16
4122.40533713 3.11612e-16
4125.79277541 1.96718e-16
4129.18021369 1.85719e-16
4132.56765197 5.04418e-16
4135.95509026 4.65305e-16
4139.34252854 2.5259e-16
4142.72996682 4.1093e-17
4146.1174051 -2.40895e-17
4149.50484339 2.3395e-16
4152.89228167 2.62869e-16
4156.27971995 1.82611e-16
4159.66715823 4.03415e-16
4163.05459652 5.0292e-16
4166.4420348 3.54149e-16
4169.82947308 3.30881e-16
4173.21691136 2.54158e-16
4176.60434965 1.20875e-16
4179.99178793 2.6194e-16
4183.37922621 1.99884e-16
4186.76666449 2.70236e-16
4190.15410278 1.2671e-16
4193.54154106 6.43571e-17
4196.92897934 -9.89359e-17
4200.31641762 4.70172e-17
4203.70385591 4.68169e-16
4207.09129419 2.42671e-16
4210.47873247 1.64315e-16
4213.86617075 2.89873e-16
4217.25360904 3.44503e-16
4220.64104732 3.37162e-17
4224.0284856 3.26444e-17
4227.41592388 3.73296e-16
4230.80336217 3.65889e-16
4234.19080045 8.51521e-17
4237.57823873 3.00737e-16
4240.96567701 1.88369e-16
4244.3531153 7.76782e-17
4247.74055358 1.93446e-16
4251.12799186 1.70869e-16
4254.51543014 2.38581e-16
4257.90286842 2.98025e-16
4261.29030671 4.01659e-16
4264.67774499 3.01479e-16
4268.06518327 3.28756e-16
4271.45262155 1.76895e-16
4274.84005984 9.14164e-17
4278.22749812 2.35354e-16
4281.6149364 2.52104e-16
4285.00237468 2.4356e-17
4288.38981297 -1.03869e-16
4291.77725125 1.24086e-16
4295.16468953 2.44914e-16
4298.55212781 1.75389e-16
4301.9395661 1.47541e-16
4305.32700438 1.28802e-16
4308.71444266 1.57458e-16
4312.10188094 8.16591e-17
4315.48931923 1.15643e-16
4318.87675751 1.15691e-16
4322.26419579 4.14538e-16
4325.65163407 3.37278e-16
4329.03907236 1.8239e-16
4332.42651064 1.53354e-16
4335.81394892 2.74997e-16
4339.2013872 2.91719e-16
4342.58882549 1.88235e-16
4345.97626377 2.35417e-16
4349.36370205 2.31283e-16
4352.75114033 1.48911e-16
4356.13857862 2.01631e-16
4359.5260169 1.67785e-16
4362.91345518 1.82462e-16
4366.30089346 3.53144e-16
4369.68833175 3.26488e-16
4373.07577003 1.43034e-16
4376.46320831 5.43389e-17
4379.85064659 1.66928e-16
4383.23808488 2.36365e-16
4386.62552316 1.60344e-16
4390.01296144 4.74169e-17
4393.40039972 1.54687e-16
4396.78783801 2.6402e-16
4400.17527629 2.22851e-16
4403.56271457 2.1883e-16
4406.95015285 2.57542e-16
4410.33759114 3.33768e-16
4413.72502942 3.56855e-16
4417.1124677 1.7538e-16
4420.49990598 5.2937e-17
4423.88734427 8.9225e-17
4427.27478255 1.25838e-16
4430.66222083 3.04757e-16
4434.04965911 3.63023e-16
4437.4370974 3.8041e-16
4440.82453568 3.46197e-16
4444.21197396 3.53103e-16
4447.59941224 4.18813e-16
4450.98685053 2.3559e-16
4454.37428881 2.70063e-16
4457.76172709 1.62323e-16
4461.14916537 1.43491e-16
4464.53660366 2.51836e-16
4467.92404194 3.56623e-16
4471.31148022 2.26619e-16
4474.6989185 3.96989e-16
4478.08635679 4.04898e-16
4481.47379507 2.21581e-16
4484.86123335 3.99412e-16
4488.24867163 4.35639e-16
4491.63610991 1.19538e-16
4495.0235482 1.45116e-17
4498.41098648 1.58539e-17
4501.79842476 1.23305e-16
4505.18586304 2.96421e-16
4508.57330133 1.73725e-16
4511.96073961 2.18666e-16
4515.34817789 4.97025e-16
4518.73561617 3.95933e-16
4522.12305446 2.2408e-16
4525.51049274 2.00554e-16
4528.89793102 2.98083e-16
4532.2853693 4.04368e-16
4535.67280759 3.49505e-16
4539.06024587 2.07845e-16
4542.44768415 1.2472e-16
4545.83512243 3.01113e-16
4549.22256072 4.10077e-16
4552.609999 2.94636e-16
4555.99743728 2.27053e-16
4559.38487556 2.2571e-16
4562.77231385 2.71226e-16
4566.15975213 2.83214e-16
4569.54719041 3.69475e-16
4572.93462869 2.09494e-16
4576.32206698 1.78109e-16
4579.70950526 3.66422e-16
4583.09694354 2.75398e-16
4586.48438182 1.93377e-16
4589.87182011 1.49864e-16
4593.25925839 2.23656e-16
4596.64669667 1.63744e-16
4600.03413495 1.48616e-16
4603.42157324 2.89092e-16
4606.80901152 1.96854e-16
4610.1964498 2.41625e-16
4613.58388808 2.90813e-16
4616.97132637 2.32121e-16
4620.35876465 3.07101e-16
4623.74620293 3.35216e-16
4627.13364121 1.73829e-16
4630.5210795 1.35526e-16
4633.90851778 1.28097e-16
4637.29595606 2.0982e-16
4640.68339434 3.8606e-16
4644.07083263 4.83425e-16
4647.45827091 2.63999e-16
4650.84570919 2.11887e-16
4654.23314747 2.26602e-16
4657.62058576 2.64182e-16
4661.00802404 2.63075e-16
4664.39546232 3.3165e-16
4667.7829006 3.5703e-16
4671.17033889 2.90235e-16
4674.55777717 2.26908e-16
4677.94521545 2.85898e-16
4681.33265373 3.97948e-16
4684.72009202 3.0146e-16
4688.1075303 2.45325e-16
4691.49496858 2.57175e-16
4694.88240686 2.95438e-16
4698.26984515 3.5273e-16
4701.65728343 2.98181e-16
4705.04472171 4.04642e-16
4708.43215999 3.93864e-16
4711.81959827 3.73485e-16
4715.20703656 4.77148e-16
4718.59447484 2.96114e-16
4721.98191312 3.44402e-16
4725.3693514 2.27914e-16
4728.75678969 4.19438e-16
4732.14422797 2.98927e-16
4735.53166625 2.19575e-16
4738.91910453 2.94457e-16
4742.30654282 3.44489e-16
4745.6939811 3.73674e-16
4749.08141938 3.69637e-16
4752.46885766 4.0811e-16
4755.85629595 3.72398e-16
4759.24373423 3.61483e-16
4762.63117251 4.30175e-16
4766.01861079 4.18917e-16
4769.40604908 3.62101e-16
4772.79348736 3.10186e-16
4776.18092564 3.12497e-16
4779.56836392 2.99118e-16
4782.95580221 4.63307e-16
4786.34324049 4.81374e-16
4789.73067877 3.88941e-16
4793.11811705 3.62834e-16
4796.50555534 3.81068e-16
4799.89299362 2.85238e-16
4803.2804319 3.25192e-16
4806.66787018 3.36194e-16
4810.05530847 3.1081e-16
4813.44274675 2.62265e-16
4816.83018503 3.84029e-16
4820.21762331 3.28205e-16
4823.6050616 2.88634e-16
4826.99249988 3.30727e-16
4830.37993816 3.72043e-16
4833.76737644 3.52929e-16
4837.15481473 3.84455e-16
4840.54225301 3.1702e-16
4843.92969129 2.83557e-16
4847.31712957 3.53299e-16
4850.70456786 3.8868e-16
4854.09200614 2.19351e-16
4857.47944442 3.74037e-16
4860.8668827 3.44315e-16
4864.25432099 2.20526e-16
4867.64175927 2.9608e-16
4871.02919755 2.36215e-16
4874.41663583 2.60891e-16
4877.80407412 2.72602e-16
4881.1915124 2.57284e-16
4884.57895068 2.76044e-16
4887.96638896 2.46763e-16
4891.35382725 3.03185e-16
4894.74126553 3.09346e-16
4898.12870381 2.35434e-16
4901.51614209 2.4772e-16
4904.90358038 3.32389e-16
4908.29101866 1.8543e-16
4911.67845694 2.29669e-16
4915.06589522 2.32926e-16
4918.45333351 2.52269e-16
4921.84077179 2.98444e-16
4925.22821007 2.89871e-16
4928.61564835 2.67777e-16
4932.00308664 2.17286e-16
4935.39052492 3.18141e-16
4938.7779632 2.59909e-16
4942.16540148 2.12781e-16
4945.55283976 3.34602e-16
4948.94027805 3.27897e-16
4952.32771633 2.36792e-16
4955.71515461 2.82234e-16
4959.10259289 2.32263e-16
4962.49003118 2.96212e-16
4965.87746946 3.06739e-16
4969.26490774 3.26676e-16
4972.65234602 2.83326e-16
4976.03978431 3.00325e-16
4979.42722259 2.89579e-16
4982.81466087 3.47949e-16
4986.20209915 3.77499e-16
4989.58953744 4.40973e-16
4992.97697572 4.97504e-16
4996.364414 4.07549e-16
4999.75185228 4.8433e-16
5003.13929057 4.90437e-16
5006.52672885 3.65935e-16
5009.91416713 4.15861e-16
5013.30160541 4.19463e-16
5016.6890437 3.29034e-16
5020.07648198 3.99679e-16
5023.46392026 4.10676e-16
5026.85135854 3.7961e-16
5030.23879683 3.50107e-16
5033.62623511 2.61911e-16
5037.01367339 2.72958e-16
5040.40111167 4.36247e-16
5043.78854996 3.15936e-16
5047.17598824 4.36198e-16
5050.56342652 3.97264e-16
5053.9508648 4.24287e-16
5057.33830309 3.34475e-16
5060.72574137 3.80293e-16
5064.11317965 3.71169e-16
5067.50061793 3.62606e-16
5070.88805622 3.92772e-16
5074.2754945 3.62267e-16
5077.66293278 4.63018e-16
5081.05037106 4.68096e-16
5084.43780935 3.4837e-16
5087.82524763 3.47354e-16
5091.21268591 2.60914e-16
5094.60012419 3.60362e-16
5097.98756248 4.1643e-16
5101.37500076 4.13007e-16
5104.76243904 2.96098e-16
5108.14987732 2.75858e-16
5111.53731561 3.42166e-16
5114.92475389 3.18357e-16
5118.31219217 3.57065e-16
5121.69963045 2.85804e-16
5125.08706874 2.48883e-16
5128.47450702 3.69839e-16
5131.8619453 3.7219e-16
5135.24938358 3.60982e-16
5138.63682187 4.58621e-16
5142.02426015 5.35097e-16
5145.41169843 4.91836e-16
5148.79913671 4.5145e-16
5152.186575 4.74336e-16
5155.57401328 4.81698e-16
5158.96145156 4.4574e-16
5162.34888984 4.46672e-16
5165.73632813 4.4953e-16
5169.12376641 4.02647e-16
5172.51120469 3.94189e-16
5175.89864297 3.49676e-16
5179.28608125 4.0117e-16
5182.67351954 3.97687e-16
5186.06095782 3.54843e-16
5189.4483961 3.93703e-16
5192.83583438 3.67518e-16
5196.22327267 3.62363e-16
5199.61071095 2.80513e-16
5202.99814923 3.51381e-16
5206.38558751 3.04077e-16
5209.7730258 3.36296e-16
5213.16046408 3.11688e-16
5216.54790236 3.18678e-16
5219.93534064 2.93317e-16
5223.32277893 3.21139e-16
5226.71021721 2.34641e-16
5230.09765549 3.16617e-16
5233.48509377 2.78815e-16
5236.87253206 3.12507e-16
5240.25997034 2.62466e-16
5243.64740862 2.67021e-16
5247.0348469 2.86567e-16
5250.42228519 1.52025e-16
5253.80972347 2.71565e-16
5257.19716175 3.1345e-16
5260.58460003 2.58542e-16
5263.97203832 3.01527e-16
5267.3594766 2.55991e-16
5270.74691488 2.9737e-16
5274.13435316 2.69867e-16
5277.52179145 2.16822e-16
5280.90922973 2.62047e-16
5284.29666801 2.64558e-16
5287.68410629 2.62472e-16
5291.07154458 2.93603e-16
5294.45898286 2.82298e-16
5297.84642114 2.61345e-16
5301.23385942 3.39081e-16
5304.62129771 3.47801e-16
5308.00873599 2.82943e-16
5311.39617427 2.70512e-16
5314.78361255 2.84994e-16
5318.17105084 2.78516e-16
5321.55848912 3.4019e-16
5324.9459274 3.46001e-16
5328.33336568 3.07594e-16
5331.72080397 3.19159e-16
5335.10824225 2.77462e-16
5338.49568053 3.47987e-16
5341.88311881 4.04146e-16
5345.2705571 3.45854e-16
5348.65799538 3.33691e-16
5352.04543366 3.63057e-16
5355.43287194 3.29412e-16
5358.82031023 3.7099e-16
5362.20774851 3.69888e-16
5365.59518679 3.25711e-16
5368.98262507 3.36019e-16
5372.37006336 3.66368e-16
5375.75750164 4.11354e-16
5379.14493992 3.18742e-16
5382.5323782 3.57318e-16
5385.91981649 3.07061e-16
5389.30725477 3.31799e-16
5392.69469305 4.04204e-16
5396.08213133 3.62829e-16
5399.46956961 3.41658e-16
5402.8570079 3.50238e-16
5406.24444618 3.18288e-16
5409.63188446 3.74463e-16
5413.01932274 3.37351e-16
5416.40676103 4.06339e-16
5419.79419931 4.23404e-16
5423.18163759 3.91972e-16
5426.56907587 2.65072e-16
5429.95651416 3.79297e-16
5433.34395244 3.93268e-16
5436.73139072 3.33681e-16
5440.118829 3.62107e-16
5443.50626729 3.01308e-16
5446.89370557 3.41202e-16
5450.28114385 3.84201e-16
5453.66858213 3.75798e-16
5457.05602042 3.86718e-16
5460.4434587 3.5931e-16
5463.83089698 3.79355e-16
5467.21833526 4.11141e-16
5470.60577355 4.02357e-16
5473.99321183 4.01017e-16
5477.38065011 3.37364e-16
5480.76808839 3.45803e-16
5484.15552668 4.00255e-16
5487.54296496 3.78406e-16
5490.93040324 4.19479e-16
5494.31784152 4.35786e-16
5497.70527981 3.43074e-16
5501.09271809 3.75519e-16
5504.48015637 3.97057e-16
5507.86759465 3.25729e-16
5511.25503294 3.88759e-16
5514.64247122 4.26305e-16
5518.0299095 3.4291e-16
5521.41734778 3.63356e-16
5524.80478607 4.33458e-16
5528.19222435 3.89236e-16
5531.57966263 3.75834e-16
5534.96710091 3.80618e-16
5538.3545392 4.13521e-16
5541.74197748 4.09303e-16
5545.12941576 3.84152e-16
5548.51685404 3.9403e-16
5551.90429233 4.57906e-16
5555.29173061 4.53965e-16
5558.67916889 4.54344e-16
5562.06660717 4.32639e-16
5565.45404546 3.67506e-16
5568.84148374 3.86261e-16
5572.22892202 4.3772e-16
5575.6163603 4.67607e-16
5579.00379859 4.06502e-16
5582.39123687 3.98258e-16
5585.77867515 3.28574e-16
5589.16611343 3.86812e-16
5592.55355172 4.208e-16
5595.94099 3.39838e-16
5599.32842828 3.86896e-16
5602.71586656 4.1537e-16
5606.10330485 3.88176e-16
5609.49074313 4.24175e-16
5612.87818141 4.07374e-16
5616.26561969 4.24068e-16
5619.65305798 3.42405e-16
5623.04049626 3.65463e-16
5626.42793454 3.81024e-16
5629.81537282 4.28478e-16
5633.2028111 4.2604e-16
5636.59024939 3.81383e-16
5639.97768767 3.9047e-16
5643.36512595 4.26631e-16
5646.75256423 4.02544e-16
5650.14000252 4.10389e-16
5653.5274408 4.57045e-16
5656.91487908 4.15525e-16
5660.30231736 3.93845e-16
5663.68975565 4.03657e-16
5667.07719393 4.72999e-16
5670.46463221 4.78089e-16
5673.85207049 4.29555e-16
5677.23950878 4.54715e-16
5680.62694706 4.7005e-16
5684.01438534 4.63341e-16
5687.40182362 4.92294e-16
5690.78926191 4.67887e-16
5694.17670019 5.1223e-16
5697.56413847 4.34627e-16
5700.95157675 4.08687e-16
5704.33901504 4.68609e-16
5707.72645332 4.35567e-16
5711.1138916 4.47676e-16
5714.50132988 4.41386e-16
5717.88876817 3.51381e-16
5721.27620645 3.4487e-16
5724.66364473 3.853e-16
5728.05108301 4.10632e-16
5731.4385213 4.19054e-16
5734.82595958 3.43562e-16
5738.21339786 3.30888e-16
5741.60083614 2.9921e-16
5744.98827443 3.15012e-16
5748.37571271 3.16562e-16
5751.76315099 3.00048e-16
5755.15058927 3.84328e-16
5758.53802756 3.1299e-16
5761.92546584 3.23807e-16
5765.31290412 3.14967e-16
5768.7003424 3.20971e-16
5772.08778069 3.22445e-16
5775.47521897 2.78029e-16
5778.86265725 2.52001e-16
5782.25009553 2.97708e-16
5785.63753382 3.60836e-16
5789.0249721 3.14485e-16
5792.41241038 2.78794e-16
5795.79984866 3.50794e-16
5799.18728695 3.77189e-16
5802.57472523 4.17065e-16
5805.96216351 3.93019e-16
5809.34960179 3.96542e-16
5812.73704008 4.33889e-16
5816.12447836 3.99582e-16
5819.51191664 3.86809e-16
5822.89935492 4.42757e-16
5826.28679321 4.73593e-16
5829.67423149 4.55379e-16
5833.06166977 4.18369e-16
5836.44910805 4.25357e-16
5839.83654634 4.46448e-16
5843.22398462 4.38758e-16
5846.6114229 3.88629e-16
5849.99886118 3.88846e-16
5853.38629947 4.46677e-16
5856.77373775 4.7425e-16
5860.16117603 4.24142e-16
5863.54861431 4.25162e-16
5866.93605259 3.9878e-16
5870.32349088 4.19395e-16
5873.71092916 4.13417e-16
5877.09836744 3.67867e-16
5880.48580572 4.46015e-16
5883.87324401 4.49158e-16
5887.26068229 4.27504e-16
5890.64812057 4.1763e-16
5894.03555885 4.14788e-16
5897.42299714 3.53006e-16
5900.81043542 3.12283e-16
5904.1978737 3.36248e-16
5907.58531198 3.02246e-16
5910.97275027 2.51078e-16
5914.36018855 3.39934e-16
5917.74762683 3.65689e-16
5921.13506511 2.31707e-16
5924.5225034 3.00278e-16
5927.90994168 3.34719e-16
5931.29737996 3.1123e-16
5934.68481824 2.76872e-16
5938.07225653 3.74034e-16
5941.45969481 3.2873e-16
5944.84713309 3.17147e-16
5948.23457137 2.95612e-16
5951.62200966 2.84821e-16
5955.00944794 3.07734e-16
5958.39688622 2.91161e-16
5961.7843245 3.12522e-16
5965.17176279 3.19651e-16
5968.55920107 2.65445e-16
5971.94663935 2.6367e-16
5975.33407763 2.37241e-16
5978.72151592 2.24318e-16
5982.1089542 2.11616e-16
5985.49639248 2.19081e-16
5988.88383076 2.66821e-16
5992.27126905 2.82029e-16
5995.65870733 2.54545e-16
5999.04614561 2.49835e-16
6002.43358389 2.38549e-16
6005.82102218 2.43637e-16
6009.20846046 2.75056e-16
6012.59589874 2.57237e-16
6015.98333702 2.89131e-16
6019.37077531 3.51777e-16
6022.75821359 4.00464e-16
6026.14565187 3.48018e-16
6029.53309015 3.73871e-16
6032.92052844 4.12478e-16
6036.30796672 4.09971e-16
6039.695405 4.21193e-16
6043.08284328 4.75196e-16
6046.47028157 4.31605e-16
6049.85771985 4.34209e-16
6053.24515813 5.12143e-16
6056.63259641 5.16205e-16
6060.0200347 4.65971e-16
6063.40747298 4.93214e-16
6066.79491126 4.89963e-16
6070.18234954 5.0071e-16
6073.56978783 4.81191e-16
6076.95722611 4.54944e-16
6080.34466439 4.30027e-16
6083.73210267 4.14444e-16
6087.11954095 4.93777e-16
6090.50697924 4.60278e-16
6093.89441752 4.15484e-16
6097.2818558 4.23243e-16
6100.66929408 3.89912e-16
6104.05673237 4.06765e-16
6107.44417065 4.21894e-16
6110.83160893 4.1932e-16
6114.21904721 3.89332e-16
6117.6064855 3.99509e-16
6120.99392378 4.58957e-16
6124.38136206 4.1122e-16
6127.76880034 4.04969e-16
6131.15623863 4.11947e-16
6134.54367691 3.8957e-16
6137.93111519 4.00877e-16
6141.31855347 4.21099e-16
6144.70599176 4.31838e-16
6148.09343004 4.07342e-16
6151.48086832 4.04231e-16
6154.8683066 3.98168e-16
6158.25574489 4.03372e-16
6161.64318317 3.81018e-16
6165.03062145 4.01501e-16
6168.41805973 4.0414e-16
6171.80549802 4.03829e-16
6175.1929363 3.79302e-16
6178.58037458 3.70581e-16
6181.96781286 3.77995e-16
6185.35525115 3.93366e-16
6188.74268943 4.24248e-16
6192.13012771 3.99879e-16
6195.51756599 3.58806e-16
6198.90500428 4.16554e-16
6202.29244256 4.16618e-16
6205.67988084 3.79135e-16
6209.06731912 3.74362e-16
6212.45475741 3.85352e-16
6215.84219569 3.95913e-16
6219.22963397 4.25189e-16
6222.61707225 3.92706e-16
6226.00451054 3.54627e-16
6229.39194882 3.7138e-16
6232.7793871 3.48463e-16
6236.16682538 3.59014e-16
6239.55426367 3.95334e-16
6242.94170195 4.10084e-16
6246.32914023 3.57763e-16
6249.71657851 3.47394e-16
6253.1040168 3.51772e-16
6256.49145508 3.8672e-16
6259.87889336 3.8937e-16
6263.26633164 3.72813e-16
6266.65376993 3.25637e-16
6270.04120821 3.20058e-16
6273.42864649 3.65984e-16
6276.81608477 3.54593e-16
6280.20352306 3.31955e-16
6283.59096134 3.41851e-16
6286.97839962 3.49754e-16
6290.3658379 4.08485e-16
6293.75327619 4.29743e-16
6297.14071447 3.79762e-16
6300.52815275 4.10867e-16
6303.91559103 4.12553e-16
6307.30302932 4.16426e-16
6310.6904676 3.98886e-16
6314.07790588 3.74716e-16
6317.46534416 3.93912e-16
6320.85278244 3.52507e-16
6324.24022073 3.57e-16
6327.62765901 3.84187e-16
6331.01509729 4.00297e-16
6334.40253557 4.07368e-16
6337.78997386 3.98795e-16
6341.17741214 3.84801e-16
6344.56485042 3.61046e-16
6347.9522887 3.40674e-16
6351.33972699 3.20933e-16
6354.72716527 3.65278e-16
6358.11460355 3.52277e-16
6361.50204183 3.24386e-16
6364.88948012 3.40383e-16
6368.2769184 3.1372e-16
6371.66435668 3.70041e-16
6375.05179496 3.1876e-16
6378.43923325 3.19791e-16
6381.82667153 3.65453e-16
6385.21410981 3.76835e-16
6388.60154809 3.73128e-16
6391.98898638 3.78402e-16
6395.37642466 3.99568e-16
6398.76386294 3.71068e-16
6402.15130122 4.10248e-16
6405.53873951 4.28645e-16
6408.92617779 3.68181e-16
6412.31361607 3.73553e-16
6415.70105435 3.98893e-16
6419.08849264 3.89348e-16
6422.47593092 3.9976e-16
6425.8633692 4.50796e-16
6429.25080748 4.37363e-16
6432.63824577 3.71556e-16
6436.02568405 3.65331e-16
6439.41312233 3.75841e-16
6442.80056061 3.89811e-16
6446.1879989 3.93172e-16
6449.57543718 3.95565e-16
6452.96287546 3.94115e-16
6456.35031374 3.73213e-16
6459.73775203 3.72839e-16
6463.12519031 3.67859e-16
6466.51262859 3.64884e-16
6469.90006687 3.9583e-16
6473.28750516 4.31895e-16
6476.67494344 4.16424e-16
6480.06238172 4.07727e-16
6483.44982 4.08999e-16
6486.83725829 3.69382e-16
6490.22469657 3.68796e-16
6493.61213485 3.7382e-16
6496.99957313 3.95198e-16
6500.38701142 4.02845e-16
6503.7744497 4.01529e-16
6507.16188798 3.80847e-16
6510.54932626 3.70035e-16
6513.93676455 4.02728e-16
6517.32420283 3.77072e-16
6520.71164111 3.58993e-16
6524.09907939 3.81394e-16
6527.48651768 3.77228e-16
6530.87395596 3.74566e-16
6534.26139424 3.77979e-16
6537.64883252 3.88061e-16
6541.03627081 3.85075e-16
6544.42370909 3.58825e-16
6547.81114737 3.80269e-16
6551.19858565 4.19967e-16
6554.58602393 4.01149e-16
6557.97346222 3.85657e-16
6561.3609005 3.60707e-16
6564.74833878 3.53883e-16
6568.13577706 3.42129e-16
6571.52321535 2.94967e-16
6574.91065363 3.20455e-16
6578.29809191 3.79188e-16
6581.68553019 3.42431e-16
6585.07296848 3.42084e-16
6588.46040676 3.42959e-16
6591.84784504 3.41293e-16
6595.23528332 3.35421e-16
6598.62272161 3.50697e-16
6602.01015989 3.80528e-16
6605.39759817 3.26746e-16
6608.78503645 3.37834e-16
6612.17247474 3.25293e-16
6615.55991302 3.18408e-16
6618.9473513 3.20734e-16
6622.33478958 3.35233e-16
6625.72222787 3.46473e-16
6629.10966615 3.29195e-16
6632.49710443 3.63316e-16
6635.88454271 4.06321e-16
6639.271981 3.94839e-16
6642.65941928 3.44421e-16
6646.04685756 3.49221e-16
6649.43429584 3.84676e-16
6652.82173413 4.14959e-16
6656.20917241 4.31942e-16
6659.59661069 4.63503e-16
6662.98404897 4.93598e-16
6666.37148726 4.24764e-16
6669.75892554 4.21328e-16
6673.14636382 4.65356e-16
6676.5338021 4.64153e-16
6679.92124039 4.8705e-16
6683.30867867 4.73159e-16
6686.69611695 4.81282e-16
6690.08355523 5.34674e-16
6693.47099352 5.87364e-16
6696.8584318 6.13753e-16
6700.24587008 6.43524e-16
6703.63330836 7.13358e-16
6707.02074665 7.19633e-16
6710.40818493 7.29315e-16
6713.79562321 7.73041e-16
6717.18306149 8.1299e-16
6720.57049978 8.48109e-16
6723.95793806 8.82452e-16
6727.34537634 9.28805e-16
6730.73281462 9.88792e-16
6734.12025291 1.09031e-15
6737.50769119 1.20054e-15
6740.89512947 1.41797e-15
6744.28256775 1.71619e-15
6747.67000604 1.86537e-15
6751.05744432 1.82523e-15
6754.4448826 1.70405e-15
6757.83232088 1.55057e-15
6761.21975917 1.33949e-15
6764.60719745 1.22843e-15
6767.99463573 1.17121e-15
6771.38207401 1.07763e-15
6774.76951229 1.05958e-15
6778.15695058 1.01892e-15
6781.54438886 9.49902e-16
6784.93182714 9.4171e-16
6788.31926542 8.56544e-16
6791.70670371 7.78625e-16
6795.09414199 7.86142e-16
6798.48158027 7.65898e-16
6801.86901855 7.18024e-16
6805.25645684 6.98432e-16
6808.64389512 6.92012e-16
6812.0313334 7.15473e-16
6815.41877168 7.14905e-16
6818.80620997 6.59245e-16
6822.19364825 6.44083e-16
6825.58108653 6.37901e-16
6828.96852481 6.34202e-16
6832.3559631 5.91254e-16
6835.74340138 5.76905e-16
6839.13083966 5.83541e-16
6842.51827794 6.11161e-16
6845.90571623 5.81287e-16
6849.29315451 5.77623e-16
6852.68059279 5.83724e-16
6856.06803107 5.59925e-16
6859.45546936 5.68234e-16
6862.84290764 5.30697e-16
6866.23034592 4.76836e-16
6869.6177842 4.39868e-16
6873.00522249 4.56853e-16
6876.39266077 4.20183e-16
6879.78009905 4.08185e-16
6883.16753733 4.08958e-16
6886.55497562 4.23888e-16
6889.9424139 4.27239e-16
6893.32985218 3.80203e-16
6896.71729046 3.8076e-16
6900.10472875 3.9592e-16
6903.49216703 4.62727e-16
6906.87960531 4.64081e-16
6910.26704359 4.51752e-16
6913.65448188 4.70544e-16
6917.04192016 4.35307e-16
6920.42935844 4.20531e-16
6923.81679672 4.39836e-16
6927.20423501 4.37719e-16
6930.59167329 4.03313e-16
6933.97911157 4.23386e-16
6937.36654985 3.96538e-16
6940.75398814 3.82334e-16
6944.14142642 4.06897e-16
6947.5288647 3.94528e-16
6950.91630298 3.82977e-16
6954.30374127 4.15341e-16
6957.69117955 3.96243e-16
6961.07861783 3.63845e-16
6964.46605611 3.59379e-16
6967.8534944 3.91501e-16
6971.24093268 3.66341e-16
6974.62837096 3.80193e-16
6978.01580924 3.74267e-16
6981.40324753 3.56799e-16
6984.79068581 3.83598e-16
6988.17812409 4.06542e-16
6991.56556237 3.50693e-16
6994.95300066 3.72771e-16
6998.34043894 3.8467e-16
7001.72787722 3.96011e-16
7005.1153155 4.10651e-16
7008.50275378 4.06465e-16
7011.89019207 4.00213e-16
7015.27763035 3.75744e-16
7018.66506863 3.8617e-16
7022.05250691 4.07869e-16
7025.4399452 4.08979e-16
7028.82738348 4.02817e-16
7032.21482176 4.21571e-16
7035.60226004 3.60133e-16
7038.98969833 3.62909e-16
7042.37713661 3.60643e-16
7045.76457489 4.15246e-16
7049.15201317 4.05193e-16
7052.53945146 3.74591e-16
7055.92688974 3.7677e-16
7059.31432802 3.95071e-16
7062.7017663 4.10246e-16
7066.08920459 3.89592e-16
7069.47664287 3.91598e-16
7072.86408115 3.81489e-16
7076.25151943 3.74922e-16
7079.63895772 3.9382e-16
7083.026396 3.34489e-16
7086.41383428 3.64181e-16
7089.80127256 4.1908e-16
7093.18871085 3.70223e-16
7096.57614913 3.54993e-16
7099.96358741 3.28698e-16
7103.35102569 3.16989e-16
7106.73846398 3.49766e-16
7110.12590226 3.43857e-16
7113.51334054 3.68016e-16
7116.90077882 3.88351e-16
7120.28821711 3.6188e-16
7123.67565539 3.11417e-16
7127.06309367 3.37481e-16
7130.45053195 3.46895e-16
7133.83797024 3.6954e-16
7137.22540852 3.56809e-16
7140.6128468 2.91605e-16
7144.00028508 3.25592e-16
7147.38772337 3.23178e-16
7150.77516165 3.11055e-16
7154.16259993 3.36309e-16
7157.55003821 3.34258e-16
7160.9374765 3.11324e-16
7164.32491478 3.53594e-16
7167.71235306 3.70624e-16
7171.09979134 3.5871e-16
7174.48722963 3.49541e-16
7177.87466791 3.43301e-16
7181.26210619 3.08363e-16
7184.64954447 3.18378e-16
7188.03698276 3.61209e-16
7191.42442104 3.68896e-16
7194.81185932 3.57958e-16
7198.1992976 3.70218e-16
7201.58673589 3.91505e-16
7204.97417417 3.77728e-16
7208.36161245 3.90391e-16
7211.74905073 3.41208e-16
7215.13648902 3.31862e-16
7218.5239273 3.39063e-16
7221.91136558 3.33899e-16
7225.29880386 3.805e-16
7228.68624215 4.25401e-16
7232.07368043 3.93141e-16
7235.46111871 3.59333e-16
7238.84855699 3.40683e-16
7242.23599527 3.7968e-16
7245.62343356 3.37135e-16
7249.01087184 3.20952e-16
7252.39831012 3.64205e-16
7255.7857484 3.76205e-16
7259.17318669 3.34039e-16
7262.56062497 3.55952e-16
7265.94806325 3.8729e-16
7269.33550153 3.35348e-16
7272.72293982 3.3508e-16
7276.1103781 3.63294e-16
7279.49781638 3.25847e-16
7282.88525466 3.33983e-16
7286.27269295 3.66884e-16
7289.66013123 3.19779e-16
7293.04756951 3.56043e-16
7296.43500779 3.78035e-16
7299.82244608 3.76337e-16
7303.20988436 3.7731e-16
7306.59732264 3.55869e-16
7309.98476092 3.75604e-16
7313.37219921 3.28388e-16
7316.75963749 3.10972e-16
7320.14707577 3.23195e-16
7323.53451405 3.24284e-16
7326.92195234 3.53903e-16
7330.30939062 3.44552e-16
7333.6968289 3.16699e-16
7337.08426718 3.10025e-16
7340.47170547 3.10102e-16
7343.85914375 3.24251e-16
7347.24658203 3.51561e-16
7350.63402031 3.60277e-16
7354.0214586 3.2692e-16
7357.40889688 2.86699e-16
7360.79633516 3.04841e-16
7364.18377344 3.15903e-16
7367.57121173 2.93251e-16
7370.95865001 2.85716e-16
7374.34608829 3.19946e-16
7377.73352657 3.4418e-16
7381.12096486 3.21568e-16
7384.50840314 3.58908e-16
7387.89584142 3.5491e-16
7391.2832797 3.68154e-16
7394.67071799 3.85323e-16
7398.05815627 3.13101e-16
7401.44559455 3.53171e-16
7404.83303283 3.89605e-16
7408.22047112 3.52541e-16
7411.6079094 3.58282e-16
7414.99534768 3.58951e-16
7418.38278596 3.57808e-16
7421.77022425 3.58448e-16
7425.15766253 3.747e-16
7428.54510081 3.532e-16
7431.93253909 3.53541e-16
7435.31997738 3.3405e-16
7438.70741566 3.31063e-16
7442.09485394 3.67814e-16
7445.48229222 3.28093e-16
7448.86973051 2.77594e-16
7452.25716879 3.15704e-16
7455.64460707 3.25694e-16
7459.03204535 3.55716e-16
7462.41948363 3.63151e-16
7465.80692192 3.25659e-16
7469.1943602 3.14812e-16
7472.58179848 2.96745e-16
7475.96923676 3.19808e-16
7479.35667505 3.63663e-16
7482.74411333 3.20809e-16
7486.13155161 3.43416e-16
7489.51898989 3.57857e-16
7492.90642818 3.78671e-16
7496.29386646 3.68038e-16
7499.68130474 3.31393e-16
7503.06874302 3.52901e-16
7506.45618131 3.48798e-16
7509.84361959 3.79943e-16
7513.23105787 3.26988e-16
7516.61849615 3.21613e-16
7520.00593444 3.75851e-16
7523.39337272 3.74959e-16
7526.780811 3.44087e-16
7530.16824928 3.56085e-16
7533.55568757 4.13055e-16
7536.94312585 3.79089e-16
7540.33056413 3.94256e-16
7543.71800241 3.83872e-16
7547.1054407 3.43736e-16
7550.49287898 3.33659e-16
7553.88031726 3.7462e-16
7557.26775554 3.73602e-16
7560.65519383 3.57225e-16
7564.04263211 3.58874e-16
7567.43007039 3.56057e-16
7570.81750867 3.49609e-16
7574.20494696 3.36392e-16
7577.59238524 3.16989e-16
7580.97982352 3.21019e-16
7584.3672618 3.21593e-16
7587.75470009 3.55455e-16
7591.14213837 3.29402e-16
7594.52957665 2.69601e-16
7597.91701493 2.54676e-16
7601.30445322 2.31858e-16
7604.6918915 1.78955e-16
7608.07932978 1.37581e-16
7611.46676806 1.3266e-16
7614.85420635 1.42431e-16
7618.24164463 1.36945e-16
7621.62908291 1.69889e-16
7625.01652119 1.96558e-16
7628.40395948 2.00536e-16
7631.79139776 2.06525e-16
7635.17883604 1.92028e-16
7638.56627432 1.80267e-16
7641.95371261 1.99134e-16
7645.34115089 2.17338e-16
7648.72858917 2.18754e-16
7652.11602745 2.15025e-16
7655.50346574 2.38749e-16
7658.89090402 2.9199e-16
7662.2783423 2.80754e-16
7665.66578058 2.79209e-16
7669.05321887 2.92545e-16
7672.44065715 2.63188e-16
7675.82809543 2.85005e-16
7679.21553371 2.94859e-16
7682.602972 2.92271e-16
7685.99041028 3.17197e-16
7689.37784856 3.1724e-16
7692.76528684 3.12537e-16
7696.15272512 3.01246e-16
7699.54016341 3.023e-16
7702.92760169 3.08387e-16
7706.31503997 2.98678e-16
7709.70247825 2.79667e-16
7713.08991654 3.12606e-16
7716.47735482 3.47964e-16
7719.8647931 3.02384e-16
7723.25223138 2.96582e-16
7726.63966967 3.03001e-16
7730.02710795 2.80452e-16
7733.41454623 2.74808e-16
7736.80198451 2.92839e-16
7740.1894228 3.12591e-16
7743.57686108 3.16201e-16
7746.96429936 2.85369e-16
7750.35173764 3.14095e-16
7753.73917593 3.20889e-16
7757.12661421 3.16517e-16
7760.51405249 3.29603e-16
7763.90149077 3.18475e-16
7767.28892906 2.85378e-16
7770.67636734 2.83962e-16
7774.06380562 3.02688e-16
7777.4512439 3.28126e-16
7780.83868219 3.14286e-16
7784.22612047 2.43077e-16
7787.61355875 2.8524e-16
7791.00099703 2.96688e-16
7794.38843532 2.96183e-16
7797.7758736 2.83085e-16
7801.16331188 2.91377e-16
7804.55075016 3.28363e-16
7807.93818845 3.06403e-16
7811.32562673 2.90086e-16
7814.71306501 2.65238e-16
7818.10050329 3.04014e-16
7821.48794158 2.95242e-16
7824.87537986 2.59378e-16
7828.26281814 2.9336e-16
7831.65025642 2.80522e-16
7835.03769471 3.12692e-16
7838.42513299 2.99888e-16
7841.81257127 2.60547e-16
7845.20000955 2.79999e-16
7848.58744784 2.85102e-16
7851.97488612 3.13308e-16
7855.3623244 3.21315e-16
7858.74976268 2.93256e-16
7862.13720097 2.95097e-16
7865.52463925 2.96184e-16
7868.91207753 2.73232e-16
7872.29951581 2.75673e-16
7875.6869541 2.90486e-16
7879.07439238 2.81912e-16
7882.46183066 3.04768e-16
7885.84926894 2.93824e-16
7889.23670723 2.46536e-16
7892.62414551 2.69766e-16
7896.01158379 2.88424e-16
7899.39902207 2.66804e-16
7902.78646036 2.69892e-16
7906.17389864 3.12038e-16
7909.56133692 2.95052e-16
7912.9487752 2.58457e-16
7916.33621349 2.60774e-16
7919.72365177 2.95574e-16
7923.11109005 2.6465e-16
7926.49852833 2.40709e-16
7929.88596661 2.67402e-16
7933.2734049 2.5766e-16
7936.66084318 2.63388e-16
7940.04828146 2.537e-16
7943.43571974 2.40004e-16
7946.82315803 2.61135e-16
7950.21059631 2.7376e-16
7953.59803459 2.75161e-16
7956.98547287 2.64151e-16
7960.37291116 2.52342e-16
7963.76034944 2.49599e-16
7967.14778772 3.05239e-16
7970.535226 2.85673e-16
7973.92266429 2.84222e-16
7977.31010257 2.9551e-16
7980.69754085 2.81257e-16
7984.08497913 3.04462e-16
7987.47241742 3.1892e-16
7990.8598557 2.94059e-16
7994.24729398 3.16023e-16
7997.63473226 3.03938e-16
8001.02217055 2.60534e-16
8004.40960883 3.09733e-16
8007.79704711 3.15403e-16
8011.18448539 3.02018e-16
8014.57192368 2.61425e-16
8017.95936196 2.77818e-16
8021.34680024 2.95327e-16
8024.73423852 3.05349e-16
8028.12167681 3.24886e-16
8031.50911509 3.02189e-16
8034.89655337 2.93094e-16
8038.28399165 2.76865e-16
8041.67142994 2.66982e-16
8045.05886822 2.93255e-16
8048.4463065 2.91676e-16
8051.83374478 2.47796e-16
8055.22118307 2.49955e-16
8058.60862135 2.69878e-16
8061.99605963 2.70373e-16
8065.38349791 3.00321e-16
8068.7709362 2.73106e-16
8072.15837448 2.3229e-16
8075.54581276 2.56612e-16
8078.93325104 2.80835e-16
8082.32068933 2.62114e-16
8085.70812761 2.72899e-16
8089.09556589 2.72785e-16
8092.48300417 2.66619e-16
8095.87044246 2.71256e-16
8099.25788074 2.61985e-16
8102.64531902 2.65241e-16
8106.0327573 2.8934e-16
8109.42019559 2.51089e-16
8112.80763387 2.60956e-16
8116.19507215 2.80651e-16
8119.58251043 2.59536e-16
8122.96994872 2.7816e-16
8126.357387 2.95302e-16
8129.74482528 2.63668e-16
8133.13226356 2.59875e-16
8136.51970185 2.435e-16
8139.90714013 2.94584e-16
8143.29457841 2.91071e-16
8146.68201669 3.19632e-16
8150.06945498 3.0194e-16
8153.45689326 2.70606e-16
8156.84433154 2.86789e-16
8160.23176982 2.68771e-16
8163.6192081 2.5827e-16
8167.00664639 2.53266e-16
8170.39408467 2.88559e-16
8173.78152295 3.04438e-16
8177.16896123 3.07424e-16
8180.55639952 3.023e-16
8183.9438378 2.48202e-16
8187.33127608 2.47028e-16
8190.71871436 2.26315e-16
8194.10615265 2.82879e-16
8197.49359093 3.03719e-16
8200.88102921 2.62705e-16
8204.26846749 2.73309e-16
8207.65590578 2.91643e-16
8211.04334406 2.78071e-16
8214.43078234 2.72618e-16
8217.81822062 2.95222e-16
8221.20565891 2.84392e-16
8224.59309719 2.38021e-16
8227.98053547 2.25188e-16
8231.36797375 2.28957e-16
8234.75541204 2.16667e-16
8238.14285032 2.25162e-16
8241.5302886 2.24889e-16
8244.91772688 2.35003e-16
8248.30516517 2.54569e-16
8251.69260345 2.62851e-16
8255.08004173 2.62725e-16
8258.46748001 2.65627e-16
8261.8549183 2.78031e-16
8265.24235658 2.80783e-16
8268.62979486 2.83225e-16
8272.01723314 2.56454e-16
8275.40467143 3.00108e-16
8278.79210971 3.08012e-16
8282.17954799 2.80888e-16
8285.56698627 2.71781e-16
8288.95442456 2.01163e-16
8292.34186284 2.32327e-16
8295.72930112 2.53086e-16
8299.1167394 2.74975e-16
8302.50417769 2.30694e-16
8305.89161597 2.69499e-16
8309.27905425 2.62079e-16
8312.66649253 2.70431e-16
8316.05393082 2.50427e-16
8319.4413691 2.56002e-16
8322.82880738 2.4917e-16
8326.21624566 2.62025e-16
8329.60368395 2.611e-16
8332.99112223 2.56762e-16
8336.37856051 2.24116e-16
8339.76599879 2.07269e-16
8343.15343708 2.50134e-16
8346.54087536 2.67615e-16
8349.92831364 2.54927e-16
8353.31575192 2.36273e-16
8356.70319021 2.38572e-16
8360.09062849 2.65769e-16
8363.47806677 2.4316e-16
8366.86550505 2.24793e-16
8370.25294334 2.45839e-16
8373.64038162 2.59633e-16
8377.0278199 2.66717e-16
8380.41525818 2.55547e-16
8383.80269646 2.65285e-16
8387.19013475 2.59469e-16
8390.57757303 2.53468e-16
8393.96501131 2.84375e-16
8397.35244959 2.60185e-16
8400.73988788 2.84386e-16
8404.12732616 2.79741e-16
8407.51476444 2.53094e-16
8410.90220272 2.57953e-16
8414.28964101 2.17033e-16
8417.67707929 2.3959e-16
8421.06451757 2.88055e-16
8424.45195585 2.6762e-16
8427.83939414 2.50621e-16
8431.22683242 2.94903e-16
8434.6142707 2.58532e-16
8438.00170898 2.61686e-16
8441.38914727 2.44018e-16
8444.77658555 2.62086e-16
8448.16402383 2.65603e-16
8451.55146211 2.96886e-16
8454.9389004 2.55282e-16
8458.32633868 2.07823e-16
8461.71377696 2.47766e-16
8465.10121524 2.56396e-16
8468.48865353 2.59014e-16
8471.87609181 2.30583e-16
8475.26353009 2.641e-16
8478.65096837 2.97202e-16
8482.03840666 2.86983e-16
8485.42584494 2.53134e-16
8488.81328322 2.41172e-16
8492.2007215 2.67401e-16
8495.58815979 2.62372e-16
8498.97559807 2.49218e-16
8502.36303635 2.46183e-16
8505.75047463 2.40823e-16
8509.13791292 2.59682e-16
8512.5253512 2.42657e-16
8515.91278948 2.38183e-16
8519.30022776 2.74202e-16
8522.68766605 2.43175e-16
8526.07510433 2.23755e-16
8529.46254261 2.37093e-16
8532.84998089 2.30675e-16
8536.23741918 2.08555e-16
8539.62485746 2.23453e-16
8543.01229574 2.32563e-16
8546.39973402 2.32968e-16
8549.78717231 2.1449e-16
8553.17461059 1.96524e-16
8556.56204887 2.30378e-16
8559.94948715 2.03336e-16
8563.33692544 2.05512e-16
8566.72436372 1.9734e-16
8570.111802 1.65071e-16
8573.49924028 1.84096e-16
8576.88667857 1.67214e-16
8580.27411685 1.54212e-16
8583.66155513 1.48463e-16
8587.04899341 1.80381e-16
8590.4364317 1.87683e-16
8593.82386998 1.97829e-16
8597.21130826 1.65448e-16
8600.59874654 1.38034e-16
8603.98618483 1.64002e-16
8607.37362311 2.0017e-16
8610.76106139 1.69005e-16
8614.14849967 1.3808e-16
8617.53593795 1.4216e-16
8620.92337624 1.495e-16
8624.31081452 2.13513e-16
8627.6982528 1.93723e-16
8631.08569108 1.06215e-16
8634.47312937 1.22543e-16
8637.86056765 1.35376e-16
8641.24800593 1.34555e-16
8644.63544421 1.64887e-16
8648.0228825 1.71085e-16
8651.41032078 1.82447e-16
8654.79775906 1.52385e-16
8658.18519734 1.33272e-16
8661.57263563 1.62251e-16
8664.96007391 1.58681e-16
8668.34751219 1.81644e-16
8671.73495047 1.86953e-16
8675.12238876 1.95632e-16
8678.50982704 1.76199e-16
8681.89726532 2.15277e-16
8685.2847036 1.71588e-16
8688.67214189 1.58613e-16
8692.05958017 1.97161e-16
8695.44701845 2.05526e-16
8698.83445673 2.14977e-16
8702.22189502 2.24639e-16
8705.6093333 2.08614e-16
8708.99677158 2.20237e-16
8712.38420986 2.22104e-16
8715.77164815 2.40969e-16
8719.15908643 2.73031e-16
8722.54652471 2.50694e-16
8725.93396299 2.62534e-16
8729.32140128 2.722e-16
8732.70883956 2.74375e-16
8736.09627784 2.71742e-16
8739.48371612 2.75187e-16
8742.87115441 2.6822e-16
8746.25859269 2.72922e-16
8749.64603097 2.54205e-16
8753.03346925 2.61209e-16
8756.42090754 2.82195e-16
8759.80834582 2.64392e-16
8763.1957841 2.96024e-16
8766.58322238 2.78557e-16
8769.97066067 2.62646e-16
8773.35809895 3.13237e-16
8776.74553723 2.71915e-16
8780.13297551 2.66605e-16
8783.5204138 2.51955e-16
8786.90785208 2.51108e-16
8790.29529036 2.60851e-16
8793.68272864 2.79935e-16
8797.07016693 2.72595e-16
8800.45760521 2.5418e-16
8803.84504349 2.55956e-16
8807.23248177 2.60864e-16
8810.61992006 2.77793e-16
8814.00735834 2.60522e-16
8817.39479662 2.36729e-16
8820.7822349 2.7261e-16
8824.16967319 2.94836e-16
8827.55711147 3.18041e-16
8830.94454975 2.96572e-16
8834.33198803 2.60341e-16
8837.71942632 2.88897e-16
8841.1068646 2.71603e-16
8844.49430288 2.84472e-16
8847.88174116 2.93112e-16
8851.26917944 3.24094e-16
8854.65661773 2.8856e-16
8858.04405601 3.26319e-16
8861.43149429 3.47826e-16
8864.81893257 2.94157e-16
8868.20637086 3.01517e-16
8871.59380914 3.07082e-16
8874.98124742 3.25126e-16
8878.3686857 3.51557e-16
8881.75612399 3.57877e-16
8885.14356227 3.80329e-16
8888.53100055 3.63379e-16
8891.91843883 3.21249e-16
8895.30587712 3.19426e-16
8898.6933154 3.41254e-16
8902.08075368 3.04125e-16
8905.46819196 3.52917e-16
8908.85563025 3.62114e-16
8912.24306853 3.52152e-16
8915.63050681 3.35371e-16
8919.01794509 3.29731e-16
8922.40538338 3.33894e-16
8925.79282166 3.64599e-16
8929.18025994 3.28247e-16
8932.56769822 3.70487e-16
8935.95513651 3.07316e-16
8939.34257479 2.97802e-16
8942.73001307 3.34213e-16
8946.11745135 3.09106e-16
8949.50488964 3.04214e-16
8952.89232792 2.61634e-16
8956.2797662 3.00482e-16
8959.66720448 2.77901e-16
8963.05464277 2.65255e-16
8966.44208105 2.52498e-16
8969.82951933 2.29129e-16
8973.21695761 2.38693e-16
8976.6043959 2.40849e-16
8979.99183418 2.37884e-16
8983.37927246 2.4577e-16
8986.76671074 2.06504e-16
8990.15414903 2.12867e-16
8993.54158731 2.51273e-16
8996.92902559 2.14791e-16
9000.31646387 2.05897e-16
9003.70390216 2.19974e-16
9007.09134044 2.57514e-16
9010.47877872 2.72822e-16
9013.866217 2.41226e-16
9017.25365529 2.54338e-16
9020.64109357 2.32355e-16
9024.02853185 2.48589e-16
9027.41597013 2.12341e-16
9030.80340842 2.60873e-16
9034.1908467 2.63328e-16
9037.57828498 2.27967e-16
9040.96572326 2.02578e-16
9044.35316155 2.17299e-16
9047.74059983 2.56388e-16
9051.12803811 2.38028e-16
9054.51547639 2.34896e-16
9057.90291468 2.348e-16
9061.29035296 2.28111e-16
9064.67779124 2.3088e-16
9068.06522952 2.18861e-16
9071.4526678 2.15436e-16
9074.84010609 2.39478e-16
9078.22754437 2.1636e-16
9081.61498265 2.09097e-16
9085.00242093 2.14587e-16
9088.38985922 2.41239e-16
9091.7772975 2.50109e-16
9095.16473578 2.20859e-16
9098.55217406 2.23583e-16
9101.93961235 1.91923e-16
9105.32705063 1.63314e-16
9108.71448891 2.20444e-16
9112.10192719 2.4195e-16
9115.48936548 2.03753e-16
9118.87680376 1.83147e-16
9122.26424204 1.72709e-16
9125.65168032 1.81036e-16
9129.03911861 1.94671e-16
9132.42655689 1.84865e-16
9135.81399517 2.09299e-16
9139.20143345 2.35603e-16
9142.58887174 2.2625e-16
9145.97631002 2.18294e-16
9149.3637483 2.21659e-16
9152.75118658 2.2332e-16
9156.13862487 1.9571e-16
9159.52606315 1.93879e-16
9162.91350143 2.19667e-16
9166.30093971 2.19461e-16
9169.688378 1.84374e-16
9173.07581628 2.21909e-16
9176.46325456 2.07319e-16
9179.85069284 1.58772e-16
9183.23813113 1.78079e-16
9186.62556941 2.48853e-16
9190.01300769 2.1579e-16
9193.40044597 1.85975e-16
9196.78788426 2.27259e-16
9200.17532254 2.22992e-16
9203.56276082 2.27989e-16
9206.9501991 2.31457e-16
9210.33763739 2.30032e-16
9213.72507567 2.29403e-16
9217.11251395 1.97298e-16
9220.49995223 2.21243e-16
9223.88739052 2.01715e-16
9227.2748288 2.41038e-16
9230.66226708 2.71754e-16
9234.04970536 2.48834e-16
9237.43714365 2.65844e-16
9240.82458193 2.48945e-16
9244.21202021 2.52122e-16
9247.59945849 2.59958e-16
9250.98689678 2.96492e-16
9254.37433506 2.44502e-16
9257.76177334 2.19879e-16
9261.14921162 2.18068e-16
9264.53664991 2.02785e-16
9267.92408819 2.60282e-16
9271.31152647 2.76072e-16
9274.69896475 2.36235e-16
9278.08640304 2.39189e-16
9281.47384132 2.2281e-16
9284.8612796 2.14889e-16
9288.24871788 2.11468e-16
9291.63615617 2.04414e-16
9295.02359445 2.04354e-16
9298.41103273 2.04639e-16
9301.79847101 1.97632e-16
9305.18590929 2.08054e-16
9308.57334758 2.70521e-16
9311.96078586 2.52483e-16
9315.34822414 1.87108e-16
9318.73566242 2.0233e-16
9322.12310071 1.69876e-16
9325.51053899 1.61015e-16
9328.89797727 1.57029e-16
9332.28541555 1.32265e-16
9335.67285384 1.7202e-16
9339.06029212 1.85278e-16
9342.4477304 2.43934e-16
9345.83516868 1.84764e-16
9349.22260697 1.7778e-16
9352.61004525 1.7936e-16
9355.99748353 1.93108e-16
9359.38492181 1.60447e-16
9362.7723601 1.5962e-16
9366.15979838 2.09163e-16
9369.54723666 1.97824e-16
9372.93467494 1.5772e-16
9376.32211323 1.33695e-16
9379.70955151 1.89033e-16
9383.09698979 1.98745e-16
9386.48442807 1.96978e-16
9389.87186636 1.66479e-16
9393.25930464 1.62529e-16
9396.64674292 2.32027e-16
9400.0341812 2.41495e-16
9403.42161949 2.25167e-16
9406.80905777 1.77485e-16
9410.19649605 1.68439e-16
9413.58393433 1.95128e-16
9416.97137262 1.91677e-16
9420.3588109 2.15396e-16
9423.74624918 1.86841e-16
9427.13368746 1.97505e-16
9430.52112575 2.23402e-16
9433.90856403 1.96005e-16
9437.29600231 1.47014e-16
9440.68344059 1.91222e-16
9444.07087888 1.91787e-16
9447.45831716 1.76599e-16
9450.84575544 1.96988e-16
9454.23319372 1.3877e-16
9457.62063201 1.65235e-16
9461.00807029 1.96941e-16
9464.39550857 1.67349e-16
9467.78294685 1.97923e-16
9471.17038514 1.84141e-16
9474.55782342 1.28898e-16
9477.9452617 1.22569e-16
9481.33269998 1.35967e-16
9484.72013827 1.80855e-16
9488.10757655 1.7557e-16
9491.49501483 1.46117e-16
9494.88245311 1.60932e-16
9498.2698914 1.32783e-16
9501.65732968 1.48043e-16
9505.04476796 1.77611e-16
9508.43220624 1.46028e-16
9511.81964453 1.14482e-16
9515.20708281 1.17527e-16
9518.59452109 8.05336e-17
9521.98195937 7.1873e-17
9525.36939766 8.00908e-17
9528.75683594 1.06998e-16
