3.65213811016626550554e+03 2.60742109577055664539e-16
3.65498808672832365119e+03 3.91541449867068292900e-16
3.65783983029524461017e+03 4.49408827740990810356e-17
3.66069333800040112692e+03 3.24258790341016669223e-16
3.66354860697988351603e+03 8.50895694048403245943e-17
3.66640563437249693379e+03 2.83022239924860409936e-16
3.66926441731976683513e+03 3.10825135721838594802e-16
3.67212495296592987870e+03 1.33775215512754436340e-16
3.67498723845794393128e+03 3.02772415806783081829e-16
3.67785127094548170135e+03 2.42256536987929282765e-16
3.68071704758093255805e+03 9.55104933057555649807e-17
3.68358456551940344070e+03 1.25386149079161536499e-16
3.68645382191871794930e+03 2.63529777217863902458e-16
3.68932481393941361603e+03 2.71979342867567376103e-16
3.69219753874475009070e+03 2.56089284867212939904e-17
3.69507199350069731736e+03 1.63569398186474597495e-16
3.69794817537594735768e+03 5.18844796998856514079e-17
3.70082608154190620553e+03 3.43628914433964762074e-16
3.70370570917269651545e+03 3.70038025828594699387e-16
3.70658705544515851216e+03 1.11050624518476429886e-16
3.70947011753884908103e+03 3.53641801058043354691e-16
3.71235489263604085863e+03 2.55245422132414081666e-16
3.71524137792172405170e+03 1.98052182583602872435e-16
3.71812957058360552764e+03 1.87367438447799139537e-16
3.72101946781210881454e+03 3.16629392684433057273e-16
3.72391106680037228216e+03 3.56351365171727722591e-17
3.72680436474425550841e+03 1.97162365163467437440e-16
3.72969935884233018442e+03 1.71738872449156792437e-16
3.73259604629588557145e+03 2.34520031291815699152e-16
3.73549442430892941047e+03 2.18921600300293485199e-16
3.73839449008818610309e+03 8.54075584779462911904e-17
3.74129624084309398313e+03 4.03091479014377106749e-16
3.74419967378581077355e+03 1.63868934010949673370e-16
3.74710478613121085800e+03 2.53101471405623957156e-16
3.75001157509688255232e+03 6.24633099214272020509e-17
3.75292003790313447098e+03 2.43406839551284944123e-16
3.75583017177298825118e+03 8.48546396394384310281e-17
3.75874197393218582874e+03 1.54165105601934365011e-16
3.76165544160918398120e+03 2.48970455940114430467e-16
3.76457057203515523724e+03 4.84264099370214417766e-17
3.76748736244399242423e+03 2.04633416294988451765e-16
3.77040581007229957322e+03 1.69873260192059396135e-16
3.77332591215940192342e+03 7.73998563122463385162e-17
3.77624766594733955571e+03 1.64240251535284630631e-16
3.77917106868086921168e+03 1.16803282870419962652e-16
3.78209611760746520304e+03 1.83265620044879694943e-16
3.78502280997731850221e+03 2.03552939902245798727e-16
3.78795114304333583277e+03 1.99422256382973162345e-16
3.79088111406114057900e+03 1.18304302566818524230e-16
3.79381272028907278582e+03 1.16195186803029753080e-16
3.79674595898819097783e+03 2.44268349370405698399e-16
3.79968082742226761184e+03 2.41020163506551893980e-16
3.80261732285779544327e+03 1.94153099262234225351e-16
3.80555544256397934078e+03 3.10114937821598694740e-16
3.80849518381274447165e+03 2.48280196027855810155e-16
3.81143654387873175438e+03 2.44398808502278747952e-16
3.81437952003929785860e+03 3.20100029608535772257e-16
3.81732410957451793365e+03 1.08149757972320790103e-16
3.82027030976718015154e+03 1.92888848455944899021e-16
3.82321811790279480192e+03 2.45578174353440206826e-16
3.82616753126958337816e+03 1.13309048349220040373e-16
3.82911854715848949127e+03 2.39801447089665921550e-16
3.83207116286316795595e+03 2.81741842065143021672e-16
3.83502537567999479506e+03 2.06139999878939317903e-16
3.83798118290805996367e+03 2.95169089000620555835e-16
3.84093858184917098697e+03 1.73951803707383680054e-16
3.84389756980785205087e+03 2.03458181097952423640e-16
3.84685814409134491143e+03 1.56347046439221433268e-16
3.84982030200960616639e+03 3.06357918798907445828e-16
3.85278404087530907418e+03 3.55035028978608887043e-16
3.85574935800384810136e+03 3.37945453296531916173e-16
3.85871625071332709922e+03 2.40866015714566463261e-16
3.86168471632457203668e+03 1.21783996119588768351e-16
3.86465475216112463386e+03 2.58825066442942763561e-16
3.86762635554924145254e+03 2.39924515351975080087e-16
3.87059952381789753417e+03 2.30141770986008590497e-16
3.87357425429878367140e+03 2.80756080133536072846e-16
3.87655054432630822703e+03 3.14662279012827601223e-16
3.87952839123759440554e+03 2.23563483307795284843e-16
3.88250779237248389109e+03 2.35316593071891732076e-16
3.88548874507353593799e+03 2.34580130901080839721e-16
3.88847124668602282327e+03 2.48474410814841168720e-16
3.89145529455793712259e+03 2.55195154033377099518e-16
3.89444088603998625331e+03 2.41050210997231713229e-16
3.89742801848559520295e+03 1.32604050342007056759e-16
3.90041668925090561970e+03 2.38364065517039158494e-16
3.90340689569477308396e+03 2.04527933537988227702e-16
3.90639863517877529375e+03 2.03501299058673301075e-16
3.90939190506720206031e+03 1.72982989003112314388e-16
3.91238670272706167452e+03 2.97743744961101316710e-16
3.91538302552807908796e+03 2.77596147093719592363e-16
3.91838087084269500338e+03 2.30172787863598506469e-16
3.92138023604606769368e+03 1.68756540182519794560e-16
3.92438111851607209246e+03 2.14071420802321619816e-16
3.92738351563330070348e+03 2.61501006863208575938e-16
3.93038742478106087219e+03 1.12710695978190736520e-16
3.93339284334537660470e+03 2.55241565911426614853e-16
3.93639976871498947730e+03 1.64487186983624963583e-16
3.93940819828135954594e+03 1.35804673324732362716e-16
3.94241812943865988927e+03 2.62168240957063799185e-16
3.94542955958378297510e+03 2.65926068806953816749e-16
3.94844248611633702239e+03 1.82836220738870438762e-16
3.95145690643864600133e+03 1.20070247234716482078e-16
3.95447281795575327124e+03 2.29304672144487502642e-16
3.95749021807541521412e+03 1.74703159396604269340e-16
3.96050910420810851065e+03 2.78962563959095849036e-16
3.96352947376702468318e+03 2.13790899025038898589e-16
3.96655132416807191476e+03 2.03238972013927637913e-16
3.96957465282987413957e+03 1.91789162724262243814e-16
3.97259945717377468100e+03 2.21324445435951804686e-16
3.97562573462383079459e+03 2.46035867776258551568e-16
3.97865348260681912507e+03 2.49674296162598883571e-16
3.98168269855222933984e+03 2.11475964257714180861e-16
3.98471337989227322396e+03 3.08068159632816833208e-16
3.98774552406187285669e+03 1.16482586939227279108e-16
3.99077912849867152545e+03 1.47157330686960805084e-16
3.99381419064302826882e+03 2.65184979458175267974e-16
3.99685070793801605760e+03 2.97878211512140251082e-16
3.99988867782942998019e+03 2.38842559481022545248e-16
4.00292809776577723824e+03 2.59078676788435189599e-16
4.00596896519828260352e+03 2.18029728520731224599e-16
4.00901127758088841802e+03 1.18118495192539410336e-16
4.01205503237025459384e+03 2.73088351511571551324e-16
4.01510022702575497533e+03 1.99644636832132365791e-16
4.01814685900948279595e+03 2.73264528476174547005e-16
4.02119492578624613088e+03 2.58380040235669545345e-16
4.02424442482356971595e+03 2.08115684641424809291e-16
4.02729535359169858566e+03 3.04561270742417735975e-16
4.03034770956358806870e+03 1.65306152618364876705e-16
4.03340149021491561143e+03 1.82492918131846351642e-16
4.03645669302407259238e+03 3.04800333014593721582e-16
4.03951331547216886975e+03 2.69784312225974600483e-16
4.04257135504303005291e+03 2.19466511120255289209e-16
4.04563080922319750243e+03 2.18059992462736738877e-16
4.04869167550193105853e+03 2.10340207971528510280e-16
4.05175395137120540312e+03 2.53038205837115816240e-16
4.05481763432571369776e+03 2.56441514369855793983e-16
4.05788272186286485521e+03 1.63936437922942334141e-16
4.06094921148278444889e+03 2.15675972019593812553e-16
4.06401710068831471290e+03 2.85290618861902073256e-16
4.06708638698501454201e+03 2.15056374810109593518e-16
4.07015706788116131065e+03 1.41107330744070321591e-16
4.07322914088774541597e+03 2.13550889523070475449e-16
4.07630260351847755373e+03 2.60540463067138536477e-16
4.07937745328978144244e+03 3.10643812658981513564e-16
4.08245368772080200870e+03 2.84119012162088029541e-16
4.08553130433339720184e+03 3.17156116672547150856e-16
4.08861030065214345086e+03 2.98247924345103496759e-16
4.09169067420433384541e+03 2.86483753207783297674e-16
4.09477242251997540734e+03 2.95486692739548657150e-16
4.09785554313179727615e+03 3.34656608686670560084e-16
4.10094003357523979503e+03 3.43346222109457978580e-16
4.10402589138846269634e+03 2.81459663100923820842e-16
4.10711311411234328261e+03 2.21429238278503058117e-16
4.11020169929047278856e+03 2.32915243871727612318e-16
4.11329164446916092857e+03 3.05260627570527803299e-16
4.11638294719743498717e+03 2.90195150778810617784e-16
4.11947560502703618113e+03 2.83778705648999549523e-16
4.12256961551242511632e+03 2.91835943182771504508e-16
4.12566497621077633084e+03 2.20370233722839570067e-16
4.12876168468198466144e+03 2.82197917239250666347e-16
4.13185973848865796754e+03 3.08842178550755189902e-16
4.13495913519612440723e+03 2.54455580913529380699e-16
4.13805987237242607080e+03 3.39782084469469239570e-16
4.14116194758832079970e+03 2.23613994898014454281e-16
4.14426535841728673404e+03 2.45053464129877867803e-16
4.14737010243551685562e+03 2.80035928943898366032e-16
4.15047617722191989742e+03 2.73201488228606782779e-16
4.15358358035812398157e+03 2.52258454202670735118e-16
4.15669230942846934340e+03 3.00959743099928432928e-16
4.15980236202001924539e+03 2.39945687855741875379e-16
4.16291373572254633473e+03 2.65153598861372538558e-16
4.16602642812854628573e+03 2.70525013204399432420e-16
4.16914043683322779543e+03 3.52697570610959938054e-16
4.17225575943451713101e+03 2.75518670387332559347e-16
4.17537239353305903933e+03 2.22737472154496187703e-16
4.17849033673221128993e+03 2.37740530703445015500e-16
4.18160958663805286051e+03 2.90280247568275822874e-16
4.18473014085937393247e+03 2.51383070840163235592e-16
4.18785199700768680486e+03 2.53608257988648854869e-16
4.19097515269721679942e+03 2.42297601510688405325e-16
4.19409960554490862705e+03 2.44459693851633376249e-16
4.19722535317042093084e+03 2.35059530448801165360e-16
4.20035239319613083353e+03 3.05394500928363754833e-16
4.20348072324713120906e+03 2.52732891750939581362e-16
4.20661034095123250154e+03 2.49750563029473690129e-16
4.20974124393896272522e+03 3.17011021423616463647e-16
4.21287342984356291709e+03 2.73354374224162937543e-16
4.21600689630099441274e+03 2.65228174796190198156e-16
4.21914164094993338949e+03 2.64332697282688596687e-16
4.22227766143177450431e+03 3.16027272622376167544e-16
4.22541495539062816533e+03 2.58223107816333879502e-16
4.22855352047331871290e+03 3.17599094797657117567e-16
4.23169335432939169550e+03 2.80015777138892691940e-16
4.23483445461110750330e+03 2.23010958842005758398e-16
4.23797681897344227764e+03 2.46643000511667166497e-16
4.24112044507408973004e+03 2.72904602660144746012e-16
4.24426533057346023270e+03 2.47678493699403830692e-16
4.24741147313468081848e+03 2.77013174182703281211e-16
4.25055887042359427141e+03 1.88828345294900938017e-16
4.25370752010876276472e+03 3.14001006168225140897e-16
4.25685741986146240379e+03 2.28020487815547336574e-16
4.26000856735568595468e+03 2.54746322103806511726e-16
4.26316096026814557263e+03 2.59215392162647125468e-16
4.26631459627826734504e+03 3.13382946466294949640e-16
4.26946947306819492951e+03 2.11606985688589512010e-16
4.27262558832278955379e+03 2.02421128655668025327e-16
4.27578293972962819680e+03 2.63540192974746455756e-16
4.27894152497900358867e+03 2.66632686119156192667e-16
4.28210134176392784866e+03 3.19943602012023926940e-16
4.28526238778012793773e+03 2.52831368184177395301e-16
4.28842466072604656802e+03 2.65770731185836611907e-16
4.29158815830284493131e+03 2.25913327115316761229e-16
4.29475287821440178959e+03 2.70426995957489180034e-16
4.29791881816730892751e+03 2.60490928441944835830e-16
4.30108597587087751890e+03 2.44308740315604315509e-16
4.30425434903713630774e+03 2.43324888618017047680e-16
4.30742393538082797022e+03 2.25682151429127590561e-16
4.31059473261941366218e+03 2.08088669846619247782e-16
4.31376673847307029064e+03 2.38440835564750731240e-16
4.31693995066469324229e+03 2.68562430925534188699e-16
4.32011436691989274550e+03 2.68035646154128755904e-16
4.32328998496699477982e+03 2.41387623957982189300e-16
4.32646680253704653296e+03 2.77281899091878062160e-16
4.32964481736380639632e+03 2.41517283762487691700e-16
4.33282402718375124095e+03 2.84249176229257626773e-16
4.33600442973607823660e+03 2.86539104915318820170e-16
4.33918602276269666618e+03 2.63789224534049331624e-16
4.34236880400823429227e+03 1.75237990467642937901e-16
4.34555277122003462864e+03 2.41097017327307409891e-16
4.34873792214816057822e+03 2.14689447679218099095e-16
4.35192425454538715712e+03 2.66833121646248204235e-16
4.35511176616721149912e+03 2.14971166263458023752e-16
4.35830045477184285119e+03 2.59930417062163944452e-16
4.36149031812020984944e+03 2.33633255065723569276e-16
4.36468135397595597169e+03 2.44711357815708483289e-16
4.36787356010544226592e+03 2.22701110815707071622e-16
4.37106693427774825977e+03 1.88648566592292619357e-16
4.37426147426466741308e+03 2.08788025952317442635e-16
4.37745717784070984635e+03 2.18178746098302793655e-16
4.38065404278310415975e+03 2.19939054612662198637e-16
4.38385206687179652363e+03 2.48148301432727164079e-16
4.38705124788944522152e+03 2.36734264161067454689e-16
4.39025158362143065460e+03 2.89063635408449244213e-16
4.39345307185584715626e+03 1.85980620144713997394e-16
4.39665571038350390154e+03 2.51100987249636993399e-16
4.39985949699793127365e+03 2.21746418191185166829e-16
4.40306442949537267850e+03 2.73112589427471715924e-16
4.40627050567478909215e+03 1.70393199608203390812e-16
4.40947772333786087984e+03 2.06862741685466008160e-16
4.41268608028898051998e+03 2.19677610146913992321e-16
4.41589557433525897068e+03 2.30222067307316182288e-16
4.41910620328652657918e+03 1.92520141191928664846e-16
4.42231796495532671543e+03 2.04968792771843022123e-16
4.42553085715692122903e+03 2.21091250233991262090e-16
4.42874487770928772079e+03 2.78519717514168670820e-16
4.43196002443312227115e+03 2.72426644698756289729e-16
4.43517629515183671174e+03 2.54314303972675168625e-16
4.43839368769155680639e+03 2.26224007340135685023e-16
4.44161219988112861756e+03 2.28375438175521372316e-16
4.44483182955211486842e+03 2.54536578410439817999e-16
4.44805257453879312379e+03 1.86857241048959436228e-16
4.45127443267815851868e+03 1.96223482015659791933e-16
4.45449740180992193928e+03 2.72456779809007093288e-16
4.45772147977651366091e+03 3.21939513879973758092e-16
4.46094666442307607213e+03 3.56665079645554080389e-16
4.46417295359747276962e+03 3.28390054902938443221e-16
4.46740034515028219175e+03 2.82680548566027815619e-16
4.47062883693479852809e+03 2.73941063100487504304e-16
4.47385842680703353835e+03 2.49998977870852096710e-16
4.47708911262571655243e+03 2.77428136792987302559e-16
4.48032089225229265139e+03 2.70536601208560815909e-16
4.48355376355092266749e+03 2.82299422995094850385e-16
4.48678772438848682214e+03 2.55813162945702843848e-16
4.49002277263457926892e+03 2.61309009880149527062e-16
4.49325890616151173163e+03 2.36565922861969478033e-16
4.49649612284431350417e+03 2.67751859158215129180e-16
4.49973442056072963169e+03 2.27090680311859330518e-16
4.50297379719122181996e+03 2.37771809969884777097e-16
4.50621425061896843545e+03 1.98181825337336116605e-16
4.50945577872986632428e+03 2.09371789531634926087e-16
4.51269837941252626479e+03 2.56289274225913475159e-16
4.51594205055827751494e+03 2.54738999835323714618e-16
4.51918679006116508390e+03 2.59702138445838919553e-16
4.52243259581795155100e+03 2.44878262376429144386e-16
4.52567946572811524675e+03 2.14810186970943925394e-16
4.52892739769385207182e+03 2.72855481386699423949e-16
4.53217638962007458758e+03 2.32514627704643890580e-16
4.53542643941441019706e+03 2.34181361542482203309e-16
4.53867754498720569245e+03 2.02528097925407720530e-16
4.54192970425152361713e+03 2.14134707997089710685e-16
4.54518291512314135616e+03 2.33150495200688050021e-16
4.54843717552055568376e+03 2.15326345589814444548e-16
4.55169248336497912533e+03 2.27992137476656267443e-16
4.55494883658033995744e+03 2.34878789690043734768e-16
4.55820623309328402684e+03 2.29747051390970059467e-16
4.56146467083317475044e+03 2.42931983621603197501e-16
4.56472414773208856786e+03 2.54355388160189356983e-16
4.56798466172482403636e+03 2.58783807601308023263e-16
4.57124621074889182637e+03 2.15683838470139721768e-16
4.57450879274452290701e+03 2.49761184525468486221e-16
4.57777240565466036060e+03 2.02850243370785701211e-16
4.58103704742496938707e+03 2.30277776067655514453e-16
4.58430271600382639008e+03 2.75629306619949713127e-16
4.58756940934233080043e+03 2.17276472626746697349e-16
4.59083712539429143362e+03 2.45247611591585723139e-16
4.59410586211624013231e+03 2.36555696406363598920e-16
4.59737561746742176183e+03 2.37591204046717813410e-16
4.60064638940979966719e+03 2.62361123006721087357e-16
4.60391817590805203508e+03 1.98485400160061984679e-16
4.60719097492957553186e+03 2.19519844252444190718e-16
4.61046478444448257505e+03 2.07634563158667720956e-16
4.61373960242560315237e+03 2.22800456804342081793e-16
4.61701542684848300269e+03 2.51207164397785666822e-16
4.62029225569138452556e+03 2.65391108389711897876e-16
4.62357008693528769072e+03 2.94148692231399711025e-16
4.62684891856388821907e+03 2.52851290838135741997e-16
4.63012874856359849218e+03 2.58642393834971620929e-16
4.63340957492354937131e+03 2.62593390882085454038e-16
4.63669139563558564987e+03 3.17148952615794355605e-16
4.63997420869427060097e+03 2.80674021244057608316e-16
4.64325801209688415838e+03 2.70842800742603499881e-16
4.64654280384342291654e+03 3.20990330269791618082e-16
4.64982858193659831159e+03 2.45558708408089713717e-16
4.65311534438184116880e+03 2.56285853276918908566e-16
4.65640308918729806464e+03 2.34340224290662670269e-16
4.65969181436383132677e+03 2.57367583833690519988e-16
4.66298151792502085300e+03 2.85110877607529336194e-16
4.66627219788716229232e+03 2.63987780052743419169e-16
4.66956385226926977339e+03 2.15527327640197357621e-16
4.67285647909307317605e+03 3.08498300465613754312e-16
4.67615007638301722181e+03 3.12861958844977089808e-16
4.67944464216626693087e+03 2.88980153772845200767e-16
4.68274017447270125558e+03 3.05736514799677105988e-16
4.68603667133491671848e+03 2.99814827288092932633e-16
4.68933413078822650277e+03 2.47113919754083874131e-16
4.69263255087066045235e+03 2.81722886424370448958e-16
4.69593192962296598125e+03 2.67722576417360755099e-16
4.69923226508860443573e+03 2.76798708593628556956e-16
4.70253355531375837018e+03 2.75442014389707352254e-16
4.70583579834732245217e+03 2.48015623382376257869e-16
4.70913899224090982898e+03 3.22977777322893903245e-16
4.71244313504885121802e+03 3.24018838146388829064e-16
4.71574822482819399738e+03 3.25457921206379587901e-16
4.71905425963870038686e+03 2.51760052573803669860e-16
4.72236123754285108589e+03 2.94723409213536257710e-16
4.72566915660584254510e+03 2.90600066132820497487e-16
4.72897801489558787580e+03 2.96814118895982292982e-16
4.73228781048271866894e+03 3.05493667106277984403e-16
4.73559854144058044767e+03 2.53049259953406596306e-16
4.73891020584523630532e+03 2.81885594091364751510e-16
4.74222280177546781488e+03 2.44351370072776181823e-16
4.74553632731276957202e+03 2.70500847239428448210e-16
4.74885078054135829007e+03 2.87263415615956827995e-16
4.75216615954816188605e+03 2.84801219741245922238e-16
4.75548246242282857565e+03 3.04246290831912092840e-16
4.75879968725772141624e+03 2.57157295179501024912e-16
4.76211783214792012586e+03 2.62659345904401843605e-16
4.76543689519122199272e+03 2.95114819067858926562e-16
4.76875687448814187519e+03 2.90998910229160438911e-16
4.77207776814190947334e+03 2.85576802766729384835e-16
4.77539957425847114791e+03 2.52352223569334574960e-16
4.77872229094649082981e+03 2.46869967129883780795e-16
4.78204591631735002011e+03 2.67541446134312503677e-16
4.78537044848514506157e+03 2.72102780301712836176e-16
4.78869588556668986712e+03 2.65674252637697307387e-16
4.79202222568151410087e+03 2.68530248238942134103e-16
4.79534946695186681609e+03 2.57823908340451721246e-16
4.79867760750271099823e+03 2.38668843177681908379e-16
4.80200664546172629343e+03 2.59479149101649523220e-16
4.80533657895931082749e+03 2.56789496870603943877e-16
4.80866740612857847736e+03 2.30240469778247782064e-16
4.81199912510536069021e+03 2.53856931937357095369e-16
4.81533173402820284537e+03 2.44810421625138663203e-16
4.81866523103837062081e+03 2.60465133986279676245e-16
4.82199961427984362672e+03 2.72428189632006151639e-16
4.82533488189931995294e+03 2.42167881499964023481e-16
4.82867103204621344048e+03 2.94273722039143926602e-16
4.83200806287265550054e+03 2.42900480301950242644e-16
4.83534597253349238599e+03 2.64450754258111669438e-16
4.83868475918628882937e+03 2.40407461507277329766e-16
4.84202442099132531439e+03 2.17288827825636004017e-16
4.84536495611159989494e+03 2.52173932544065814983e-16
4.84870636271282637608e+03 2.42470609464336241723e-16
4.85204863896343613305e+03 2.54008375578775666155e-16
4.85539178303457538277e+03 2.30976317752948328774e-16
4.85873579310010973131e+03 2.18523293822558634799e-16
4.86208066733662053593e+03 2.41778114752657692565e-16
4.86542640392340399558e+03 2.44032443167944056548e-16
4.86877300104247478885e+03 2.54875360126269523007e-16
4.87212045687856516452e+03 2.10200746035983917444e-16
4.87546876961912130355e+03 2.61777878699326359266e-16
4.87881793745430786657e+03 2.69392169268697619786e-16
4.88216795857700617489e+03 2.65671177436582210570e-16
4.88551883118281421048e+03 2.37349323891084198093e-16
4.88887055347004661598e+03 2.19403386489645719542e-16
4.89222312363973378524e+03 2.26807783909864916818e-16
4.89557653989562368224e+03 3.01874030860268916458e-16
4.89893080044418093166e+03 2.59853986722257688857e-16
4.90228590349458681885e+03 2.59518301328282744796e-16
4.90564184725873928983e+03 2.01057943280820251013e-16
4.90899862995125386078e+03 2.27835873347792536434e-16
4.91235624978945907060e+03 2.44774987032422982885e-16
4.91571470499340557581e+03 2.60064815027144211044e-16
4.91907399378585705563e+03 2.64387175076759921676e-16
4.92243411439229475945e+03 2.55217019579762779168e-16
4.92579506504091568786e+03 2.51459872826830813021e-16
4.92915684396263623057e+03 2.82245013525307182032e-16
4.93251944939108761901e+03 2.86255453999383506432e-16
4.93588287956261683576e+03 2.31133020788166923914e-16
4.93924713271628934308e+03 3.02044793234513465394e-16
4.94261220709388544492e+03 2.99184208128206861371e-16
4.94597810093990574387e+03 2.55424112601595735570e-16
4.94934481250156295573e+03 2.57359570432691620049e-16
4.95271234002878918545e+03 2.43942408647332549738e-16
4.95608068177423228917e+03 2.65148494594656696231e-16
4.95944983599325860268e+03 2.45283919474502524877e-16
4.96281980094394839398e+03 2.68249739340861174632e-16
4.96619057488709950121e+03 2.63465438490417137150e-16
4.96956215608622824220e+03 2.75610288686207681176e-16
4.97293454280756486696e+03 2.46261156688060447096e-16
4.97630773332005810516e+03 2.94132493711510543204e-16
4.97968172589537425665e+03 2.76549755430801596539e-16
4.98305651880789355346e+03 2.79875189324757944379e-16
4.98643211033471470728e+03 3.35752106240905763182e-16
4.98980849875565309048e+03 4.19386782439080595748e-16
4.99318568235324073612e+03 4.32721061869140750247e-16
4.99656365941272451892e+03 4.48540966645228396244e-16
4.99994242822207161225e+03 3.80477937309900790553e-16
5.00332198707196221221e+03 3.76452562783971353703e-16
5.00670233425579681352e+03 3.41528969048172203603e-16
5.01008346806968802412e+03 3.24681500814023209859e-16
5.01346538681246966007e+03 3.20998795882139969748e-16
5.01684808878568946966e+03 3.14387804864809620615e-16
5.02023157229361368081e+03 2.92262995120579059044e-16
5.02361583564322245365e+03 3.06643730096782492753e-16
5.02700087714421624696e+03 2.80544059177459395973e-16
5.03038669510900854220e+03 3.26159616786446644579e-16
5.03377328785273311951e+03 2.79536097341298506313e-16
5.03716065369323860068e+03 2.90223867869005026177e-16
5.04054879095108935871e+03 2.66663031297693174259e-16
5.04393769794956733676e+03 2.81374791249677651552e-16
5.04732737301467204816e+03 2.79107282532410754158e-16
5.05071781447511875740e+03 2.76680891770856632865e-16
5.05410902066234029917e+03 2.86934957517895462580e-16
5.05750098991048344033e+03 3.09084133570583527261e-16
5.06089372055641615589e+03 2.73350299132678387349e-16
5.06428721093971853406e+03 2.81760053727215830665e-16
5.06768145940269187122e+03 2.92444516749710103850e-16
5.07107646429034866742e+03 2.58564515438382903296e-16
5.07447222395042444987e+03 2.88512648379148890425e-16
5.07786873673336594948e+03 2.75745549162158431787e-16
5.08126600099233928631e+03 2.57555667586578696555e-16
5.08466401508322633163e+03 2.86636885564639941133e-16
5.08806277736462743633e+03 2.76536518129310719354e-16
5.09146228619785779301e+03 2.94141744015292211283e-16
5.09486253994694925495e+03 2.98194676763362047391e-16
5.09826353697865124559e+03 2.94037781120552704505e-16
5.10166527566242893954e+03 2.91438850841339352894e-16
5.10506775437046599109e+03 2.64750987518434478770e-16
5.10847097147766089620e+03 2.94657837898332439168e-16
5.11187492536162881152e+03 2.77715297569432838078e-16
5.11527961440270337334e+03 2.85115744502781872051e-16
5.11868503698393396917e+03 2.47184048192757842833e-16
5.12209119149108482816e+03 2.34775261153450087241e-16
5.12549807631263956864e+03 2.27009482659112021198e-16
5.12890568983979846962e+03 2.74097006263591140026e-16
5.13231403046647574229e+03 2.90076952676785186867e-16
5.13572309658930498699e+03 2.50430011882107988409e-16
5.13913288660763464577e+03 2.58123155877941706983e-16
5.14254339892353254982e+03 2.53246481033766881191e-16
5.14595463194177864352e+03 2.49152178442475412730e-16
5.14936658406987498893e+03 2.69484308332457506506e-16
5.15277925371803758026e+03 2.61749184674251241028e-16
5.15619263929919634393e+03 2.70744545079073107383e-16
5.15960673922900423349e+03 2.81660819696975576074e-16
5.16302155192582449672e+03 2.68507910690560386076e-16
5.16643707581074158952e+03 2.53393893576575290799e-16
5.16985330930755480949e+03 2.74734045056630836073e-16
5.17327025084278011491e+03 2.77590999147398007309e-16
5.17668789884565103421e+03 2.72860398091363747748e-16
5.18010625174811502802e+03 2.36732212241254263111e-16
5.18352530798484167462e+03 2.45152537871885287638e-16
5.18694506599321175599e+03 2.58148405127927507391e-16
5.19036552421332453378e+03 2.16160371913261384045e-16
5.19378668108799774927e+03 2.20532830445938720494e-16
5.19720853506276489497e+03 2.10929017090809700773e-16
5.20063108458587339555e+03 2.55794604439674189814e-16
5.20405432810829097434e+03 2.46213750553340246572e-16
5.20747826408370110585e+03 2.11630678975980867125e-16
5.21090289096850301576e+03 1.99864248865406166219e-16
5.21432820722181259043e+03 2.52611615588575907402e-16
5.21775421130546419590e+03 2.34931891070107033128e-16
5.22118090168400703988e+03 2.37297616375508229190e-16
5.22460827682470790023e+03 2.27951208065974287168e-16
5.22803633519754930603e+03 2.45809162589193048889e-16
5.23146507527523135650e+03 2.58519192946005345888e-16
5.23489449553317172104e+03 2.34145986055897225734e-16
5.23832459444950291072e+03 2.19195115571332519554e-16
5.24175537050507409731e+03 2.25659412475351064677e-16
5.24518682218345293222e+03 2.20531908547467414918e-16
5.24861894797092281806e+03 2.24588877587355766554e-16
5.25205174635648381809e+03 2.24916907128358633601e-16
5.25548521583185083728e+03 2.49222365050996310643e-16
5.25891935489145907923e+03 2.46453138995425147190e-16
5.26235416203245949873e+03 2.07634462829472040299e-16
5.26578963575471607328e+03 2.35081468612722718796e-16
5.26922577456081489800e+03 2.49000705055310562795e-16
5.27266257695605418121e+03 2.10521351156983088852e-16
5.27610004144845242990e+03 2.72407355299596164224e-16
5.27953816654874208325e+03 2.40046583762445463566e-16
5.28297695077037315059e+03 2.22745635948723634353e-16
5.28641639262951412093e+03 2.50131373067224254404e-16
5.28985649064504559647e+03 2.36669135023719091018e-16
5.29329724333857120655e+03 2.29518555440735694409e-16
5.29673864923440578423e+03 2.16881719224767921086e-16
5.30018070685958446120e+03 2.07045847632061690629e-16
5.30362341474385539186e+03 2.30641922799661323869e-16
5.30706677141968793876e+03 2.66757294883582287772e-16
5.31051077542226448713e+03 2.56595339657041557195e-16
5.31395542528948590189e+03 2.58443707777156603526e-16
5.31740071956196879910e+03 2.53547477006079454048e-16
5.32084665678304736502e+03 2.53510559895008282757e-16
5.32429323549877244659e+03 2.28814121764711192844e-16
5.32774045425791064190e+03 2.34865590059476132026e-16
5.33118831161194520973e+03 2.75798671301431075973e-16
5.33463680611507788853e+03 2.48489072504721520034e-16
5.33808593632422525843e+03 2.77782104710301694328e-16
5.34153570079902146972e+03 2.87728649301955217452e-16
5.34498609810181642388e+03 2.49186215916562944537e-16
5.34843712679767850204e+03 2.47711403832832248539e-16
5.35188878545439092704e+03 2.44141906182630500764e-16
5.35534107264245358238e+03 2.26185973866127295295e-16
5.35879398693508574070e+03 2.59598064797620122249e-16
5.36224752690821969736e+03 2.39089822327565742837e-16
5.36570169114050804637e+03 2.51854483830989855873e-16
5.36915647821331640444e+03 2.36246254923282120194e-16
5.37261188671072886791e+03 2.33039341111807944676e-16
5.37606791521954801283e+03 2.59046922751175630226e-16
5.37952456232928943791e+03 2.48871073295302194384e-16
5.38298182663218813104e+03 2.53671108808012915515e-16
5.38643970672319483128e+03 2.46912878329109453786e-16
5.38989820119997693837e+03 2.56046753493322294562e-16
5.39335730866291942220e+03 2.55577404522311419590e-16
5.39681702771512209438e+03 2.41421724846535365684e-16
5.40027735696240233665e+03 2.46900371192140120119e-16
5.40373829501329510094e+03 2.36629520942980659307e-16
5.40719984047905199986e+03 2.59599511362462778697e-16
5.41066199197363948770e+03 2.67503085794421482016e-16
5.41412474811374340788e+03 2.50534513415812760589e-16
5.41758810751876262657e+03 2.49958956527779582523e-16
5.42105206881081721804e+03 2.70823318377891278666e-16
5.42451663061473936978e+03 2.70903966308343067803e-16
5.42798179155808156793e+03 2.78520389726039470693e-16
5.43144755027111114032e+03 2.40852627277654701562e-16
5.43491390538681207545e+03 2.50998063067574564544e-16
5.43838085554088684148e+03 2.83349252336977156580e-16
5.44184839937175274827e+03 2.70404961357228245707e-16
5.44531653552054376632e+03 2.95446386884844893732e-16
5.44878526263111143635e+03 2.63292507165872418765e-16
5.45225457935002395971e+03 2.76304405321698531080e-16
5.45572448432656528894e+03 3.03187665812407642524e-16
5.45919497621273785626e+03 3.05334962402458352305e-16
5.46266605366325802606e+03 2.73943517410167604526e-16
5.46613771533556155191e+03 2.35012949695789210487e-16
5.46960995988979902904e+03 2.83652163461002571608e-16
5.47308278598884044186e+03 2.88136005854232342756e-16
5.47655619229826788796e+03 2.85193559988701939630e-16
5.48003017748638376361e+03 2.71502396657701396983e-16
5.48350474022420621623e+03 2.55808617190418550586e-16
5.48697987918547096342e+03 2.58637851241516580363e-16
5.49045559304662765499e+03 2.41619273162374013309e-16
5.49393188048684623936e+03 2.67974513259620661421e-16
5.49740874018801059719e+03 2.86943767198518608557e-16
5.50088617083472308877e+03 2.68422136415062035988e-16
5.50436417111430000659e+03 2.75175834817440406223e-16
5.50784273971677794179e+03 2.63931279176596746862e-16
5.51132187533490832720e+03 2.74242933983665983602e-16
5.51480157666415925632e+03 2.83556167383090484971e-16
5.51828184240271548333e+03 2.61002506936974680999e-16
5.52176267125147842307e+03 2.29939327890275786415e-16
5.52524406191406706057e+03 2.16004554406320048740e-16
5.52872601309681704151e+03 2.04357831537245853208e-16
5.53220852350877794379e+03 2.62520343630113910404e-16
5.53569159186172055342e+03 2.47591054133535448884e-16
5.53917521687012867915e+03 2.65542110529300755699e-16
5.54265939725120369985e+03 2.71368514369015583932e-16
5.54614413172486456460e+03 2.89851072572729840292e-16
5.54962941901374688314e+03 2.68956591846768796555e-16
5.55311525784320292587e+03 2.47171144633631175730e-16
5.55660164694129980489e+03 2.38760744470120130649e-16
5.56008858503882311197e+03 2.58329712186540352207e-16
5.56357607086927509954e+03 2.70903254232629519461e-16
5.56706410316887468070e+03 2.47481224370640366738e-16
5.57055268067655742925e+03 2.46400341338467504427e-16
5.57404180213397376065e+03 2.29810711086538407311e-16
5.57753146628549347952e+03 2.51327926881280380152e-16
5.58102167187820214167e+03 2.42564772172158794957e-16
5.58451241766190105409e+03 2.10087816486235345238e-16
5.58800370238910909393e+03 2.31749968020742195051e-16
5.59149552481506179902e+03 2.61294797003067501302e-16
5.59498788369771136786e+03 2.55895550287511489138e-16
5.59848077779772665963e+03 2.79884391922017413744e-16
5.60197420587849228468e+03 2.41466281834774982566e-16
5.60546816670611224254e+03 2.96566145902858759753e-16
5.60896265904940355540e+03 2.75185020853697383088e-16
5.61245768167990263464e+03 2.31072901969840896917e-16
5.61595323337186073331e+03 2.44823196101205814111e-16
5.61944931290224940312e+03 2.50360753157482681070e-16
5.62294591905075048999e+03 2.34466571194233911762e-16
5.62644305059976977645e+03 2.35740868807741908617e-16
5.62994070633442333929e+03 2.60883489542411345304e-16
5.63343888504254937288e+03 2.58614609064072578481e-16
5.63693758551469818485e+03 2.38712725298785889878e-16
5.64043680654414038145e+03 2.42989650148335032206e-16
5.64393654692686050112e+03 2.26763074331274622726e-16
5.64743680546156156197e+03 2.19267754117559701948e-16
5.65093758094966233330e+03 2.70910945791572492044e-16
5.65443887219529824506e+03 2.48858652567001813171e-16
5.65794067800532229739e+03 2.37978583057448294838e-16
5.66144299718930506060e+03 2.45165286672144229534e-16
5.66494582855953012768e+03 2.33888237228006047250e-16
5.66844917093100048078e+03 2.39825476615468134523e-16
5.67195302312143667223e+03 2.27257284835140460547e-16
5.67545738395127318654e+03 2.31006175578448656361e-16
5.67896225224366298789e+03 2.24345496681752999655e-16
5.68246762682447570114e+03 2.50228405185417137693e-16
5.68597350652229761181e+03 2.50103689866245317953e-16
5.68947989016843075660e+03 2.46264944301162401653e-16
5.69298677659689474240e+03 2.00887643212454600796e-16
5.69649416464442492725e+03 2.35111366194467139532e-16
5.70000205315047514887e+03 2.17623523153991778025e-16
5.70351044095721317717e+03 2.22709754214992895983e-16
5.70701932690952799021e+03 2.23201798668758745175e-16
5.71052870985501886025e+03 2.22917407125736929078e-16
5.71403858864400808670e+03 2.11970892284671056141e-16
5.71754896212953099166e+03 2.31963536579789741256e-16
5.72105982916734046739e+03 2.32796030378589909803e-16
5.72457118861590515735e+03 2.15864589819707475081e-16
5.72808303933641127514e+03 2.11898002845424309453e-16
5.73159538019276351406e+03 2.07434526640691447931e-16
5.73510821005157959007e+03 2.24209646581079758138e-16
5.73862152778219751781e+03 2.28981276952702643542e-16
5.74213533225666833459e+03 2.48367355058372713036e-16
5.74564962234976337641e+03 2.54586303569057481460e-16
5.74916439693896791141e+03 2.36753952224180631620e-16
5.75267965490448568744e+03 2.38584803552502703094e-16
5.75619539512923529401e+03 1.98771487452042904121e-16
5.75971161649885561928e+03 2.46821412070478724064e-16
5.76322831790169766464e+03 2.19007931062547332420e-16
5.76674549822883091110e+03 2.18780656376206683440e-16
5.77026315637404331937e+03 2.12409698774612548266e-16
5.77378129123383678234e+03 2.51734647730687138485e-16
5.77729990170743258204e+03 2.19395026507833278869e-16
5.78081898669676593272e+03 2.21158450975795091209e-16
5.78433854510649052827e+03 2.20998548916591381489e-16
5.78785857584397672326e+03 2.22544015264202415153e-16
5.79137907781931062345e+03 2.13411459642084744442e-16
5.79490004994529499527e+03 2.37059414045714082661e-16
5.79842149113745199429e+03 2.13045969199302943539e-16
5.80194340031401497981e+03 2.17615884603457545321e-16
5.80546577639593942877e+03 2.25073194196306531228e-16
5.80898861830689565977e+03 2.13585253961559776661e-16
5.81251192497326974262e+03 2.21700868441687914426e-16
5.81603569532416531729e+03 2.22679754533770776740e-16
5.81955992829140177491e+03 2.54034425930310666843e-16
5.82308462280951698631e+03 2.37860306709773406457e-16
5.82660977781576275447e+03 1.95460900860546086659e-16
5.83013539225011209055e+03 2.13702163432131586094e-16
5.83366146505524920940e+03 2.04034772784907137205e-16
5.83718799517657862452e+03 2.23906161875079255422e-16
5.84071498156222060061e+03 2.03686632501172545512e-16
5.84424242316301115352e+03 2.20609274565550344512e-16
5.84777031893250659778e+03 2.13403767554379844181e-16
5.85129866782697445160e+03 2.17817714938261797679e-16
5.85482746880540162238e+03 2.32775646074459765265e-16
5.85835672082949440664e+03 1.98393776574292302715e-16
5.86188642286367121415e+03 2.01086447098117674760e-16
5.86541657387506893429e+03 1.99187486938966854566e-16
5.86894717283354202664e+03 2.12172581553501742671e-16
5.87247821871166070196e+03 2.39414943534408137169e-16
5.87600971048471274116e+03 2.21247361925157972950e-16
5.87954164713069985737e+03 2.14232865689568939606e-16
5.88307402763034497184e+03 2.23568288888657701289e-16
5.88660685096708402853e+03 1.84209042557535337787e-16
5.89014011612707054155e+03 2.02827773377426951224e-16
5.89367382209917650471e+03 2.11742226928816839022e-16
5.89720796787498784397e+03 2.07271602908556778083e-16
5.90074255244880896498e+03 2.00952017542860955776e-16
5.90427757481766002456e+03 2.17050620181443538631e-16
5.90781303398127874971e+03 1.92729651145710410714e-16
5.91134892894211952807e+03 2.21105919510987493969e-16
5.91488525870535249851e+03 2.46406181872389651049e-16
5.91842202227886446053e+03 2.22390103715308492522e-16
5.92195921867326160282e+03 2.06800897761127197530e-16
5.92549684690186131775e+03 1.79758681943494378385e-16
5.92903490598070402484e+03 1.82191548614527832553e-16
5.93257339492854316632e+03 2.20052879671314172040e-16
5.93611231276684793556e+03 2.40796611525432714637e-16
5.93965165851980691514e+03 2.09392029841189816895e-16
5.94319143121432443877e+03 2.07317147308358820680e-16
5.94673162988002241036e+03 2.19080487347190334027e-16
5.95027225354923666600e+03 2.45332248909088715111e-16
5.95381330125702152145e+03 1.88973054703768588976e-16
5.95735477204114886263e+03 2.12349401316209759992e-16
5.96089666494210450765e+03 2.10321913807163212395e-16
5.96443897900309548277e+03 2.19586563438576141407e-16
5.96798171327004183695e+03 2.13359044128851711429e-16
5.97152486679157937033e+03 1.97686099522451958427e-16
5.97506843861906509119e+03 1.97514409480591052288e-16
5.97861242780656812101e+03 2.10248836835700135001e-16
5.98215683341087697045e+03 1.93882999610709995947e-16
5.98570165449149590131e+03 2.17763068153021056463e-16
5.98924689011064674560e+03 1.85516823101029090939e-16
5.99279253933326617698e+03 2.12739321673097589501e-16
5.99633860122700934880e+03 1.98295110783061673734e-16
5.99988507486224716558e+03 2.12395710109067729666e-16
6.00343195931206810201e+03 2.16611851426433692014e-16
6.00697925365227547445e+03 1.99492809568068505406e-16
6.01052695696139107895e+03 2.18848636342305793260e-16
6.01407506832065428171e+03 2.18926426465549726570e-16
6.01762358681401747162e+03 2.20931571458984647208e-16
6.02117251152815333626e+03 1.83333746125020203791e-16
6.02472184155244940484e+03 1.89971984782402921288e-16
6.02827157597901077679e+03 2.05225467160129594825e-16
6.03182171390265739319e+03 2.06275000987016117636e-16
6.03537225442092949379e+03 1.97241054909143003078e-16
6.03892319663408034103e+03 2.07403017513828634794e-16
6.04247453964508076751e+03 2.03571179144133330487e-16
6.04602628255962099502e+03 2.31565117138227674414e-16
6.04957842448610426800e+03 2.25530705968438394584e-16
6.05313096453565322008e+03 2.23571300320963407374e-16
6.05668390182210441708e+03 2.20923563788065322187e-16
6.06023723546201381396e+03 2.05905055580351365076e-16
6.06379096457465311687e+03 1.86667322834980413673e-16
6.06734508828200978314e+03 1.60076714659413376383e-16
6.07089960570878974977e+03 2.02255698127126687604e-16
6.07445451598241288593e+03 2.01104490177487081273e-16
6.07800981823302026896e+03 1.68913411520297538560e-16
6.08156551159346417990e+03 2.14661564374265802926e-16
6.08512159519931810792e+03 1.94232695814166784667e-16
6.08867806818886947440e+03 1.96132696300340667302e-16
6.09223492970312327088e+03 1.88149498070960762109e-16
6.09579217888580205909e+03 1.76661400436344939458e-16
6.09934981488334324240e+03 1.63157545606288905450e-16
6.10290783684490361338e+03 1.92669551955401827381e-16
6.10646624392235298728e+03 1.94022305399983243894e-16
6.11002503527028056851e+03 2.08332026985607967344e-16
6.11358421004599222215e+03 1.96318993120999648837e-16
6.11714376740950865496e+03 2.17527757292273834284e-16
6.12070370652356996288e+03 2.05184148827417754756e-16
6.12426402655362926453e+03 1.80973025113318471621e-16
6.12782472666785997717e+03 1.74542066306946779082e-16
6.13138580603715126927e+03 1.99247727273839000238e-16
6.13494726383510806045e+03 2.06740700059066014532e-16
6.13850909923805102153e+03 1.77122359367789984819e-16
6.14207131142501930299e+03 2.11394136224889289533e-16
6.14563389957776871597e+03 1.93132937498390214161e-16
6.14919686288077264180e+03 2.04780552891145902684e-16
6.15276020052121748449e+03 1.83896134207909617683e-16
6.15632391168900994671e+03 1.86533208249532476671e-16
6.15988799557677248231e+03 1.92761012711935755946e-16
6.16345245137984147732e+03 1.98321286051520403438e-16
6.16701727829627634492e+03 1.84076719701427905634e-16
6.17058247552684679249e+03 1.96802717693805095843e-16
6.17414804227504100709e+03 1.90003464116314807568e-16
6.17771397774706656492e+03 2.05433618293984045761e-16
6.18128028115184406488e+03 1.96339098217437454866e-16
6.18484695170101349504e+03 2.07352077101944734057e-16
6.18841398860893150413e+03 1.85995038022089269938e-16
6.19198139109266685409e+03 2.02398939046319268715e-16
6.19554915837201133400e+03 1.82429774141705509651e-16
6.19911728966947066510e+03 1.96606833479230379069e-16
6.20268578421026722935e+03 1.88861627814272032032e-16
6.20625464122233825037e+03 2.00863894904406020660e-16
6.20982385993634125043e+03 1.93852659816955943713e-16
6.21339343958564768400e+03 1.97638940606172760951e-16
6.21696337940634748520e+03 2.07252712707633978495e-16
6.22053367863724542985e+03 1.99325880340086814835e-16
6.22410433651986477344e+03 1.97919817167510292137e-16
6.22767535229844543210e+03 1.87996712457280197384e-16
6.23124672521994216368e+03 2.02853213125944533791e-16
6.23481845453402729618e+03 1.77508440722322740046e-16
6.23839053949309072777e+03 1.69201504682519101166e-16
6.24196297935223901732e+03 1.83582810699730745001e-16
6.24553577336929265584e+03 1.77058579180403763422e-16
6.24910892080479334254e+03 1.92263863968547367979e-16
6.25268242092199579929e+03 1.80197092652267219092e-16
6.25625627298687231814e+03 1.63420265145869850252e-16
6.25983047626811367081e+03 1.71837921710468638972e-16
6.26340503003712456120e+03 1.56385784217449077502e-16
6.26697993356802999187e+03 1.68263945166622092477e-16
6.27055518613766616909e+03 1.54852629048057792622e-16
6.27413078702559141675e+03 1.75312698719931620114e-16
6.27770673551407799096e+03 1.93892788771200683070e-16
6.28128303088811480848e+03 1.90368564554587525102e-16
6.28485967243540926574e+03 1.68132295428586047758e-16
6.28843665944638269139e+03 1.39397332948472990216e-16
6.29201399121417671267e+03 1.71284483786521622977e-16
6.29559166703464597958e+03 1.87112767681104829887e-16
6.29916968620636271226e+03 1.80064896667557800551e-16
6.30274804803061942948e+03 1.98611931872456795397e-16
6.30632675181141985377e+03 2.02212427970498823642e-16
6.30990579685548800626e+03 1.84776310283736026744e-16
6.31348518247226365929e+03 1.67779661674628884909e-16
6.31706490797390233638e+03 2.05397223380538229256e-16
6.32064497267527895019e+03 2.02095693371468601724e-16
6.32422537589398052660e+03 1.83780436105986214625e-16
6.32780611695031529962e+03 2.01172624057286905330e-16
6.33138719516730725445e+03 1.94429300314219853567e-16
6.33496860987069339899e+03 1.73567013771437885232e-16
6.33855036038893285877e+03 1.79526661924023257983e-16
6.34213244605319778202e+03 1.77045488012218835563e-16
6.34571486619737788715e+03 2.06204020834532371135e-16
6.34929762015807955322e+03 1.76625352306671586243e-16
6.35288070727462763898e+03 1.78558567987287440361e-16
6.35646412688906002586e+03 1.97405262701408270577e-16
6.36004787834613489395e+03 1.79616495270714346315e-16
6.36363196099332435551e+03 1.70952186352402352489e-16
6.36721637418081900250e+03 1.74215839445083200160e-16
6.37080111726152517804e+03 1.97299328934572984655e-16
6.37438618959106770490e+03 1.99583015329334962538e-16
6.37797159052778442856e+03 1.66230049228590899065e-16
6.38155731943273440265e+03 1.72751639473005660405e-16
6.38514337566968879401e+03 1.85072450697333042988e-16
6.38872975860513815860e+03 1.68816693807006691757e-16
6.39231646760829062259e+03 1.80738668219069959558e-16
6.39590350205106915382e+03 1.67330350452347743151e-16
6.39949086130811429030e+03 1.86423844610559440645e-16
6.40307854475678141171e+03 2.01723178045457623384e-16
6.40666655177714619640e+03 1.92275148070761549384e-16
6.41025488175199734542e+03 1.79596211636204892821e-16
6.41384353406684203946e+03 1.81950479859167019981e-16
6.41743250810990411992e+03 1.80614043896702541583e-16
6.42102180327212408883e+03 1.55720133261278945622e-16
6.42461141894715819944e+03 1.64212235671412090788e-16
6.42820135453138209414e+03 1.73539035012131060525e-16
6.43179160942388443800e+03 1.76209954068577622174e-16
6.43538218302647237579e+03 1.85654497926536547258e-16
6.43897307474366880342e+03 1.93958960175286165292e-16
6.44256428398271691549e+03 1.97797185123633553340e-16
6.44615581015357201977e+03 1.75600264574597177419e-16
6.44974765266890790372e+03 1.63454238814725790295e-16
6.45333981094411592494e+03 1.65700087039621953642e-16
6.45693228439730137325e+03 1.86067042930085608885e-16
6.46052507244928983710e+03 1.44397041135268641630e-16
6.46411817452362265612e+03 1.82912913542324247483e-16
6.46771159004655510216e+03 1.83298672149343693373e-16
6.47130531844706183620e+03 1.60886240172967144650e-16
6.47489935915683417988e+03 1.89038818715702745532e-16
6.47849371161027829658e+03 1.72809028694780938697e-16
6.48208837524451973877e+03 1.86613707392941356633e-16
6.48568334949939708167e+03 1.89152638842571935000e-16
6.48927863381746919913e+03 1.79729892536073360195e-16
6.49287422764401071618e+03 1.81191837511748487019e-16
6.49647013042701019003e+03 1.73565966889433186090e-16
6.50006634161717647657e+03 1.72567119579963060863e-16
6.50366286066793509235e+03 1.76368352483387669260e-16
6.50725968703542457661e+03 1.57325991107793959124e-16
6.51085682017850285774e+03 1.67107537750763195650e-16
6.51445425955874543433e+03 1.76649417767623948672e-16
6.51805200464044173714e+03 1.82561003864691988156e-16
6.52165005489059967658e+03 1.62117148665382741457e-16
6.52524840977894473326e+03 1.79344081080481730504e-16
6.52884706877791631996e+03 1.70365250531009996631e-16
6.53244603136267232912e+03 1.97832948294346164562e-16
6.53604529701108822337e+03 1.78992735679713248717e-16
6.53964486520375339751e+03 1.99334033672256466251e-16
6.54324473542397663550e+03 1.84682299242517151908e-16
6.54684490715778156300e+03 1.71253213285403140958e-16
6.55044537989391028532e+03 1.89285203195509685486e-16
6.55404615312381974945e+03 2.00255947064494584553e-16
6.55764722634168447257e+03 1.81964962854783951654e-16
6.56124859904439563252e+03 1.85430000484904675799e-16
6.56485027073156197730e+03 1.68630265467832547224e-16
6.56845224090550709661e+03 1.81606332629957316626e-16
6.57205450907127215032e+03 1.82701591638586521860e-16
6.57565707473661495897e+03 1.90900323904800341537e-16
6.57925993741201000375e+03 1.78205052677684996547e-16
6.58286309661065024557e+03 1.88130692771678775946e-16
6.58646655184844075848e+03 1.97689260181676588144e-16
6.59007030264400873421e+03 1.96250042093825184636e-16
6.59367434851869438717e+03 1.87812336962897038814e-16
6.59727868899655459245e+03 1.78015416070804593658e-16
6.60088332360436743329e+03 1.89372049369292008983e-16
6.60448825187162037764e+03 1.98509053285012711765e-16
6.60809347333052392059e+03 1.89043218000652445752e-16
6.61169898751600248943e+03 1.60101301964933807016e-16
6.61530479396569626260e+03 1.89010211638397614272e-16
6.61891089221996571723e+03 1.95964086784640259909e-16
6.62251728182188344363e+03 1.91747632553161156027e-16
6.62612396231724142126e+03 1.95439084383196283339e-16
6.62973093325454919977e+03 1.78430594420925720563e-16
6.63333819418503026100e+03 2.14634684757932231569e-16
6.63694574466262656642e+03 1.91922745514894708887e-16
6.64055358424399673822e+03 2.12879578543129014571e-16
6.64416171248851514974e+03 2.04499136682050368949e-16
6.64777012895827374450e+03 2.19615175956675471011e-16
6.65137883321808112669e+03 2.01786688901639922319e-16
6.65498782483546256117e+03 2.10214801857970111469e-16
6.65859710338065815449e+03 2.19337511446081914083e-16
6.66220666842662740237e+03 1.78588778221477547743e-16
6.66581651954904646118e+03 1.81827079772592721455e-16
6.66942665632630541950e+03 2.00663395246919055141e-16
6.67303707833951284556e+03 2.17526407029950388785e-16
6.67664778517249487777e+03 2.26539125014129769735e-16
6.68025877641179249622e+03 2.23671902486825329128e-16
6.68387005164666425117e+03 2.09745127045547015430e-16
6.68748161046908626304e+03 2.18983839280157456774e-16
6.69109345247375040344e+03 2.21830145452724878345e-16
6.69470557725806338567e+03 2.21674990456143435424e-16
6.69831798442215222167e+03 2.25386307308427914188e-16
6.70193067356885785557e+03 2.24003211481038529947e-16
6.70554364430374062067e+03 2.10771084203345541626e-16
6.70915689623507387296e+03 2.32821720408342202572e-16
6.71277042897385126707e+03 2.19088479433464654980e-16
6.71638424213377948035e+03 2.13848617345332471189e-16
6.71999833533128639829e+03 2.47930166715968784251e-16
6.72361270818551111006e+03 2.40810489064466751490e-16
6.72722736031831573200e+03 2.44067817759626191971e-16
6.73084229135427358415e+03 3.13278918345034637277e-16
6.73445750092067737569e+03 3.75196095819687642720e-16
6.73807298864753556700e+03 5.17313496535387373539e-16
6.74168875416757418861e+03 6.37688925023260363148e-16
6.74530479711623502226e+03 7.29390259140717243142e-16
6.74892111713167741982e+03 6.20407448807118581630e-16
6.75253771385477648437e+03 4.75514892712482856580e-16
6.75615458692912488914e+03 3.68249271253567526194e-16
6.75977173600103105855e+03 3.33502684867470288607e-16
6.76338916071952189668e+03 3.08832335393494769718e-16
6.76700686073633823980e+03 2.75880099175705622338e-16
6.77062483570594031335e+03 2.94727639940624105832e-16
6.77424308528550227493e+03 2.91758992679819478427e-16
6.77786160913491858082e+03 2.62948939506779911130e-16
6.78148040691679580050e+03 2.43315522106895272652e-16
6.78509947829646262107e+03 2.42267493433108803776e-16
6.78871882294195984286e+03 2.48611265551474938881e-16
6.79233844052404583636e+03 2.26649324831690479414e-16
6.79595833071619836119e+03 2.20417245402407407453e-16
6.79957849319460819970e+03 2.35919912511139417728e-16
6.80319892763818552339e+03 2.50940345003866974660e-16
6.80681963372855625494e+03 2.32922756094227327926e-16
6.81044061115006297769e+03 2.14544183720182110398e-16
6.81406185958976402617e+03 2.26832161391553087708e-16
6.81768337873743712407e+03 2.26801646825409449092e-16
6.82130516828557301778e+03 2.07036137533610565674e-16
6.82492722792938184284e+03 2.17013638263246084704e-16
6.82854955736678948597e+03 2.11025297395510993072e-16
6.83217215629844031355e+03 2.27885703791773513706e-16
6.83579502442769171466e+03 1.96132535788233914766e-16
6.83941816146061955806e+03 2.05408790478737856423e-16
6.84304156710601728264e+03 1.89218079885285618825e-16
6.84666524107539498800e+03 2.09467247984865400103e-16
6.85028918308297852491e+03 1.98517828606293027267e-16
6.85391339284570949530e+03 1.88563496559238417933e-16
6.85753787008324979979e+03 2.06540985107944886063e-16
6.86116261451797345217e+03 1.89240993194137976691e-16
6.86478762587497385539e+03 1.85478545012866468435e-16
6.86841290388206198259e+03 1.72840540286903968795e-16
6.87203844826976182958e+03 2.04692277339013001928e-16
6.87566425877131860034e+03 2.26222073683113102315e-16
6.87929033512269052153e+03 1.86033529457559685740e-16
6.88291667706255429948e+03 2.01187669836308943115e-16
6.88654328433230330120e+03 1.70692570359245505486e-16
6.89017015667604664486e+03 1.39053383015830272646e-16
6.89379729384061101882e+03 1.70474550401512531640e-16
6.89742469557553977211e+03 1.78543021271284785109e-16
6.90105236163309200492e+03 1.85724211183968565106e-16
6.90468029176824438764e+03 1.91926475012512653705e-16
6.90830848573869116080e+03 1.74656365309988612815e-16
6.91193694330484049715e+03 1.77118675083889069702e-16
6.91556566422982086806e+03 1.85569218453986225255e-16
6.91919464827947285812e+03 1.61282629807508423005e-16
6.92282389522235826007e+03 1.80198073578685814740e-16
6.92645340482975279883e+03 1.65288932461655852465e-16
6.93008317687565158849e+03 1.94010637009613620805e-16
6.93371321113676185632e+03 1.69073549491363620812e-16
6.93734350739251294726e+03 1.81229037023895044775e-16
6.94097406542504631943e+03 1.66158387386025565281e-16
6.94460488501922191062e+03 1.82993259930637453694e-16
6.94823596596261722880e+03 1.73841197866055359581e-16
6.95186730804552553309e+03 1.78445564836182240822e-16
6.95549891106095765281e+03 1.60999121812685622353e-16
6.95913077480463925895e+03 1.68792116226300785355e-16
6.96276289907501359266e+03 1.58002425974153052020e-16
6.96639528367324237479e+03 1.68486848471618582173e-16
6.97002792840320125833e+03 1.67285673762125795585e-16
6.97366083307148346648e+03 1.78658695112372241367e-16
6.97729399748739979259e+03 1.70658267636091288260e-16
6.98092742146297769068e+03 1.85155568449678897465e-16
6.98456110481295854697e+03 1.46949735544639281760e-16
6.98819504735480586533e+03 1.54850773822283694986e-16
6.99182924890869435330e+03 1.36018701272734504457e-16
6.99546370929751810763e+03 1.38261915489900694661e-16
6.99909842834688879520e+03 1.47025728182096544231e-16
7.00273340588513110561e+03 1.58211836542760112476e-16
7.00636864174329002708e+03 1.71412050905511526767e-16
7.01000413575512629905e+03 1.65018516358078172547e-16
7.01363988775711641210e+03 1.48372737051842063400e-16
7.01727589758845442702e+03 1.53510289450994644948e-16
7.02091216509105106525e+03 1.56702836419133522819e-16
7.02454869010953279940e+03 1.68352725278730779222e-16
7.02818547249124367227e+03 1.59022137224514244340e-16
7.03182251208624438732e+03 1.55441512349074334181e-16
7.03545980874731230870e+03 1.62676934763295725409e-16
7.03909736232994146121e+03 1.51812981406879117845e-16
7.04273517269234162086e+03 1.46862560754586714909e-16
7.04637323969544104330e+03 1.32016045476407838211e-16
7.05001156320288373536e+03 1.64137193327304787576e-16
7.05365014308102854557e+03 1.52368708333093159417e-16
7.05728897919895553059e+03 1.46888354573468560658e-16
7.06092807142845686030e+03 1.48923324457459438184e-16
7.06456741964404227474e+03 1.44060994374143628753e-16
7.06820702372294272209e+03 1.50670456973961523216e-16
7.07184688354509944475e+03 1.39006988147791068802e-16
7.07548699899317398376e+03 1.51116396023602995675e-16
7.07912736995254363137e+03 1.66384592903696970161e-16
7.08276799631130324997e+03 1.60712480809164113670e-16
7.08640887796026345313e+03 1.57431800328532781970e-16
7.09005001479295060562e+03 1.53118173686358764482e-16
7.09369140670561046136e+03 1.59483875634785940239e-16
7.09733305359720270644e+03 1.59252827801101386829e-16
7.10097495536940641614e+03 1.60403345323835011594e-16
7.10461711192661368841e+03 1.58826601171237642196e-16
7.10825952317593782936e+03 1.67858832576156230751e-16
7.11190218902720607730e+03 1.53405155050986271001e-16
7.11554510939296051220e+03 1.70318829460744830230e-16
7.11918828418846442219e+03 1.60431168363308334302e-16
7.12283171333169593709e+03 1.52687214269931202629e-16
7.12647539674334711890e+03 1.65754503610075657950e-16
7.13011933434683214728e+03 1.61230652418953110735e-16
7.13376352606827549607e+03 1.45752949446853926335e-16
7.13740797183652375679e+03 1.59981994220598423539e-16
7.14105267158313745313e+03 1.50661728061344546736e-16
7.14469762524239467893e+03 1.58008050170609988886e-16
7.14834283275128927926e+03 1.70829941006118146677e-16
7.15198829404953357880e+03 1.65555373228392662973e-16
7.15563400907955474395e+03 1.46068797195164024960e-16
7.15927997778649751126e+03 1.51975956112544507331e-16
7.16292620011822327797e+03 1.51724106846211288743e-16
7.16657267602531010198e+03 1.64344078645154005206e-16
7.17021940546105270187e+03 1.37733365210893613147e-16
7.17386638838146154740e+03 1.61084904699868304492e-16
7.17751362474526558799e+03 1.40649205024023425592e-16
7.18116111451390952425e+03 1.38532267359231756000e-16
7.18480885765155471745e+03 1.44941892094712996006e-16
7.18845685412507918954e+03 1.31283506633158562268e-16
7.19210510390407762316e+03 1.29726783146958241233e-16
7.19575360696086045209e+03 1.44984481493209562093e-16
7.19940236327045840881e+03 1.26035929668354928759e-16
7.20305137281061433896e+03 1.41865086759918553192e-16
7.20670063556178956787e+03 1.23241757764440804813e-16
7.21035015150716481003e+03 1.62865599106828066852e-16
7.21399992063263107411e+03 1.44108581955195498736e-16
7.21764994292680330545e+03 1.29462149559232296415e-16
7.22130021838100856257e+03 1.49933660557563273261e-16
7.22495074698929147416e+03 1.55715190440201737397e-16
7.22860152874841423909e+03 1.25671239276938133248e-16
7.23225256365785480739e+03 1.36636794795555107891e-16
7.23590385171980960877e+03 1.64044825102287026290e-16
7.23955539293918809562e+03 1.27773353056008805072e-16
7.24320718732362001901e+03 1.21880390930635528689e-16
7.24685923488345088117e+03 1.55680918590180482994e-16
7.25051153563174102601e+03 1.36519609671555118336e-16
7.25416408958427018661e+03 1.50741639773512793686e-16
7.25781689675953293772e+03 1.32795847179669462569e-16
7.26146995717874142429e+03 1.41762088064211121926e-16
7.26512327086582354241e+03 1.29123390965055351814e-16
7.26877683784742566786e+03 1.40997962541007105504e-16
7.27243065815290992759e+03 1.17669494219598162940e-16
7.27608473181435238075e+03 1.25212576990455115151e-16
7.27973905886655120412e+03 1.37937885165233587650e-16
7.28339363934701668768e+03 1.29719815556899116470e-16
7.28704847329597851058e+03 1.42984009307585501188e-16
7.29070356075638119364e+03 1.51315748838532565445e-16
7.29435890177388682787e+03 1.53989541533676449646e-16
7.29801449639687507442e+03 1.25475951316443248423e-16
7.30167034467643952667e+03 1.21542224284018273367e-16
7.30532644666639498610e+03 1.32403595024722270081e-16
7.30898280242326836742e+03 1.33338370411540585217e-16
7.31263941200630506501e+03 1.26235570899167439124e-16
7.31629627547746804339e+03 1.49678437770263853447e-16
7.31995339290143510880e+03 1.55002563729739301902e-16
7.32361076434560345660e+03 1.26080007278109838901e-16
7.32726838988008421438e+03 1.21735422290405517640e-16
7.33092626957770607987e+03 1.51238077425171409895e-16
7.33458440351401532098e+03 1.26745062230638602470e-16
7.33824279176727304730e+03 1.44055272086690361657e-16
7.34190143441846066708e+03 1.49548755241038605864e-16
7.34556033155127170176e+03 1.33924230294353159557e-16
7.34921948325211906194e+03 1.24145620176973332130e-16
7.35287888961013140943e+03 1.29832036305317993033e-16
7.35653855071715497616e+03 1.29477390729832008801e-16
7.36019846666775356425e+03 1.37131234009865200068e-16
7.36385863755920308904e+03 1.31051942712749006745e-16
7.36751906349150249298e+03 1.37636390197471939658e-16
7.37117974456736101274e+03 1.47377509190939813607e-16
7.37484068089221091213e+03 1.36097078121901321085e-16
7.37850187257419747766e+03 1.36547701850795518679e-16
7.38216331972418174701e+03 1.15949945519384443024e-16
7.38582502245574414701e+03 1.48616870602959727680e-16
7.38948698088517994620e+03 1.42683123541921506100e-16
7.39314919513150198327e+03 1.36922346929211764629e-16
7.39681166531644066708e+03 1.37126152413324178449e-16
7.40047439156443942920e+03 1.07227461656461464008e-16
7.40413737400266290933e+03 1.38891502974466554824e-16
7.40780061276099058887e+03 1.34131521878586969698e-16
7.41146410797201770038e+03 1.50193339747067499483e-16
7.41512785977105704660e+03 1.70275776295332039039e-16
7.41879186829613809095e+03 1.29151222470712271814e-16
7.42245613368800695753e+03 1.45446175454611763822e-16
7.42612065609012734058e+03 1.41715394502689221170e-16
7.42978543564867777604e+03 1.45282638788580484284e-16
7.43345047251255346055e+03 1.52461028453566881501e-16
7.43711576683336988935e+03 1.27830693435263995335e-16
7.44078131876545467094e+03 1.24981925086503242723e-16
7.44444712846585298394e+03 1.45046747573546023930e-16
7.44811319609433121514e+03 1.26282554255509351885e-16
7.45177952181336604554e+03 1.55150304216277400434e-16
7.45544610578815536428e+03 1.36356806771501887113e-16
7.45911294818661099271e+03 1.36420753115976115118e-16
7.46278004917936323181e+03 1.53617293795829134209e-16
7.46644740893975904328e+03 1.18461955003065438662e-16
7.47011502764386023046e+03 1.40088867455476105067e-16
7.47378290547044707637e+03 1.37358034297106751491e-16
7.47745104260101561522e+03 1.46764370865939857936e-16
7.48111943921978036087e+03 1.15766833005076757736e-16
7.48478809551366975938e+03 1.32385466934688490160e-16
7.48845701167233073647e+03 1.38384000368186467288e-16
7.49212618788812596904e+03 1.32084323526035737012e-16
7.49579562435613570415e+03 1.46921633814122884845e-16
7.49946532127415684954e+03 1.41510457599663180419e-16
7.50313527884270206414e+03 1.32680546406197238658e-16
7.50680549726500157703e+03 1.55922355291717900557e-16
7.51047597674700318748e+03 1.46908164192302639514e-16
7.51414671749736680795e+03 1.53284167699688982632e-16
7.51781771972747628752e+03 1.55113579055667716671e-16
7.52148898365142576949e+03 1.47007656979097985819e-16
7.52516050948602969584e+03 1.56632792320150174113e-16
7.52883229745081825968e+03 1.56464575600900838571e-16
7.53250434776803649584e+03 1.70269992224242040024e-16
7.53617666066265064728e+03 1.82672115160045339967e-16
7.53984923636233816069e+03 1.48773839479906813957e-16
7.54352207509749769088e+03 1.41045792345579183633e-16
7.54719517710124182486e+03 1.51616799783386088232e-16
7.55086854260940071981e+03 1.38266516154740522168e-16
7.55454217186052210309e+03 1.48228582714795685248e-16
7.55821606509586854372e+03 1.45535412650504757481e-16
7.56189022255942018091e+03 1.15996239322111681621e-16
7.56556464449787472404e+03 1.23420078829064991786e-16
7.56923933116064563364e+03 1.29987218001516941090e-16
7.57291428279986303096e+03 1.37321363030289194044e-16
7.57658949967037460738e+03 1.28034222639136264950e-16
7.58026498202974198648e+03 1.38778098485793774832e-16
7.58394073013824800000e+03 1.32842474850700459355e-16
7.58761674425888759288e+03 1.39445199292529379250e-16
7.59129302465737691819e+03 1.03650800158132749111e-16
7.59496957160214424221e+03 1.09998665060078790053e-16
7.59864638536433722038e+03 1.28387187054746532987e-16
7.60232346621781925933e+03 1.21436089563405889571e-16
7.60600081443917315482e+03 1.16101536439252412751e-16
7.60967843030769290635e+03 1.61910805468511596391e-16
7.61335631410539463104e+03 1.52253675374529328936e-16
7.61703446611700837821e+03 1.53694095900958597920e-16
7.62071288662997994834e+03 1.28072091125146266285e-16
7.62439157593447544059e+03 1.12609914059885601925e-16
7.62807053432337397680e+03 1.24655306550530460832e-16
7.63174976209227406798e+03 1.15488793492167197358e-16
7.63542925953948815732e+03 1.29344355535966719772e-16
7.63910902696604807716e+03 1.23694768184221685052e-16
7.64278906467570141103e+03 1.56218132834292744223e-16
7.64646937297491149366e+03 1.23714641051124685119e-16
7.65014995217285922990e+03 1.41662534485435133537e-16
7.65383080258144218533e+03 1.41882527512064580858e-16
7.65751192451527458616e+03 1.29915830055944127358e-16
7.66119331829168640979e+03 1.12299367237763417520e-16
7.66487498423072611331e+03 1.38032284250286863847e-16
7.66855692265515699546e+03 1.34896079198803724844e-16
7.67223913389046174416e+03 1.25177513163678366767e-16
7.67592161826483516052e+03 1.40690773080583934417e-16
7.67960437610919416329e+03 1.47085864394592218432e-16
7.68328740775716869393e+03 1.29325261888874449419e-16
7.68697071354510535457e+03 1.37017322266949874472e-16
7.69065429381206922699e+03 1.03520030903209989649e-16
7.69433814889984205365e+03 1.18491257864862736928e-16
7.69802227915292041871e+03 1.11582241694745600058e-16
7.70170668491851938597e+03 1.35763457200727353356e-16
7.70539136654656977043e+03 1.36847419782370252723e-16
7.70907632438971904776e+03 1.15318466551985616460e-16
7.71276155880333135428e+03 1.05242498917330652338e-16
7.71644707014548930601e+03 1.30773103390510845718e-16
7.72013285877698945114e+03 1.02281686904973040729e-16
7.72381892506134590803e+03 1.24202198255459672111e-16
7.72750526936479127471e+03 1.25921567030998966609e-16
7.73119189205627208139e+03 1.35128911161563971753e-16
7.73487879350745424745e+03 1.26895475110920452302e-16
7.73856597409271762444e+03 1.11847472846880574358e-16
7.74225343418916145311e+03 1.25103361687398461482e-16
7.74594117417659981584e+03 1.14760049177289227142e-16
7.74962919443756345572e+03 1.23860037774751648017e-16
7.75331749535730068601e+03 1.24988141837153683116e-16
7.75700607732377648063e+03 1.36058376510884616518e-16
7.76069494072767156467e+03 1.23060154154528482390e-16
7.76438408596238514292e+03 1.32008013863242202744e-16
7.76807351342403035233e+03 1.08589961321408601269e-16
7.77176322351144062850e+03 1.26642986324908188051e-16
7.77545321662616242975e+03 1.21578216650067032571e-16
7.77914349317246160354e+03 9.74452395128221402706e-17
7.78283405355731883901e+03 1.11511262002171606997e-16
7.78652489819043330499e+03 1.15890269204544041529e-16
7.79021602748421901197e+03 1.31453274992575757053e-16
7.79390744185380754061e+03 1.23988290202567555275e-16
7.79759914171704713226e+03 1.36527901282622780719e-16
7.80129112749450359843e+03 1.08328998314541024790e-16
7.80498339960945759231e+03 1.12967203211276213708e-16
7.80867595848790824675e+03 1.19589987161700342591e-16
7.81236880455856953631e+03 9.91494549386071523696e-17
7.81606193825287391519e+03 1.08908090489326921345e-16
7.81975536000496958877e+03 1.15567252787011089699e-16
7.82344907025172142312e+03 1.29496341233990316452e-16
7.82714306943271185446e+03 1.26554923672368845574e-16
7.83083735799023816071e+03 1.23716821789422615789e-16
7.83453193636931700894e+03 1.15542999867039074326e-16
7.83822680501767808892e+03 9.89602975319820164936e-17
7.84192196438577138906e+03 1.24011367359328837220e-16
7.84561741492676264897e+03 1.01394285727936178532e-16
7.84931315709653244994e+03 1.20223462700578955717e-16
7.85300919135367985291e+03 9.61444515607633177770e-17
7.85670551815951967001e+03 1.14479982032781935115e-16
7.86040213797808519303e+03 1.14600556918045996652e-16
7.86409905127612273645e+03 1.15470464006972717963e-16
7.86779625852310073242e+03 1.35908035629363221514e-16
7.87149376019119790726e+03 1.17104354596590091140e-16
7.87519155675531510497e+03 1.05221664374530130298e-16
7.87888964869306710170e+03 1.15861512563540820184e-16
7.88258803648478624382e+03 1.30621870665964263840e-16
7.88628672061352062883e+03 1.13036995094287596292e-16
7.88998570156503592443e+03 1.11982280969036026991e-16
7.89368497982781445899e+03 1.11096191209646995017e-16
7.89738455589305522153e+03 1.26912996527661736215e-16
7.90108443025467295229e+03 1.15666054358515799338e-16
7.90478460340930087114e+03 1.16988467138822853405e-16
7.90848507585628703964e+03 1.11378613445060394176e-16
7.91218584809769799904e+03 1.09544438867887463060e-16
7.91588692063831422274e+03 1.06920437604607395873e-16
7.91958829398563648283e+03 1.20795364040778993132e-16
7.92328996864987948356e+03 1.28043400655044443085e-16
7.92699194514397549938e+03 1.06858917253034543407e-16
7.93069422398357437487e+03 1.13229678958992699281e-16
7.93439680568704079633e+03 1.34022193986663084551e-16
7.93809969077545792970e+03 1.19505520555108364693e-16
7.94180287977262469212e+03 1.13109985357238821950e-16
7.94550637320505575190e+03 1.16052595542250816650e-16
7.94921017160198516649e+03 1.24760582414061318983e-16
7.95291427549536092556e+03 1.18286718839531984763e-16
7.95661868541984949843e+03 1.10600465876358573780e-16
7.96032340191283310560e+03 1.06411373715315412220e-16
7.96402842551441062824e+03 1.10592441366115646474e-16
7.96773375676739851770e+03 1.09713148291309985243e-16
7.97143939621732897649e+03 9.29178433689613934980e-17
7.97514534441245177732e+03 1.06981041816530221028e-16
7.97885160190373153455e+03 1.19315786014052076589e-16
7.98255816924485316122e+03 1.16297793902746806062e-16
7.98626504699221368355e+03 1.16124173062725954007e-16
7.98997223570493042644e+03 1.20245577239435139994e-16
7.99367973594483555644e+03 1.12232875212559213329e-16
7.99738754827647881029e+03 1.11276918443482566689e-16
8.00109567326712567592e+03 1.18264811749203032797e-16
8.00480411148676012090e+03 1.18556130560675620339e-16
8.00851286350808004499e+03 1.29259463117039729911e-16
8.01222192990650273714e+03 1.06782369478743897844e-16
8.01593131126016032795e+03 1.28810053388562083754e-16
8.01964100814990251820e+03 1.26846505425354360645e-16
8.02335102115929566935e+03 1.20879002434459277557e-16
8.02706135087462280353e+03 1.23281861884123460910e-16
8.03077199788488269405e+03 1.11404050050999789755e-16
8.03448296278179259389e+03 1.21176637938437223710e-16
8.03819424615978550719e+03 1.15652044288150006122e-16
8.04190584861601018929e+03 1.29971340871373438715e-16
8.04561777075033296569e+03 1.15564015556469547993e-16
8.04933001316533682257e+03 1.13496404929050221671e-16
8.05304257646632322576e+03 1.11849307385662509857e-16
8.05675546126130666380e+03 1.10646286907985219201e-16
8.06046866816102010489e+03 1.20225069840397152232e-16
8.06418219777891408739e+03 1.21399131840115726721e-16
8.06789605073115581035e+03 1.20522904097793221556e-16
8.07161022763662640500e+03 1.19838692950856494354e-16
8.07532472911692821071e+03 1.10168213809648015982e-16
8.07903955579637477058e+03 1.36912254900818765050e-16
8.08275470830200174532e+03 1.13539457898711024929e-16
8.08647018726355781837e+03 1.05512734446181397908e-16
8.09018599331351015280e+03 1.16089115942440059428e-16
8.09390212708704166289e+03 1.10513000508830035391e-16
8.09761858922205192357e+03 1.31304970096717010595e-16
8.10133538035915898945e+03 1.18700746718842222470e-16
8.10505250114169484732e+03 1.27291558866677836901e-16
8.10876995221570905414e+03 1.27830431956080474400e-16
8.11248773422996964655e+03 8.88640559725176714237e-17
8.11620584783595950285e+03 1.17047028229650944866e-16
8.11992429368787907151e+03 1.09297830586236846565e-16
8.12364307244264364272e+03 1.30281719150374302637e-16
8.12736218475988880527e+03 1.08217843419484517354e-16
8.13108163130196317070e+03 9.57542402284381720104e-17
8.13480141273393383017e+03 1.03011500519666433037e-16
8.13852152972358453553e+03 1.20080040524525511383e-16
8.14224198294141569932e+03 1.04585379840399703379e-16
8.14596277306064439472e+03 1.23981562313336710042e-16
8.14968390075720253662e+03 1.15931427486347634703e-16
8.15340536670974233857e+03 1.11196283955330500703e-16
8.15712717159963085578e+03 1.31980850678125217975e-16
8.16084931611094998516e+03 1.19422924196960273387e-16
8.16457180093050101277e+03 1.16163479310053932559e-16
8.16829462674780097586e+03 1.16389308618676875752e-16
8.17201779425508266286e+03 1.04299210908951205496e-16
8.17574130414729825134e+03 1.17937127458937052517e-16
8.17946515712211385107e+03 1.09723945276535822166e-16
8.18318935387991314201e+03 1.02839851869993962873e-16
8.18691389512379646476e+03 1.00332047392032129652e-16
8.19063878155958173011e+03 1.11594085405158920508e-16
8.19436401389579987153e+03 1.17406050466498679620e-16
8.19808959284370575915e+03 1.12423890360125086155e-16
8.20181551911726637627e+03 1.20653316510365136919e-16
8.20554179343315990991e+03 1.24220971353824742444e-16
8.20926841651079303119e+03 1.31331167427721376861e-16
8.21299538907228270546e+03 1.30758022207334122550e-16
8.21672271184245983022e+03 1.08327869676986546126e-16
8.22045038554887287319e+03 1.13594150853204522553e-16
8.22417841092179514817e+03 1.01846520032391939024e-16
8.22790678869420662522e+03 1.00413809372084523535e-16
8.23163551960181212053e+03 9.97731377985075369741e-17
8.23536460438302310649e+03 1.13262965116363170190e-16
8.23909404377897953964e+03 1.03476804833209761340e-16
8.24282383853352803271e+03 1.23370994647884652111e-16
8.24655398939324004459e+03 1.17159200898213948464e-16
8.25028449710739369038e+03 1.16220155807917728590e-16
8.25401536242799556931e+03 9.65893214645294971037e-17
8.25774658610975893680e+03 1.10023551922294614813e-16
8.26147816891012189444e+03 1.16164400003363623827e-16
8.26521011158923283801e+03 1.22670245432287773779e-16
8.26894241490996137145e+03 9.43191113638761486515e-17
8.27267507963788739289e+03 9.42463057513318734438e-17
8.27640810654131564661e+03 8.64770367111209194144e-17
8.28014149639126480906e+03 1.08452260328168495254e-16
8.28387524996146385092e+03 1.20990905264146158930e-16
8.28760936802837022697e+03 9.55017166896784519985e-17
8.29134385137114804820e+03 9.84865128050345021152e-17
8.29507870077168263379e+03 8.31964926414599219239e-17
8.29881391701457323506e+03 1.07588787509119069694e-16
8.30254950088714031153e+03 1.21770271878948426308e-16
8.30628545317941825488e+03 1.01394641191213712478e-16
8.31002177468415538897e+03 9.48039102560953169412e-17
8.31375846619682124583e+03 1.10470547918435956813e-16
8.31749552851559928968e+03 9.21520431436982891592e-17
8.32123296244139419287e+03 1.22994958050612509541e-16
8.32497076877782092197e+03 1.06503288496997397752e-16
8.32870894833121565171e+03 1.01701261136999632560e-16
8.33244750191062485101e+03 9.05602627820890678006e-17
8.33618643032782347291e+03 9.63371840487929306133e-17
8.33992573439729312668e+03 1.00247291891738182781e-16
8.34366541493623299175e+03 9.25018292617646527523e-17
8.34740547276456345571e+03 8.97135200864885177189e-17
8.35114590870492247632e+03 1.07979273121689916564e-16
8.35488672358265466755e+03 1.10973241130516220692e-16
8.35862791822582948953e+03 1.02834545496609541484e-16
8.36236949346523397253e+03 1.02587895500048688305e-16
8.36611145013437271700e+03 1.20274384663472016006e-16
8.36985378906945697963e+03 1.17442332990464816670e-16
8.37359651110942650121e+03 1.06963250363053606915e-16
8.37733961709592767875e+03 1.15639442730952729953e-16
8.38108310787333539338e+03 9.51746995787402086801e-17
8.38482698428873118246e+03 9.80898525962796075465e-17
8.38857124719191779150e+03 1.06677938360659848700e-16
8.39231589743541189819e+03 9.41216528009337580981e-17
8.39606093587444775039e+03 1.20171232426156173512e-16
8.39980636336697716615e+03 1.11937133181401063975e-16
8.40355218077366953366e+03 1.10472190410779186690e-16
8.40729838895791181130e+03 1.04205638108776341018e-16
8.41104498878580488963e+03 1.04672415758069190910e-16
8.41479198112616359140e+03 1.03925888529363303884e-16
8.41853936685052758548e+03 8.40293124878994601728e-17
8.42228714683314683498e+03 1.12718718303558980987e-16
8.42603532195098887314e+03 1.06253910273877246243e-16
8.42978389308373880340e+03 1.05861864788414198544e-16
8.43353286111379929935e+03 1.15340416304947973888e-16
8.43728222692628696677e+03 8.68539901162656656481e-17
8.44103199140904325759e+03 9.41941328783550979494e-17
8.44478215545261264197e+03 9.46453705795822972380e-17
8.44853271995026443619e+03 1.17621866211826316235e-16
8.45228368579798916471e+03 1.27911126293229563968e-16
8.45603505389448764618e+03 9.46914393146820716831e-17
8.45978682514117463143e+03 1.18493693953688918814e-16
8.46353900044218607945e+03 9.07347605107487726024e-17
8.46729158070437915740e+03 1.00073646571845130995e-16
8.47104456683731405064e+03 1.07705351175251080849e-16
8.47479795975328306668e+03 1.03339710021974148836e-16
8.47855176036728880717e+03 1.01555364070055772892e-16
8.48230596959704416804e+03 9.77369263295494957756e-17
8.48606058836299052928e+03 1.10961018493604166270e-16
8.48981561758827592712e+03 1.20532127088583320809e-16
8.49357105819876960595e+03 1.22252694717765903438e-16
8.49732691112305838033e+03 1.00648295191644739155e-16
8.50108317729244663497e+03 1.00583808406011030944e-16
8.50483985764094904880e+03 9.37374642780911457424e-17
8.50859695310530150891e+03 1.18356983550037260055e-16
8.51235446462496111053e+03 9.14891639726641491260e-17
8.51611239314209160511e+03 1.11819630417535624701e-16
8.51987073960158159025e+03 9.27233095971317694291e-17
8.52362950495102995774e+03 9.14710181589729352641e-17
8.52738869014076044550e+03 1.18075407156892074987e-16
8.53114829612380708568e+03 8.99477419562162619474e-17
8.53490832385592148057e+03 7.32918199426124240582e-17
8.53866877429556916468e+03 9.68063901631188815057e-17
8.54242964840394415660e+03 1.12921365637115714736e-16
8.54619094714494349319e+03 9.61409192344971082085e-17
8.54995267148518541944e+03 9.87588660420377108335e-17
8.55371482239400938852e+03 8.65642601886982822444e-17
8.55747740084346514777e+03 9.62932901501863412883e-17
8.56124040780832365272e+03 8.76007750568891277400e-17
8.56500384426606979105e+03 9.11055052372095483698e-17
8.56876771119690965861e+03 8.56250641500210229309e-17
8.57253200958375600749e+03 9.35581150528682917606e-17
8.57629674041224643588e+03 8.79886758199227031125e-17
8.58006190467073611217e+03 8.86783421809787788041e-17
8.58382750335029777489e+03 1.03119431741371267888e-16
8.58759353744470718084e+03 1.06260678935001996583e-16
8.59136000795047948486e+03 1.01127848279623340582e-16
8.59512691586682194611e+03 1.06068488114714724972e-16
8.59889426219568122178e+03 1.08433206032409688076e-16
8.60266204794169971137e+03 9.05575436594449283853e-17
8.60643027411225557444e+03 8.76391173138246269972e-17
8.61019894171743362676e+03 1.21547835870077136331e-16
8.61396805177003261633e+03 1.07838542188077295063e-16
8.61773760528557613725e+03 9.52073774031240245634e-17
8.62150760328229807783e+03 1.19396057229771109103e-16
8.62527804678114989656e+03 1.00045624999267720150e-16
8.62904893680580426008e+03 1.10333415582376365161e-16
8.63282027438264776720e+03 1.00468181481413668578e-16
8.63659206054078094894e+03 1.17032670504001051161e-16
8.64036429631202554447e+03 9.53847802913469521351e-17
8.64413698273091722513e+03 1.12256197759269606839e-16
8.64791012083470559446e+03 1.04675127605267531053e-16
8.65168371166336510214e+03 1.10620207783979779648e-16
8.65545775625958413002e+03 1.12046261300541134003e-16
8.65923225566875771619e+03 9.01996660862131512768e-17
8.66300721093901302083e+03 9.89548005936255439474e-17
8.66678262312118022237e+03 1.14227410769846874727e-16
8.67055849326881798333e+03 9.28469072738732406209e-17
8.67433482243819526047e+03 1.01133523444345621714e-16
8.67811161168829494272e+03 8.99397812573664354380e-17
8.68188886208082112717e+03 1.10592626983323639462e-16
8.68566657468019911903e+03 8.20640136385137897287e-17
8.68944475055356087978e+03 8.71195105507024303450e-17
8.69322339077075957903e+03 1.04078420972198202642e-16
8.69700249640436595655e+03 1.09212426095097557526e-16
8.70078206852966832230e+03 1.05093475325013060303e-16
8.70456210822466528043e+03 1.04183370423862651781e-16
8.70834261657008391921e+03 9.84319417519744542351e-17
8.71212359464935434517e+03 1.08926483017303631102e-16
8.71590504354863514891e+03 1.06071135673226687081e-16
8.71968696435679157730e+03 8.38671431904142609205e-17
8.72346935816541372333e+03 8.99001512660974229863e-17
8.72725222606880197418e+03 1.02831818658686692195e-16
8.73103556916398156318e+03 9.34248819624238641585e-17
8.73481938855068801786e+03 9.62406674840013610103e-17
8.73860368533137079794e+03 9.98653286228033518804e-17
8.74238846061120420927e+03 8.50028639792677693313e-17
8.74617371549806921394e+03 1.12136712385898970502e-16
8.74995945110257889610e+03 9.84166976963123334123e-17
8.75374566853804572020e+03 1.03755619945683681062e-16
8.75753236892051063478e+03 1.15636490235354661641e-16
8.76131955336872488260e+03 8.26433048738479962388e-17
8.76510722300416091457e+03 1.05721126174773498823e-16
8.76889537895100511378e+03 1.05804713677472735111e-16
8.77268402233616143349e+03 1.05983149955799074084e-16
8.77647315428924775915e+03 1.11607234488485020178e-16
8.78026277594260682235e+03 1.39741939420769117730e-16
8.78405288843128437293e+03 9.35660260842853311601e-17
8.78784349289305828279e+03 1.08525795485119963872e-16
8.79163459046841308009e+03 1.16961649710032559594e-16
8.79542618230055086315e+03 1.07013490502289567792e-16
8.79921826953539493843e+03 1.10898372075457429606e-16
8.80301085332157890662e+03 1.11525683872728956164e-16
8.80680393481046121451e+03 9.01257974329836426871e-17
8.81059751515610696515e+03 1.22841401728566692908e-16
8.81439159551530974568e+03 1.07851522375202021636e-16
8.81818617704756979947e+03 9.51845663151940455029e-17
8.82198126091510857805e+03 9.62206047793979105595e-17
8.82577684828286146512e+03 8.50744304139264335054e-17
8.82957294031848505256e+03 8.18948646880495128520e-17
8.83336953819235350238e+03 8.17725405116637069751e-17
8.83716664307754399488e+03 9.42196978493295104350e-17
8.84096425614986947039e+03 8.90597394621892550401e-17
8.84476237858784952550e+03 9.16946590027891989562e-17
8.84856101157271768898e+03 1.09583954929020552018e-16
8.85236015628843233571e+03 1.06313080047350743272e-16
8.85615981392166213482e+03 1.08212604357205281623e-16
8.85995998566179332556e+03 1.24824571237463536139e-16
8.86376067270093335537e+03 1.10914393211198273538e-16
8.86756187623390360386e+03 1.07363746529879861128e-16
8.87136359745823574485e+03 1.20478911059886159866e-16
8.87516583757418993628e+03 8.87955446938046841172e-17
8.87896859778473663027e+03 1.09956316206686607009e-16
8.88277187929556021118e+03 1.00665338537678906285e-16
8.88657568331506627146e+03 1.02323843857347504003e-16
8.89038001105437797378e+03 9.16981086466923771583e-17
8.89418486372732877498e+03 8.96357525874343363694e-17
8.89799024255048061605e+03 8.67630589460319672154e-17
8.90179614874309481820e+03 8.87595831051409693222e-17
8.90560258352716846275e+03 1.01776484661138034660e-16
8.90940954812739801127e+03 9.03715938348587400399e-17
8.91321704377121204743e+03 1.15071829020562877565e-16
8.91702507168874217314e+03 9.24399539130085660189e-17
8.92083363311284847441e+03 8.45664048509637933032e-17
8.92464272927909769351e+03 8.70348165352754381119e-17
8.92845236142577778082e+03 1.23998495813545514840e-16
8.93226253079389425693e+03 1.18926943776120071887e-16
8.93607323862717021257e+03 1.08631629517926550570e-16
8.93988448617204267066e+03 8.70413625598732549352e-17
8.94369627467766986229e+03 1.25720211947231763840e-16
8.94750860539591303677e+03 7.93413239432397314350e-17
8.95132147958136920352e+03 1.16195095774760598728e-16
8.95513489849134202814e+03 1.05367729570938505664e-16
8.95894886338584910845e+03 8.36128314692068193052e-17
8.96276337552763288841e+03 9.05008715951367358174e-17
8.96657843618214246817e+03 5.77104015947907458363e-17
8.97039404661755543202e+03 8.28918516181946043068e-17
8.97421020810475965845e+03 8.57093155975061304933e-17
8.97802692191735332017e+03 7.06408983450291562395e-17
8.98184418933166307397e+03 1.07908730276998664950e-16
8.98566201162672950886e+03 9.50820066425107645244e-17
8.98948039008430350805e+03 9.30619898342879602495e-17
8.99329932598885716288e+03 9.74102706097050000324e-17
8.99711882062757649692e+03 8.60186338879606444159e-17
9.00093887529037237982e+03 5.92360618958131791572e-17
9.00475949126986597548e+03 8.63239608290473951065e-17
9.00858066986138874199e+03 9.27380050263830028297e-17
9.01240241236300062155e+03 8.04359745963371916395e-17
9.01622472007547548856e+03 8.91835288107195308559e-17
9.02004759430229387362e+03 8.65911083805939192033e-17
9.02387103634967206744e+03 9.78933967629369751186e-17
9.02769504752652210300e+03 7.68508300390999325292e-17
9.03151962914448813535e+03 9.35347513170305669699e-17
9.03534478251792097581e+03 8.88490297138515473032e-17
9.03917050896389628178e+03 9.20252816400697159168e-17
9.04299680980220364290e+03 1.11534456531899194257e-16
9.04682368635534294299e+03 9.11284123596370458767e-17
9.05065113994853891199e+03 8.69891692128892428827e-17
9.05447917190973385004e+03 9.18686303064621345494e-17
9.05830778356957671349e+03 9.52589318391847794054e-17
9.06213697626144130481e+03 8.04734462847439116055e-17
9.06596675132141899667e+03 8.13181018341328804740e-17
9.06979711008831145591e+03 8.73070039420964359137e-17
9.07362805390364519553e+03 7.81675266194916976201e-17
9.07745958411165702273e+03 9.56688252432550336803e-17
9.08129170205929767690e+03 8.61511452830356833332e-17
9.08512440909624638152e+03 8.92456049510668823064e-17
9.08895770657488901634e+03 7.66285880672800041138e-17
9.09279159585033266922e+03 6.25501833985236569363e-17
9.09662607828039472224e+03 8.03748008302856785309e-17
9.10046115522561740363e+03 8.38831864028372767477e-17
9.10429682804925687378e+03 7.30896700699731142157e-17
9.10813309811728686327e+03 9.88986653619471410700e-17
9.11196996679839139688e+03 6.98257044143367605770e-17
9.11580743546397934551e+03 9.24180406178513806583e-17
9.11964550548816987430e+03 8.47848851530738138968e-17
9.12348417824780699448e+03 6.58530828581898742939e-17
9.12732345512244501151e+03 8.41670446709161071426e-17
9.13116333749435216305e+03 8.75303134347058987129e-17
9.13500382674852153286e+03 7.35390125642131304169e-17
9.13884492427265649894e+03 8.27547465878949579760e-17
9.14268663145718164742e+03 7.65324394952189509191e-17
9.14652894969523549662e+03 6.08476999547035946710e-17
9.15037188038267413503e+03 7.48513653410990542757e-17
9.15421542491807122133e+03 7.84295776575319128209e-17
9.15805958470271070837e+03 5.43055748116698219429e-17
9.16190436114060139516e+03 6.40338542162941265335e-17
9.16574975563846965088e+03 6.86973984151096619213e-17
9.16959576960574850091e+03 5.61146916246403800190e-17
9.17344240445459945477e+03 8.35373505492614954243e-17
9.17728966159989067819e+03 6.40935961554164679011e-17
9.18113754245921154507e+03 6.45873943900294456210e-17
9.18498604845287263743e+03 6.52958602906151391485e-17
9.18883518100389119354e+03 7.01095174963843742965e-17
9.19268494153801293578e+03 8.37360586358058887274e-17
9.19653533148368660477e+03 7.19009964383259722678e-17
9.20038635227208942524e+03 6.32258664461927257139e-17
9.20423800533711255412e+03 6.62725434589132354931e-17
9.20809029211535380455e+03 6.34037534403534523233e-17
9.21194321404614674975e+03 6.60283957450164629412e-17
9.21579677257152434322e+03 5.63939599211480570073e-17
9.21965096913624074659e+03 5.84222296192531296675e-17
9.22350580518777496764e+03 6.68212790527021730985e-17
9.22736128217631630832e+03 5.99917530355886136803e-17
9.23121740155476436485e+03 6.89998255243074337615e-17
9.23507416477874721750e+03 6.67730485202456089636e-17
9.23893157330660324078e+03 4.81190847698178985755e-17
9.24278962859939201735e+03 4.76338188991094402485e-17
9.24664833212087978609e+03 5.37343439473882030988e-17
9.25050768533756126999e+03 4.58153096142930159500e-17
9.25436768971864148625e+03 5.35878471436666464177e-17
9.25822834673604302225e+03 5.56116767660343342404e-17
9.26208965786440603551e+03 4.91747754492723858554e-17
9.26595162458108825376e+03 5.62955838283504826535e-17
9.26981424836616133689e+03 6.01776502401908057529e-17
9.27367753070241451496e+03 5.93084492314183956748e-17
9.27754147307535458822e+03 4.93247251090294264223e-17
9.28140607697320592706e+03 5.17900368238237878933e-17
9.28527134388691047207e+03 6.31662998242368224899e-17
9.28913727531011682004e+03 6.08356664607392948057e-17
9.29300387273920568987e+03 4.70252031323052874123e-17
9.29687113767326445668e+03 4.28269743703832349064e-17
9.30073907161410170374e+03 5.29814558611204008332e-17
9.30460767606623630854e+03 3.79262102133938997007e-17
9.30847695253691563266e+03 3.27237141138586736760e-17
9.31234690253608641797e+03 3.94187472419722002137e-17
9.31621752757643116638e+03 3.84195006631221911486e-17
9.32008882917333176010e+03 4.18512481575000418046e-17
9.32396080884490220342e+03 2.61612755839065446246e-17
9.32783346811196315684e+03 4.53108698892199123393e-17
9.33170680849805285106e+03 3.21662742068296272762e-17
9.33558083152943436289e+03 1.99212700404870884959e-17
9.33945553873507014941e+03 1.69018806294289468889e-17
9.34333093164666206576e+03 2.98910319529305175691e-17
9.34720701179861134733e+03 2.36974808055106768587e-17
9.35108378072804043768e+03 3.15464322702220352210e-17
9.35496123997478935053e+03 3.25852448438423731541e-17
9.35883939108141930774e+03 1.79533313713278907364e-17
9.36271823559320182540e+03 2.27745634742421605637e-17
9.36659777505812598974e+03 2.94081040896276160931e-17
9.37047801102689845720e+03 2.20792437998813176484e-17
9.37435894505294709234e+03 3.38241801807313918273e-17
9.37824057869240641594e+03 2.14912898965210452516e-17
9.38212291350413579494e+03 1.26825232189346482437e-17
9.38600595104971216642e+03 2.88186907462247367465e-17
9.38988969289342276170e+03 2.65138515706790930252e-17
9.39377414060227602022e+03 2.79071026615471557971e-17
9.39765929574599431362e+03 4.31591827080496460826e-17
9.40154515989701758372e+03 3.14832848296450891091e-17
9.40543173463050698047e+03 4.11212992969534949912e-17
9.40931902152433031006e+03 3.09669513848925474569e-17
9.41320702215908386279e+03 4.21085734492535772348e-17
9.41709573811807058519e+03 3.23520597431675568904e-17
9.42098517098731826991e+03 3.92924446572668597996e-17
9.42487532235556500382e+03 2.69935121942060709287e-17
9.42876619381426644395e+03 2.46606512130286250274e-17
9.43265778695760309347e+03 3.08126335892592757933e-17
9.43655010338245847379e+03 2.12283405614772114711e-17
9.44044314468844459043e+03 1.74691300772450993379e-17
9.44433691247788374312e+03 2.76442045645596351283e-17
9.44823140835581580177e+03 2.04080829570074372256e-17
9.45212663392999820644e+03 2.53687831191408959857e-17
9.45602259081090596737e+03 2.33206719823939412187e-17
9.45991928061173166498e+03 2.70776385883123916656e-17
9.46381670494838181185e+03 2.62039543739284271146e-17
9.46771486543947685277e+03 2.67066255295284703466e-17
9.47161376370636207866e+03 9.40700227074732853881e-18
9.47551340137309671263e+03 2.68636174374905625229e-17
9.47941378006644663401e+03 2.43052974184975691582e-17
9.48331490141591348220e+03 2.90780162946495786630e-17
9.48721676705369463889e+03 2.90905543922701870644e-17
9.49111937861472324585e+03 3.08069611388181415170e-17
9.49502273773663182510e+03 2.55977807998645241557e-17
9.49892684605978502077e+03 3.14611456115239761782e-17
9.50283170522725777118e+03 3.02787331272805744819e-17
9.50673731688483530888e+03 2.39721687150286548303e-17
9.51064368268102771253e+03 1.54932912375147869077e-17
9.51455080426705899299e+03 1.60508886002563833599e-17
9.51845868329687436926e+03 2.83129180513334288218e-17
9.52236732142712571658e+03 2.63787151770715738068e-17
9.52627672031718975632e+03 2.70107730690782264774e-17
9.53018688162916077999e+03 3.19710342818771737402e-17
9.53409780702784337336e+03 2.48984212222995830150e-17
9.53800949818076333031e+03 2.58344506457056932061e-17
9.54192195675816037692e+03 3.02800520986105297033e-17
9.54583518443299180944e+03 2.04088260793329139709e-17
9.54974918288093613228e+03 1.66497957220518621662e-17
9.55366395378038214403e+03 1.76437377092969150884e-17
9.55757949881243985146e+03 2.04809636354476384965e-17
9.56149581966092955554e+03 1.30797327241318461544e-17
9.56541291801239640336e+03 1.64184800203433205295e-17
9.56933079555609947420e+03 2.05440414189323315935e-17
9.57324945398400814156e+03 1.18805135370466934730e-17
9.57716889499082026305e+03 2.69539736563032294541e-17
9.58108912027393671451e+03 2.36157778787528510607e-17
9.58501013153349049389e+03 2.49258141856292042364e-17
9.58893193047231761739e+03 2.16193539089980490901e-17
9.59285451879597530933e+03 1.69018975203539100559e-17
9.59677789821274564019e+03 1.20205956485393919932e-17
9.60070207043361369870e+03 1.37516818472017395985e-17
9.60462703717228578171e+03 2.25866281205585474724e-17
9.60855280014519303222e+03 2.19464987079491991060e-17
9.61247936107147688745e+03 1.21174567991499228175e-17
9.61640672167299271678e+03 1.57064309366858482477e-17
9.62033488367431345978e+03 1.12280335666297840620e-17
9.62426384880273326416e+03 1.70738747706941689748e-17
9.62819361878826384782e+03 1.13370681384156234491e-17
9.63212419536362722283e+03 1.54375781708609674945e-17
9.63605558026426297147e+03 1.48693612497454564423e-17
9.63998777522833188414e+03 1.42533786052128661481e-17
9.64392078199670868344e+03 1.40509089695591949680e-17
9.64785460231298566214e+03 1.09092752706428593375e-17
9.65178923792347268318e+03 1.54125470068326390045e-17
9.65572469057718990371e+03 1.72359524464467621600e-17
9.65966096202588596498e+03 1.74991653934090196950e-17
9.66359805402401616448e+03 1.46820478936142343237e-17
9.66753596832875336986e+03 5.79860732724758176652e-18
9.67147470669999165693e+03 9.95710310147840822109e-18
9.67541427090034267167e+03 6.96103293117278219867e-18
9.67935466269512471627e+03 1.30056851152211960591e-17
9.68329588385238821502e+03 1.20556597031006096051e-17
