3499.948  1.389118E-16
3503.45432065834  1.280516E-16
3506.96064131669  2.253789E-16
3510.46696197503  2.797053E-16
3513.97328263337  6.137211E-17
3517.47960329171  1.037248E-16
3520.98592395006  5.062036E-17
3524.4922446084  -2.408937E-18
3527.99856526674  1.265462E-16
3531.50488592509  2.494489E-16
3535.01120658343  1.035665E-16
3538.51752724177  1.585218E-16
3542.02384790011  3.479380E-16
3545.53016855846  1.397450E-16
3549.0364892168  1.573389E-16
3552.54280987514  2.703062E-17
3556.04913053349  1.930459E-16
3559.55545119183  5.600463E-17
3563.06177185017  1.186877E-16
3566.56809250851  1.987511E-16
3570.07441316686  6.911561E-17
3573.5807338252  6.171914E-17
3577.08705448354  1.619858E-16
3580.59337514189  1.435381E-16
3584.09969580023  1.146105E-16
3587.60601645857  1.696316E-16
3591.11233711691  9.769063E-17
3594.61865777526  1.222290E-16
3598.1249784336  1.113244E-16
3601.63129909194  8.783591E-17
3605.13761975028  1.883732E-16
3608.64394040863  2.091424E-16
3612.15026106697  1.443115E-16
3615.65658172531  6.836020E-17
3619.16290238366  8.290723E-17
3622.669223042  6.752615E-17
3626.17554370034  1.066717E-16
3629.68186435868  6.934782E-17
3633.18818501703  1.210380E-16
3636.69450567537  2.009330E-16
3640.20082633371  1.710823E-16
3643.70714699206  1.196000E-16
3647.2134676504  1.518082E-16
3650.71978830874  2.228347E-16
3654.22610896708  1.780243E-16
3657.73242962543  1.502332E-16
3661.23875028377  1.848310E-16
3664.74507094211  1.335537E-16
3668.25139160046  1.100387E-16
3671.7577122588  1.211807E-16
3675.26403291714  9.809782E-17
3678.77035357548  1.852058E-16
3682.27667423383  1.242557E-16
3685.78299489217  1.166159E-16
3689.28931555051  1.272665E-16
3692.79563620886  1.492239E-16
3696.3019568672  1.529499E-16
3699.80827752554  1.988263E-16
3703.31459818388  1.228990E-16
3706.82091884223  1.193255E-16
3710.32723950057  1.250001E-16
3713.83356015891  1.604200E-16
3717.33988081725  1.598030E-16
3720.8462014756  8.764509E-17
3724.35252213394  1.242814E-16
3727.85884279228  1.266514E-16
3731.36516345063  8.451885E-17
3734.87148410897  1.048764E-16
3738.37780476731  9.463662E-17
3741.88412542566  1.031084E-16
3745.390446084  1.403149E-16
3748.89676674234  1.540217E-16
3752.40308740068  1.014820E-16
3755.90940805903  1.219345E-16
3759.41572871737  1.181872E-16
3762.92204937571  1.287420E-16
3766.42837003405  1.177954E-16
3769.9346906924  1.260285E-16
3773.44101135074  1.112395E-16
3776.94733200908  1.146513E-16
3780.45365266743  1.247263E-16
3783.95997332577  9.540538E-17
3787.46629398411  7.965015E-17
3790.97261464245  1.167477E-16
3794.4789353008  1.620626E-16
3797.98525595914  1.597802E-16
3801.49157661748  1.634598E-16
3804.99789727582  1.524134E-16
3808.50421793417  1.281962E-16
3812.01053859251  1.303900E-16
3815.51685925085  1.424941E-16
3819.0231799092  1.066536E-16
3822.52950056754  9.689139E-17
3826.03582122588  1.486549E-16
3829.54214188422  1.752740E-16
3833.04846254257  1.327092E-16
3836.55478320091  1.718330E-16
3840.06110385925  1.321105E-16
3843.5674245176  1.150213E-16
3847.07374517594  1.123296E-16
3850.58006583428  1.146419E-16
3854.08638649262  1.175381E-16
3857.59270715097  1.359685E-16
3861.09902780931  1.597508E-16
3864.60534846765  1.517095E-16
3868.111669126  1.055649E-16
3871.61798978434  1.257564E-16
3875.12431044268  1.255175E-16
3878.63063110102  1.258900E-16
3882.13695175937  1.221749E-16
3885.64327241771  1.023392E-16
3889.14959307605  1.235200E-16
3892.6559137344  1.423625E-16
3896.16223439274  1.384220E-16
3899.66855505108  1.906118E-16
3903.17487570942  1.975965E-16
3906.68119636777  2.205015E-16
3910.18751702611  2.083821E-16
3913.69383768445  1.389421E-16
3917.20015834279  1.556841E-16
3920.70647900114  1.090734E-16
3924.21279965948  1.084768E-16
3927.71912031782  1.274915E-16
3931.22544097617  1.342701E-16
3934.73176163451  1.239920E-16
3938.23808229285  1.286452E-16
3941.74440295119  1.150746E-16
3945.25072360954  1.285497E-16
3948.75704426788  1.395971E-16
3952.26336492622  1.564332E-16
3955.76968558457  1.231446E-16
3959.27600624291  1.502671E-16
3962.78232690125  1.486422E-16
3966.28864755959  1.473760E-16
3969.79496821794  1.284589E-16
3973.30128887628  1.328069E-16
3976.80760953462  1.172940E-16
3980.31393019296  1.172907E-16
3983.82025085131  1.267024E-16
3987.32657150965  1.253753E-16
3990.83289216799  1.341022E-16
3994.33921282634  1.541577E-16
3997.84553348468  1.634347E-16
4001.35185414302  1.583163E-16
4004.85817480137  1.260233E-16
4008.36449545971  1.298502E-16
4011.87081611805  1.370126E-16
4015.37713677639  1.033607E-16
4018.88345743474  1.238902E-16
4022.38977809308  1.247262E-16
4025.89609875142  1.338407E-16
4029.40241940977  1.486647E-16
4032.90874006811  1.618011E-16
4036.41506072645  1.707482E-16
4039.92138138479  1.411832E-16
4043.42770204314  1.467476E-16
4046.93402270148  1.516209E-16
4050.44034335982  1.520051E-16
4053.94666401816  1.621065E-16
4057.45298467651  1.431647E-16
4060.95930533485  1.297417E-16
4064.46562599319  1.400571E-16
4067.97194665154  1.377387E-16
4071.47826730988  1.305184E-16
4074.98458796822  1.398600E-16
4078.49090862656  1.571533E-16
4081.99722928491  1.614516E-16
4085.50354994325  1.390906E-16
4089.00987060159  1.393673E-16
4092.51619125994  1.577821E-16
4096.02251191828  1.649765E-16
4099.52883257662  1.502040E-16
4103.03515323496  1.343502E-16
4106.54147389331  1.490776E-16
4110.04779455165  1.294574E-16
4113.55411520999  1.232763E-16
4117.06043586833  1.369137E-16
4120.56675652668  1.544848E-16
4124.07307718502  1.467140E-16
4127.57939784336  1.448876E-16
4131.08571850171  1.495573E-16
4134.59203916005  1.382977E-16
4138.09835981839  1.522269E-16
4141.60468047673  1.395627E-16
4145.11100113508  1.409291E-16
4148.61732179342  1.385006E-16
4152.12364245176  1.364248E-16
4155.62996311011  1.400295E-16
4159.13628376845  1.340352E-16
4162.64260442679  1.369155E-16
4166.14892508513  1.596432E-16
4169.65524574348  1.598844E-16
4173.16156640182  1.513081E-16
4176.66788706016  1.518520E-16
4180.17420771851  1.455166E-16
4183.68052837685  1.375996E-16
4187.18684903519  1.329970E-16
4190.69316969353  1.405214E-16
4194.19949035188  1.381392E-16
4197.70581101022  1.446724E-16
4201.21213166856  1.460668E-16
4204.7184523269  1.434075E-16
4208.22477298525  1.546179E-16
4211.73109364359  1.445059E-16
4215.23741430193  1.273882E-16
4218.74373496028  1.499900E-16
4222.25005561862  1.339741E-16
4225.75637627696  1.260235E-16
4229.2626969353  1.333869E-16
4232.76901759365  1.300618E-16
4236.27533825199  1.291737E-16
4239.78165891033  1.381772E-16
4243.28797956868  1.462228E-16
4246.79430022702  1.478228E-16
4250.30062088536  1.270852E-16
4253.8069415437  1.246104E-16
4257.31326220205  1.370666E-16
4260.81958286039  1.498444E-16
4264.32590351873  1.422025E-16
4267.83222417707  1.347333E-16
4271.33854483542  1.428835E-16
4274.84486549376  1.379577E-16
4278.3511861521  1.519570E-16
4281.85750681045  1.426252E-16
4285.36382746879  1.249004E-16
4288.87014812713  1.561377E-16
4292.37646878548  1.306628E-16
4295.88278944382  1.318809E-16
4299.38911010216  1.467621E-16
4302.8954307605  1.429018E-16
4306.40175141885  1.286284E-16
4309.90807207719  1.492507E-16
4313.41439273553  1.535060E-16
4316.92071339387  1.539514E-16
4320.42703405222  1.380503E-16
4323.93335471056  1.387816E-16
4327.4396753689  1.226179E-16
4330.94599602725  1.467568E-16
4334.45231668559  1.372212E-16
4337.95863734393  1.246945E-16
4341.46495800227  1.325190E-16
4344.97127866062  1.253163E-16
4348.47759931896  1.245192E-16
4351.9839199773  1.336727E-16
4355.49024063564  1.442131E-16
4358.99656129399  1.482920E-16
4362.50288195233  1.441923E-16
4366.00920261067  1.370097E-16
4369.51552326902  1.263638E-16
4373.02184392736  1.438534E-16
4376.5281645857  1.364019E-16
4380.03448524404  1.424991E-16
4383.54080590239  1.488784E-16
4387.04712656073  1.366480E-16
4390.55344721907  1.405881E-16
4394.05976787741  1.270274E-16
4397.56608853576  1.249001E-16
4401.0724091941  1.317611E-16
4404.57872985244  1.310716E-16
4408.08505051079  1.414694E-16
4411.59137116913  1.295356E-16
4415.09769182747  1.341035E-16
4418.60401248581  1.222812E-16
4422.11033314416  1.296276E-16
4425.6166538025  1.350661E-16
4429.12297446084  1.395940E-16
4432.62929511919  1.230530E-16
4436.13561577753  1.417844E-16
4439.64193643587  1.485226E-16
4443.14825709421  1.399648E-16
4446.65457775256  1.348817E-16
4450.1608984109  1.361682E-16
4453.66721906924  1.278632E-16
4457.17353972759  1.274512E-16
4460.67986038593  1.227935E-16
4464.18618104427  1.253052E-16
4467.69250170261  1.241535E-16
4471.19882236096  1.231226E-16
4474.7051430193  1.343618E-16
4478.21146367764  1.359071E-16
4481.71778433599  1.289663E-16
4485.22410499433  1.292422E-16
4488.73042565267  1.181666E-16
4492.23674631101  1.322030E-16
4495.74306696936  1.201658E-16
4499.2493876277  1.303943E-16
4502.75570828604  1.385456E-16
4506.26202894439  1.338482E-16
4509.76834960273  1.217423E-16
4513.27467026107  1.395451E-16
4516.78099091941  1.232052E-16
4520.28731157776  1.271336E-16
4523.7936322361  1.373560E-16
4527.29995289444  1.246210E-16
4530.80627355279  1.272006E-16
4534.31259421113  1.246995E-16
4537.81891486947  1.426310E-16
4541.32523552781  1.460675E-16
4544.83155618616  1.460478E-16
4548.3378768445  1.543246E-16
4551.84419750284  1.494539E-16
4555.35051816119  1.305503E-16
4558.85683881953  1.417135E-16
4562.36315947787  1.489767E-16
4565.86948013621  1.289265E-16
4569.37580079456  1.201944E-16
4572.8821214529  1.321170E-16
4576.38844211124  1.236250E-16
4579.89476276959  1.254654E-16
4583.40108342793  1.309593E-16
4586.90740408627  1.325101E-16
4590.41372474461  1.351265E-16
4593.92004540296  1.265326E-16
4597.4263660613  1.315901E-16
4600.93268671964  1.341255E-16
4604.43900737798  1.315882E-16
4607.94532803633  1.219257E-16
4611.45164869467  1.134532E-16
4614.95796935301  1.273841E-16
4618.46429001136  1.236225E-16
4621.9706106697  1.307244E-16
4625.47693132804  1.277680E-16
4628.98325198638  1.287600E-16
4632.48957264473  1.260051E-16
4635.99589330307  1.217084E-16
4639.50221396141  1.148676E-16
4643.00853461976  1.117867E-16
4646.5148552781  1.267413E-16
4650.02117593644  1.157919E-16
4653.52749659478  1.175495E-16
4657.03381725313  1.226929E-16
4660.54013791147  1.230738E-16
4664.04645856981  1.160221E-16
4667.55277922815  1.244200E-16
4671.0590998865  1.177866E-16
4674.56542054484  1.071804E-16
4678.07174120318  1.112476E-16
4681.57806186153  1.208162E-16
4685.08438251987  1.253547E-16
4688.59070317821  1.244003E-16
4692.09702383655  1.220584E-16
4695.6033444949  1.220176E-16
4699.10966515324  1.184038E-16
4702.61598581158  1.278581E-16
4706.12230646993  1.159072E-16
4709.62862712827  1.183696E-16
4713.13494778661  1.284929E-16
4716.64126844495  1.235327E-16
4720.1475891033  1.238404E-16
4723.65390976164  1.287231E-16
4727.16023041998  1.289177E-16
4730.66655107833  1.293186E-16
4734.17287173667  1.340417E-16
4737.67919239501  1.394963E-16
4741.18551305335  1.221965E-16
4744.6918337117  1.156788E-16
4748.19815437004  1.295123E-16
4751.70447502838  1.242270E-16
4755.21079568672  1.129211E-16
4758.71711634507  1.235032E-16
4762.22343700341  1.180933E-16
4765.72975766175  1.021399E-16
4769.2360783201  1.158355E-16
4772.74239897844  1.230650E-16
4776.24871963678  1.288961E-16
4779.75504029512  1.188342E-16
4783.26136095347  1.139434E-16
4786.76768161181  1.263499E-16
4790.27400227015  1.293917E-16
4793.7803229285  1.219598E-16
4797.28664358684  1.233837E-16
4800.79296424518  1.281444E-16
4804.29928490352  1.354330E-16
4807.80560556187  1.147410E-16
4811.31192622021  1.185688E-16
4814.81824687855  1.271873E-16
4818.32456753689  1.275203E-16
4821.83088819524  1.116956E-16
4825.33720885358  1.194492E-16
4828.84352951192  1.149875E-16
4832.34985017027  1.119100E-16
4835.85617082861  1.165936E-16
4839.36249148695  1.143619E-16
4842.86881214529  1.140888E-16
4846.37513280364  1.264068E-16
4849.88145346198  1.279114E-16
4853.38777412032  1.251091E-16
4856.89409477867  1.180767E-16
4860.40041543701  1.083472E-16
4863.90673609535  1.207155E-16
4867.41305675369  1.204421E-16
4870.91937741204  1.222854E-16
4874.42569807038  1.091459E-16
4877.93201872872  1.154560E-16
4881.43833938707  1.231086E-16
4884.94466004541  1.162995E-16
4888.45098070375  1.248393E-16
4891.95730136209  1.166758E-16
4895.46362202044  1.252187E-16
4898.96994267878  1.245530E-16
4902.47626333712  1.172457E-16
4905.98258399547  1.076210E-16
4909.48890465381  1.174776E-16
4912.99522531215  1.117490E-16
4916.50154597049  1.214524E-16
4920.00786662884  1.102523E-16
4923.51418728718  1.063830E-16
4927.02050794552  1.104699E-16
4930.52682860387  1.077401E-16
4934.03314926221  9.831147E-17
4937.53946992055  1.072626E-16
4941.04579057889  1.196756E-16
4944.55211123724  1.125305E-16
4948.05843189558  1.108930E-16
4951.56475255392  1.177489E-16
4955.07107321227  1.106839E-16
4958.57739387061  9.992956E-17
4962.08371452895  1.001618E-16
4965.59003518729  1.047639E-16
4969.09635584564  1.003441E-16
4972.60267650398  1.087708E-16
4976.10899716232  1.103253E-16
4979.61531782066  1.099644E-16
4983.12163847901  9.955722E-17
4986.62795913735  1.004511E-16
4990.13427979569  9.703697E-17
4993.64060045404  9.827305E-17
4997.14692111238  9.255040E-17
5000.65324177072  1.043441E-16
5004.15956242907  1.040868E-16
5007.66588308741  1.034372E-16
5011.17220374575  1.045058E-16
5014.67852440409  1.017347E-16
5018.18484506244  1.074600E-16
5021.69116572078  1.014866E-16
5025.19748637912  1.021644E-16
5028.70380703746  1.015040E-16
5032.21012769581  1.018060E-16
5035.71644835415  1.037783E-16
5039.22276901249  1.103597E-16
5042.72908967084  1.135543E-16
5046.23541032918  1.114011E-16
5049.74173098752  9.469378E-17
5053.24805164586  1.075697E-16
5056.75437230421  1.079434E-16
5060.26069296255  1.118708E-16
5063.76701362089  1.166044E-16
5067.27333427923  1.113611E-16
5070.77965493758  1.201282E-16
5074.28597559592  1.216737E-16
5077.79229625426  1.338611E-16
5081.29861691261  1.397408E-16
5084.80493757095  1.589136E-16
5088.31125822929  1.839161E-16
5091.81757888763  1.782287E-16
5095.32389954598  1.695555E-16
5098.83022020432  1.438172E-16
5102.33654086266  1.234399E-16
5105.84286152101  1.139258E-16
5109.34918217935  1.146288E-16
5112.85550283769  1.277232E-16
5116.36182349603  1.281326E-16
5119.86814415438  1.200407E-16
5123.37446481272  1.176776E-16
5126.88078547106  1.099739E-16
5130.3871061294  1.091944E-16
5133.89342678775  1.104216E-16
5137.39974744609  1.055521E-16
5140.90606810443  1.050205E-16
5144.41238876278  1.120377E-16
5147.91870942112  1.164306E-16
5151.42503007946  1.218523E-16
5154.9313507378  1.216415E-16
5158.43767139615  1.238684E-16
5161.94399205449  1.205690E-16
5165.45031271283  1.223452E-16
5168.95663337118  1.171136E-16
5172.46295402952  1.149185E-16
5175.96927468786  1.084361E-16
5179.47559534621  9.908544E-17
5182.98191600455  1.092247E-16
5186.48823666289  1.153250E-16
5189.99455732123  1.103528E-16
5193.50087797958  1.041163E-16
5197.00719863792  1.087096E-16
5200.51351929626  1.098818E-16
5204.0198399546  1.061143E-16
5207.52616061295  9.732629E-17
5211.03248127129  9.745476E-17
5214.53880192963  1.035563E-16
5218.04512258798  1.014120E-16
5221.55144324632  1.011995E-16
5225.05776390466  9.770816E-17
5228.564084563  9.877192E-17
5232.07040522135  1.012742E-16
5235.57672587969  1.129267E-16
5239.08304653803  1.164243E-16
5242.58936719638  1.217129E-16
5246.09568785472  1.276825E-16
5249.60200851306  1.110736E-16
5253.1083291714  1.113080E-16
5256.61464982975  1.113468E-16
5260.12097048809  1.033742E-16
5263.62729114643  9.681822E-17
5267.13361180478  9.928877E-17
5270.63993246312  1.024760E-16
5274.14625312146  9.745558E-17
5277.6525737798  9.825167E-17
5281.15889443815  1.072423E-16
5284.66521509649  1.010932E-16
5288.17153575483  9.200244E-17
5291.67785641318  9.770658E-17
5295.18417707152  1.040447E-16
5298.69049772986  9.836326E-17
5302.1968183882  9.245939E-17
5305.70313904655  9.582611E-17
5309.20945970489  9.489256E-17
5312.71578036323  9.374679E-17
5316.22210102157  9.165983E-17
5319.72842167992  8.533767E-17
5323.23474233826  9.366429E-17
5326.7410629966  9.262533E-17
5330.24738365495  9.621736E-17
5333.75370431329  9.605391E-17
5337.26002497163  9.153390E-17
5340.76634562997  1.046832E-16
5344.27266628832  1.015511E-16
5347.77898694666  9.118979E-17
5351.285307605  9.674303E-17
5354.79162826335  1.003111E-16
5358.29794892169  9.527233E-17
5361.80426958003  9.647965E-17
5365.31059023837  9.418404E-17
5368.81691089672  9.365912E-17
5372.32323155506  8.588578E-17
5375.8295522134  9.742645E-17
5379.33587287175  1.086540E-16
5382.84219353009  9.399507E-17
5386.34851418843  1.033847E-16
5389.85483484677  9.400266E-17
5393.36115550512  9.621918E-17
5396.86747616346  9.848936E-17
5400.3737968218  9.453234E-17
5403.88011748015  1.015931E-16
5407.38643813849  1.000052E-16
5410.89275879683  1.039011E-16
5414.39907945517  1.051083E-16
5417.90540011352  9.590031E-17
5421.41172077186  1.035246E-16
5424.9180414302  1.115883E-16
5428.42436208854  1.074182E-16
5431.93068274689  1.065584E-16
5435.43700340523  9.448624E-17
5438.94332406357  9.746166E-17
5442.44964472191  9.632078E-17
5445.95596538026  9.871016E-17
5449.4622860386  9.964736E-17
5452.96860669694  9.656977E-17
5456.47492735529  1.079309E-16
5459.98124801363  1.026508E-16
5463.48756867197  9.620126E-17
5466.99388933031  9.688875E-17
5470.50020998866  9.710784E-17
5474.006530647  9.964860E-17
5477.51285130534  1.047586E-16
5481.01917196369  1.023736E-16
5484.52549262203  9.850725E-17
5488.03181328037  9.974217E-17
5491.53813393871  9.280348E-17
5495.04445459706  9.289343E-17
5498.5507752554  9.452912E-17
5502.05709591374  9.332933E-17
5505.56341657209  9.702668E-17
5509.06973723043  9.233848E-17
5512.57605788877  1.002382E-16
5516.08237854711  1.044093E-16
5519.58869920546  1.029392E-16
5523.0950198638  1.024333E-16
5526.60134052214  9.428678E-17
5530.10766118049  1.023612E-16
5533.61398183883  1.010291E-16
5537.12030249717  1.005734E-16
5540.62662315551  1.000811E-16
5544.13294381386  9.215257E-17
5547.6392644722  8.949816E-17
5551.14558513054  1.008031E-16
5554.65190578889  9.657299E-17
5558.15822644723  9.679055E-17
5561.66454710557  9.831345E-17
5565.17086776391  9.805908E-17
5568.67718842226  9.822929E-17
5572.1835090806  9.918369E-17
5575.68982973894  9.918369E-17
5579.19615039728  9.918369E-17
5582.70247105563  9.787834E-17
5586.20879171397  9.491857E-17
5589.71511237231  9.467784E-17
5593.22143303066  9.421987E-17
5596.727753689  9.601748E-17
5600.23407434734  1.026361E-16
5603.74039500568  9.666457E-17
5607.24671566403  8.969169E-17
5610.75303632237  8.662910E-17
5614.25935698071  8.929026E-17
5617.76567763906  8.886819E-17
5621.2719982974  7.648933E-17
5624.77831895574  8.263453E-17
5628.28463961408  8.583142E-17
5631.79096027243  8.233277E-17
5635.29728093077  8.458881E-17
5638.80360158911  8.578594E-17
5642.30992224746  8.793173E-17
5645.8162429058  8.682667E-17
5649.32256356414  8.193645E-17
5652.82888422248  8.588842E-17
5656.33520488083  8.283966E-17
5659.84152553917  7.924464E-17
5663.34784619751  8.249079E-17
5666.85416685585  8.517104E-17
5670.3604875142  8.565573E-17
5673.86680817254  8.224290E-17
5677.37312883088  8.806989E-17
5680.87944948923  8.908224E-17
5684.38577014757  7.871987E-17
5687.89209080591  8.095349E-17
5691.39841146426  8.168382E-17
5694.9047321226  8.026100E-17
5698.41105278094  7.894113E-17
5701.91737343928  8.437345E-17
5705.42369409763  8.738740E-17
5708.93001475597  7.805507E-17
5712.43633541431  8.036561E-17
5715.94265607266  8.053631E-17
5719.448976731  7.655907E-17
5722.95529738934  8.115176E-17
5726.46161804768  7.812262E-17
5729.96793870602  7.412529E-17
5733.47425936437  8.451112E-17
5736.98058002271  8.197967E-17
5740.48690068105  7.379548E-17
5743.9932213394  8.473856E-17
5747.49954199774  9.056071E-17
5751.00586265608  9.260010E-17
5754.51218331442  8.726448E-17
5758.01850397277  7.689796E-17
5761.52482463111  7.956687E-17
5765.03114528945  7.595762E-17
5768.5374659478  7.544082E-17
5772.04378660614  8.228011E-17
5775.55010726448  8.093088E-17
5779.05642792282  8.298425E-17
5782.56274858117  8.656566E-17
5786.06906923951  7.754210E-17
5789.57538989785  8.107088E-17
5793.0817105562  8.966619E-17
5796.58803121454  8.200426E-17
5800.09435187288  7.521531E-17
5803.60067253122  8.084816E-17
5807.10699318957  7.809739E-17
5810.61331384791  7.821469E-17
5814.11963450625  7.728834E-17
5817.62595516459  8.235430E-17
5821.13227582294  8.516951E-17
5824.63859648128  8.324482E-17
5828.14491713962  8.089629E-17
5831.65123779797  7.637951E-17
5835.15755845631  7.784928E-17
5838.66387911465  7.736637E-17
5842.17019977299  8.141428E-17
5845.67652043134  8.030890E-17
5849.18284108968  7.365702E-17
5852.68916174802  7.839931E-17
5856.19548240637  7.608933E-17
5859.70180306471  7.945525E-17
5863.20812372305  7.489673E-17
5866.71444438139  7.656865E-17
5870.22076503974  8.306876E-17
5873.72708569808  8.568923E-17
5877.23340635642  8.859765E-17
5880.73972701477  8.213422E-17
5884.24604767311  7.301938E-17
5887.75236833145  7.878852E-17
5891.25868898979  8.192757E-17
5894.76500964814  8.362995E-17
5898.27133030648  8.011750E-17
5901.77765096482  7.495110E-17
5905.28397162317  7.778107E-17
5908.79029228151  7.462357E-17
5912.29661293985  6.963576E-17
5915.80293359819  7.627515E-17
5919.30925425654  8.348807E-17
5922.81557491488  8.187624E-17
5926.32189557322  7.802890E-17
5929.82821623157  7.444239E-17
5933.33453688991  8.126672E-17
5936.84085754825  7.631511E-17
5940.34717820659  7.985946E-17
5943.85349886494  7.666630E-17
5947.35981952328  8.665982E-17
5950.86614018162  8.505076E-17
5954.37246083997  7.942067E-17
5957.87878149831  7.584486E-17
5961.38510215665  7.362255E-17
5964.89142281499  7.463874E-17
5968.39774347334  7.892564E-17
5971.90406413168  7.266612E-17
5975.41038479002  7.042906E-17
5978.91670544837  7.599009E-17
5982.42302610671  8.266843E-17
5985.92934676505  6.968505E-17
5989.43566742339  7.687032E-17
5992.94198808174  7.569016E-17
5996.44830874008  6.606461E-17
5999.95462939842  6.496649E-17
6003.46095005677  7.300451E-17
6006.96727071511  7.425217E-17
6010.47359137345  7.185675E-17
6013.97991203179  7.659348E-17
6017.48623269013  8.078961E-17
6020.99255334848  8.098988E-17
6024.49887400682  8.554176E-17
6028.00519466516  7.399612E-17
6031.51151532351  6.676138E-17
6035.01783598185  7.732814E-17
6038.52415664019  7.059879E-17
6042.03047729853  7.357922E-17
6045.53679795688  7.374907E-17
6049.04311861522  7.489845E-17
6052.54943927356  8.103876E-17
6056.05575993191  7.335943E-17
6059.56208059025  7.307846E-17
6063.06840124859  7.420369E-17
6066.57472190693  7.816924E-17
6070.08104256528  6.745190E-17
6073.58736322362  6.751882E-17
6077.09368388196  7.194570E-17
6080.60000454031  7.398914E-17
6084.10632519865  7.670092E-17
6087.61264585699  7.696674E-17
6091.11896651533  6.884300E-17
6094.62528717368  6.408887E-17
6098.13160783202  6.567607E-17
6101.63792849036  6.394466E-17
6105.1442491487  6.944593E-17
6108.65056980705  7.102738E-17
6112.15689046539  7.092738E-17
6115.66321112373  6.913501E-17
6119.16953178208  7.077592E-17
6122.67585244042  7.544499E-17
6126.18217309876  7.104572E-17
6129.68849375711  7.717179E-17
6133.19481441545  7.825562E-17
6136.70113507379  7.104478E-17
6140.20745573213  7.312932E-17
6143.71377639048  7.869223E-17
6147.22009704882  8.100087E-17
6150.72641770716  7.895119E-17
6154.23273836551  8.418551E-17
6157.73905902385  8.129569E-17
6161.24537968219  7.214949E-17
6164.75170034053  7.338302E-17
6168.25802099888  7.868043E-17
6171.76434165722  8.392237E-17
6175.27066231556  8.359087E-17
6178.7769829739  6.931468E-17
6182.28330363225  6.769448E-17
6185.78962429059  7.196131E-17
6189.29594494893  7.883927E-17
6192.80226560728  7.605417E-17
6196.30858626562  7.117333E-17
6199.81490692396  6.884540E-17
6203.3212275823  7.065819E-17
6206.82754824065  7.125181E-17
6210.33386889899  6.484612E-17
6213.84018955733  7.023363E-17
6217.34651021568  7.487187E-17
6220.85283087402  7.470847E-17
6224.35915153236  7.961406E-17
6227.8654721907  7.079517E-17
6231.37179284905  7.456713E-17
6234.87811350739  6.974764E-17
6238.38443416573  7.026299E-17
6241.89075482408  7.259720E-17
6245.39707548242  7.696279E-17
6248.90339614076  8.142587E-17
6252.4097167991  7.745686E-17
6255.91603745745  7.510640E-17
6259.42235811579  6.964762E-17
6262.92867877413  7.725146E-17
6266.43499943248  7.406938E-17
6269.94132009082  7.395992E-17
6273.44764074916  6.679854E-17
6276.9539614075  6.858084E-17
6280.46028206585  7.090617E-17
6283.96660272419  7.476205E-17
6287.47292338253  7.066736E-17
6290.97924404088  6.487678E-17
6294.48556469922  6.425528E-17
6297.99188535756  7.077423E-17
6301.4982060159  7.553729E-17
6305.00452667425  7.871414E-17
6308.51084733259  7.758340E-17
6312.01716799093  6.453071E-17
6315.52348864927  6.604420E-17
6319.02980930762  7.303064E-17
6322.53612996596  6.911883E-17
6326.0424506243  6.485703E-17
6329.54877128264  6.686215E-17
6333.05509194099  6.924795E-17
6336.56141259933  6.763334E-17
6340.06773325767  6.580383E-17
6343.57405391602  6.750817E-17
6347.08037457436  7.014073E-17
6350.5866952327  7.161439E-17
6354.09301589104  7.012514E-17
6357.59933654939  6.540025E-17
6361.10565720773  6.761540E-17
6364.61197786607  6.144604E-17
6368.11829852442  7.109101E-17
6371.62461918276  6.319287E-17
6375.1309398411  6.250649E-17
6378.63726049944  7.097404E-17
6382.14358115779  6.170105E-17
6385.64990181613  6.570344E-17
6389.15622247447  7.801125E-17
6392.66254313282  7.541668E-17
6396.16886379116  6.437603E-17
6399.6751844495  7.076441E-17
6403.18150510784  7.219570E-17
6406.68782576619  6.259951E-17
6410.19414642453  6.450225E-17
6413.70046708287  6.650652E-17
6417.20678774121  7.224791E-17
6420.71310839956  7.005088E-17
6424.2194290579  7.240943E-17
6427.72574971624  6.262746E-17
6431.23207037459  6.407871E-17
6434.73839103293  7.039926E-17
6438.24471169127  7.304524E-17
6441.75103234961  7.134504E-17
6445.25735300796  6.829862E-17
6448.7636736663  7.081612E-17
6452.26999432464  6.831842E-17
6455.77631498299  6.622812E-17
6459.28263564133  6.170032E-17
6462.78895629967  6.680339E-17
6466.29527695801  7.004627E-17
6469.80159761636  6.848044E-17
6473.3079182747  6.428668E-17
6476.81423893304  5.875309E-17
6480.32055959139  6.171125E-17
6483.82688024973  7.065456E-17
6487.33320090807  6.625686E-17
6490.83952156641  6.270861E-17
6494.34584222476  6.395201E-17
6497.8521628831  6.722250E-17
6501.35848354144  7.554711E-17
6504.86480419978  6.388744E-17
6508.37112485813  6.046134E-17
6511.87744551647  6.448179E-17
6515.38376617481  6.242963E-17
6518.89008683316  6.424018E-17
6522.3964074915  6.482502E-17
6525.90272814984  6.357839E-17
6529.40904880818  6.954551E-17
6532.91536946653  7.242967E-17
6536.42169012487  7.167863E-17
6539.92801078321  7.354109E-17
6543.43433144156  7.240741E-17
6546.9406520999  6.955703E-17
6550.44697275824  7.313614E-17
6553.95329341658  7.424342E-17
6557.45961407493  7.277080E-17
6560.96593473327  6.919732E-17
6564.47225539161  6.422773E-17
6567.97857604995  7.084775E-17
6571.4848967083  7.159637E-17
6574.99121736664  7.666082E-17
6578.49753802498  7.025557E-17
6582.00385868333  6.858939E-17
6585.51017934167  6.395542E-17
6589.01650000001  7.181608E-17
6592.52282065835  6.458268E-17
6596.0291413167  6.254624E-17
6599.53546197504  5.984479E-17
6603.04178263338  5.818593E-17
6606.54810329173  6.078712E-17
6610.05442395007  6.857648E-17
6613.56074460841  7.316520E-17
6617.06706526675  6.974573E-17
6620.5733859251  6.830118E-17
6624.07970658344  6.807252E-17
6627.58602724178  6.686434E-17
6631.09234790013  6.272249E-17
6634.59866855847  5.904659E-17
6638.10498921681  5.972399E-17
6641.61130987515  6.208349E-17
6645.1176305335  6.533912E-17
6648.62395119184  6.481333E-17
6652.13027185018  6.424008E-17
6655.63659250853  6.297302E-17
6659.14291316687  5.845029E-17
6662.64923382521  6.125906E-17
6666.15555448355  6.512997E-17
6669.6618751419  7.266054E-17
6673.16819580024  6.568766E-17
6676.67451645858  6.469425E-17
6680.18083711693  6.838712E-17
6683.68715777527  6.598318E-17
6687.19347843361  6.529615E-17
6690.69979909195  6.596120E-17
6694.2061197503  6.322570E-17
6697.71244040864  5.248903E-17
6701.21876106698  5.882846E-17
6704.72508172533  6.297935E-17
6708.23140238367  5.980192E-17
6711.73772304201  6.107833E-17
6715.24404370035  6.521343E-17
6718.7503643587  6.508073E-17
6722.25668501704  6.432147E-17
6725.76300567538  6.202724E-17
6729.26932633373  6.843114E-17
6732.77564699207  6.261202E-17
6736.28196765041  6.315841E-17
6739.78828830875  6.241455E-17
6743.2946089671  5.458500E-17
6746.80092962544  5.748033E-17
6750.30725028378  6.238590E-17
6753.81357094213  6.982635E-17
6757.31989160047  6.915998E-17
6760.82621225881  6.653509E-17
6764.33253291715  6.058518E-17
6767.8388535755  5.981520E-17
6771.34517423384  6.720099E-17
6774.85149489218  6.129761E-17
6778.35781555052  6.173116E-17
6781.86413620887  6.431528E-17
6785.37045686721  7.112681E-17
6788.87677752555  6.717836E-17
6792.3830981839  6.787685E-17
6795.88941884224  6.674272E-17
6799.39573950058  6.161627E-17
6802.90206015892  5.804560E-17
6806.40838081727  6.287733E-17
6809.91470147561  6.670575E-17
6813.42102213395  7.205604E-17
6816.9273427923  6.423789E-17
6820.43366345064  6.571116E-17
6823.93998410898  6.290863E-17
6827.44630476732  6.090913E-17
6830.95262542567  6.722949E-17
6834.45894608401  6.931712E-17
6837.96526674235  7.516515E-17
6841.4715874007  8.418299E-17
6844.97790805904  8.066124E-17
6848.48422871738  8.882066E-17
6851.99054937572  1.072431E-16
6855.49687003407  1.117663E-16
6859.00319069241  1.132817E-16
6862.50951135075  1.451185E-16
6866.0158320091  1.984425E-16
6869.52215266744  2.355082E-16
6873.02847332578  2.488553E-16
6876.53479398412  2.287999E-16
6880.04111464247  1.694911E-16
6883.54743530081  9.332435E-17
6887.05375595915  1.095978E-16
6890.56007661749  1.254850E-16
6894.06639727584  1.246845E-16
6897.57271793418  1.240314E-16
6901.07903859252  1.095378E-16
6904.58535925086  8.136530E-17
6908.09167990921  7.866401E-17
6911.59800056755  6.791470E-17
6915.10432122589  6.899722E-17
6918.61064188424  6.591560E-17
6922.11696254258  7.127171E-17
6925.62328320092  7.412737E-17
6929.12960385926  6.463798E-17
6932.63592451761  6.125772E-17
6936.14224517595  6.587103E-17
6939.64856583429  5.591060E-17
6943.15488649264  5.917830E-17
6946.66120715098  6.258729E-17
6950.16752780932  5.625608E-17
6953.67384846766  5.826816E-17
6957.18016912601  5.799829E-17
6960.68648978435  5.551359E-17
6964.19281044269  5.433238E-17
6967.69913110104  5.784095E-17
6971.20545175938  6.814907E-17
6974.71177241772  6.114348E-17
6978.21809307606  5.291521E-17
6981.72441373441  6.046921E-17
6985.23073439275  5.864904E-17
6988.73705505109  5.696680E-17
6992.24337570944  5.485156E-17
6995.74969636778  5.564227E-17
6999.25601702612  5.723338E-17
7002.76233768446  5.979174E-17
7006.26865834281  5.185835E-17
7009.77497900115  5.636562E-17
7013.28129965949  5.172706E-17
7016.78762031783  5.527030E-17
7020.29394097618  5.604313E-17
7023.80026163452  5.717700E-17
7027.30658229286  6.800984E-17
7030.81290295121  8.282886E-17
7034.31922360955  8.270719E-17
7037.82554426789  9.571586E-17
7041.33186492623  7.938200E-17
7044.83818558458  6.752171E-17
7048.34450624292  7.590989E-17
7051.85082690126  7.623240E-17
7055.3571475596  6.712992E-17
7058.86346821795  5.691605E-17
7062.36978887629  5.250195E-17
7065.87610953463  5.791676E-17
7069.38243019298  5.564499E-17
7072.88875085132  4.892855E-17
7076.39507150966  5.669356E-17
7079.90139216801  5.069413E-17
7083.40771282635  5.050662E-17
7086.91403348469  5.149181E-17
7090.42035414303  5.899252E-17
7093.92667480138  4.973779E-17
7097.43299545972  4.900890E-17
7100.93931611806  5.491724E-17
7104.4456367764  5.879379E-17
7107.95195743475  5.668333E-17
7111.45827809309  5.488415E-17
7114.96459875143  5.701065E-17
7118.47091940978  5.560932E-17
7121.97724006812  4.803564E-17
7125.48356072646  4.997748E-17
7128.9898813848  5.643023E-17
7132.49620204315  6.352818E-17
7136.00252270149  5.547167E-17
7139.50884335983  5.031010E-17
7143.01516401818  4.842213E-17
7146.52148467652  5.876235E-17
7150.02780533486  6.238892E-17
7153.5341259932  5.688544E-17
7157.04044665155  5.631077E-17
7160.54676730989  5.719336E-17
7164.05308796823  6.139727E-17
7167.55940862658  5.248327E-17
7171.06572928492  4.612165E-17
7174.57204994326  4.902617E-17
7178.0783706016  4.961871E-17
7181.58469125995  4.361241E-17
7185.09101191829  5.287244E-17
7188.59733257663  5.360991E-17
7192.10365323498  4.575442E-17
7195.60997389332  4.896716E-17
7199.11629455166  5.451670E-17
7202.62261521  5.417933E-17
7206.12893586835  4.869916E-17
7209.63525652669  5.023862E-17
7213.14157718503  5.404742E-17
7216.64789784337  5.418076E-17
7220.15421850172  5.710492E-17
7223.66053916006  5.025953E-17
7227.1668598184  5.385469E-17
7230.67318047675  5.102463E-17
7234.17950113509  4.774493E-17
7237.68582179343  6.009221E-17
7241.19214245177  4.863073E-17
7244.69846311012  4.134556E-17
7248.20478376846  5.649625E-17
7251.7111044268  5.891080E-17
7255.21742508515  5.852759E-17
7258.72374574349  5.114671E-17
7262.23006640183  4.675310E-17
7265.73638706017  5.173379E-17
7269.24270771852  5.484004E-17
7272.74902837686  4.576230E-17
7276.2553490352  5.119496E-17
7279.76166969354  3.798313E-17
7283.26799035189  3.833914E-17
7286.77431101023  5.023652E-17
7290.28063166857  6.101476E-17
7293.78695232692  6.044796E-17
7297.29327298526  5.104605E-17
7300.7995936436  4.700747E-17
7304.30591430194  5.268386E-17
7307.81223496029  5.686054E-17
7311.31855561863  5.120749E-17
7314.82487627697  5.016819E-17
7318.33119693532  5.443288E-17
7321.83751759366  5.258165E-17
7325.343838252  5.063878E-17
7328.85015891034  5.586229E-17
7332.35647956869  4.902322E-17
7335.86280022703  4.093638E-17
7339.36912088537  5.155787E-17
7342.87544154372  5.747789E-17
7346.38176220206  5.668181E-17
7349.8880828604  5.285299E-17
7353.39440351874  4.626078E-17
7356.90072417709  4.420397E-17
7360.40704483543  5.670942E-17
7363.91336549377  5.637040E-17
7367.41968615211  5.419710E-17
7370.92600681046  5.674094E-17
7374.4323274688  5.071065E-17
7377.93864812714  5.618117E-17
7381.44496878549  4.983394E-17
7384.95128944383  4.819222E-17
7388.45761010217  5.249149E-17
7391.96393076051  5.640348E-17
7395.47025141886  5.207080E-17
7398.9765720772  4.745538E-17
7402.48289273554  4.576372E-17
7405.98921339389  4.748877E-17
7409.49553405223  5.167805E-17
7413.00185471057  5.240639E-17
7416.50817536891  5.364376E-17
7420.01449602726  5.609176E-17
7423.5208166856  5.556980E-17
7427.02713734394  5.538235E-17
7430.53345800228  4.816337E-17
7434.03977866063  3.843603E-17
7437.54609931897  4.704149E-17
7441.05241997731  5.700401E-17
7444.55874063566  5.240365E-17
7448.065061294  4.646846E-17
7451.57138195234  4.354741E-17
7455.07770261068  4.781468E-17
7458.58402326903  5.874635E-17
7462.09034392737  5.249383E-17
7465.59666458571  5.954484E-17
7469.10298524406  5.687593E-17
7472.6093059024  5.500266E-17
7476.11562656074  5.806546E-17
7479.62194721908  5.064493E-17
7483.12826787743  4.044603E-17
7486.63458853577  4.712388E-17
7490.14090919411  4.523990E-17
7493.64722985245  4.386090E-17
7497.1535505108  4.923622E-17
7500.65987116914  4.971255E-17
7504.16619182748  5.768467E-17
7507.67251248583  5.283423E-17
7511.17883314417  5.037721E-17
7514.68515380251  5.615447E-17
7518.19147446085  5.704269E-17
7521.6977951192  5.603048E-17
7525.20411577754  5.379321E-17
7528.71043643588  5.661040E-17
7532.21675709423  5.516105E-17
7535.72307775257  5.256235E-17
7539.22939841091  4.976083E-17
7542.73571906925  4.242634E-17
7546.2420397276  4.493310E-17
7549.74836038594  4.357079E-17
7553.25468104428  4.660218E-17
7556.76100170263  4.294962E-17
7560.26732236097  5.126999E-17
7563.77364301931  5.427261E-17
7567.27996367765  4.678331E-17
7570.786284336  5.125222E-17
7574.29260499434  5.727997E-17
7577.79892565268  5.167618E-17
7581.30524631103  4.704445E-17
7584.81156696937  4.894333E-17
7588.31788762771  4.434138E-17
7591.82420828605  4.314094E-17
7595.3305289444  4.678472E-17
7598.83684960274  5.814050E-17
7602.34317026108  3.569046E-17
7605.84949091943  2.043141E-17
7609.35581157777  3.210651E-17
7612.86213223611  4.110060E-17
7616.36845289445  4.375490E-17
7619.8747735528  4.697053E-17
7623.38109421114  4.710424E-17
7626.88741486948  4.803813E-17
7630.39373552783  3.993716E-17
7633.90005618617  4.248784E-17
7637.40637684451  4.540932E-17
7640.91269750285  4.099014E-17
7644.4190181612  4.667870E-17
7647.92533881954  5.356634E-17
7651.43165947788  5.407913E-17
7654.93798013623  4.933368E-17
7658.44430079457  4.444839E-17
7661.95062145291  5.059317E-17
7665.45694211125  4.796981E-17
7668.9632627696  4.690878E-17
7672.46958342794  4.933272E-17
7675.97590408628  3.838165E-17
7679.48222474463  4.263297E-17
7682.98854540297  5.724814E-17
7686.49486606131  5.333660E-17
7690.00118671965  4.762049E-17
7693.507507378  4.915915E-17
7697.01382803634  5.418693E-17
7700.52014869468  4.455785E-17
7704.02646935303  4.750887E-17
7707.53279001137  4.629463E-17
7711.03911066971  3.736702E-17
7714.54543132805  4.683107E-17
7718.0517519864  4.869214E-17
7721.55807264474  4.045639E-17
7725.06439330308  4.428702E-17
7728.57071396142  5.332244E-17
7732.07703461977  5.636635E-17
7735.58335527811  4.979737E-17
7739.08967593645  5.829448E-17
7742.5959965948  5.262021E-17
7746.10231725314  4.155419E-17
7749.60863791148  4.995404E-17
7753.11495856982  5.604521E-17
7756.62127922817  6.429752E-17
7760.12759988651  4.941995E-17
7763.63392054485  4.696297E-17
7767.1402412032  5.654384E-17
7770.64656186154  5.027474E-17
7774.15288251988  5.029587E-17
7777.65920317822  4.526124E-17
7781.16552383657  4.872667E-17
7784.67184449491  5.408964E-17
7788.17816515325  5.176711E-17
7791.6844858116  4.589835E-17
7795.19080646994  4.566706E-17
7798.69712712828  5.280169E-17
7802.20344778662  4.909338E-17
7805.70976844497  4.861148E-17
7809.21608910331  5.651406E-17
7812.72240976165  5.464477E-17
7816.22873042  4.550519E-17
7819.73505107834  6.121145E-17
7823.24137173668  4.921180E-17
7826.74769239502  3.767043E-17
7830.25401305337  4.777189E-17
7833.76033371171  4.701319E-17
7837.26665437005  4.911314E-17
7840.77297502839  4.608759E-17
7844.27929568674  5.379183E-17
7847.78561634508  5.459389E-17
7851.29193700342  5.511275E-17
7854.79825766177  4.771708E-17
7858.30457832011  4.206810E-17
7861.81089897845  5.015970E-17
7865.31721963679  5.849868E-17
7868.82354029514  6.467268E-17
7872.32986095348  6.066328E-17
7875.83618161182  5.457418E-17
7879.34250227017  5.360162E-17
7882.84882292851  5.645678E-17
7886.35514358685  5.141945E-17
7889.86146424519  4.946654E-17
7893.36778490354  5.321466E-17
7896.87410556188  4.765479E-17
7900.38042622022  3.782307E-17
7903.88674687856  5.281514E-17
7907.39306753691  4.682167E-17
7910.89938819525  5.348382E-17
7914.40570885359  6.442764E-17
7917.91202951194  5.667989E-17
7921.41835017028  4.845070E-17
7924.92467082862  5.079905E-17
7928.43099148696  4.760593E-17
7931.93731214531  4.414411E-17
7935.44363280365  5.087830E-17
7938.94995346199  5.207769E-17
7942.45627412033  4.969624E-17
7945.96259477868  4.729371E-17
7949.46891543702  4.716183E-17
7952.97523609536  4.093502E-17
7956.48155675371  4.628437E-17
7959.98787741205  5.196461E-17
7963.49419807039  4.059766E-17
7967.00051872873  4.265440E-17
7970.50683938708  4.174756E-17
7974.01316004542  4.500771E-17
7977.51948070376  4.966408E-17
7981.02580136211  4.795546E-17
7984.53212202045  4.394829E-17
7988.03844267879  4.475186E-17
7991.54476333713  5.032268E-17
7995.05108399548  4.480616E-17
7998.55740465382  4.133544E-17
8002.06372531216  4.856384E-17
8005.5700459705  4.904870E-17
8009.07636662885  5.085360E-17
8012.58268728719  3.734696E-17
8016.08900794553  4.397218E-17
8019.59532860388  5.240398E-17
8023.10164926222  5.966147E-17
8026.60796992056  3.975399E-17
8030.1142905789  3.966896E-17
8033.62061123725  4.256917E-17
8037.12693189559  4.022868E-17
8040.63325255393  4.343046E-17
8044.13957321228  4.734688E-17
8047.64589387062  4.911820E-17
8051.15221452896  5.290804E-17
8054.6585351873  4.528282E-17
8058.16485584565  4.196584E-17
8061.67117650399  4.149748E-17
8065.17749716233  4.034336E-17
8068.68381782068  5.197000E-17
8072.19013847902  4.232549E-17
8075.69645913736  4.527511E-17
8079.2027797957  4.773518E-17
8082.70910045405  4.757169E-17
8086.21542111239  4.765658E-17
8089.72174177073  4.890777E-17
8093.22806242908  4.762655E-17
8096.73438308742  5.403366E-17
8100.24070374576  5.771083E-17
8103.7470244041  4.984457E-17
8107.25334506245  4.793848E-17
8110.75966572079  4.582558E-17
8114.26598637913  4.352212E-17
8117.77230703747  4.350220E-17
8121.27862769582  4.235146E-17
8124.78494835416  4.123718E-17
8128.2912690125  3.744069E-17
8131.79758967085  3.951887E-17
8135.30391032919  4.600809E-17
8138.81023098753  4.471779E-17
8142.31655164587  5.362785E-17
8145.82287230422  4.929852E-17
8149.32919296256  5.968812E-17
8152.8355136209  4.534940E-17
8156.34183427925  4.930813E-17
8159.84815493759  4.552186E-17
8163.35447559593  3.792224E-17
8166.86079625427  4.354538E-17
8170.36711691262  4.158830E-17
8173.87343757096  5.053477E-17
8177.3797582293  5.922742E-17
8180.88607888764  4.979835E-17
8184.39239954599  4.409815E-17
8187.89872020433  4.552815E-17
8191.40504086267  4.743891E-17
8194.91136152102  4.759005E-17
8198.41768217936  4.413937E-17
8201.9240028377  4.363689E-17
8205.43032349604  5.424601E-17
8208.93664415439  5.699397E-17
8212.44296481273  5.768742E-17
8215.94928547107  5.752984E-17
8219.45560612942  4.796074E-17
8222.96192678776  5.211397E-17
8226.4682474461  5.165139E-17
8229.97456810444  4.981591E-17
8233.48088876279  5.278376E-17
8236.98720942113  5.296556E-17
8240.49353007947  5.141991E-17
8243.99985073782  5.056199E-17
8247.50617139616  4.997689E-17
8251.0124920545  5.099441E-17
8254.51881271284  5.199695E-17
8258.02513337119  4.899025E-17
8261.53145402953  5.113243E-17
8265.03777468787  5.857412E-17
8268.54409534622  5.869229E-17
8272.05041600456  5.098022E-17
8275.5567366629  4.597221E-17
8279.06305732124  4.395966E-17
8282.56937797959  4.405675E-17
8286.07569863793  3.808371E-17
8289.58201929627  4.422825E-17
8293.08833995462  4.026884E-17
8296.59466061296  3.671601E-17
8300.1009812713  5.261793E-17
8303.60730192964  5.400763E-17
8307.11362258799  4.511079E-17
8310.61994324633  4.555663E-17
8314.12626390467  4.470802E-17
8317.63258456301  4.724822E-17
8321.13890522136  4.379176E-17
8324.6452258797  4.650504E-17
8328.15154653804  4.688817E-17
8331.65786719639  4.160918E-17
8335.16418785473  4.861894E-17
8338.67050851307  5.393582E-17
8342.17682917141  4.223138E-17
8345.68314982976  2.761676E-17
8349.1894704881  1.423626E-17
8352.69579114644  4.122068E-17
8356.20211180479  6.142177E-17
8359.70843246313  5.088701E-17
8363.21475312147  5.500629E-17
8366.72107377981  4.121819E-17
8370.22739443816  4.746899E-17
8373.7337150965  4.342273E-17
8377.24003575484  3.591682E-17
8380.74635641319  4.161117E-17
8384.25267707153  4.491660E-17
8387.75899772987  4.498784E-17
8391.26531838821  5.873461E-17
8394.77163904656  3.578260E-17
8398.2779597049  4.136023E-17
8401.78428036324  3.283898E-17
8405.29060102159  3.568969E-17
8408.79692167993  5.488711E-17
8412.30324233827  4.835463E-17
8415.80956299661  4.167806E-17
8419.31588365496  4.105904E-17
8422.8222043133  4.146615E-17
8426.32852497164  3.343203E-17
8429.83484562999  3.432740E-17
8433.34116628833  3.272021E-17
8436.84748694667  3.852482E-17
8440.35380760501  4.878929E-17
8443.86012826336  4.174127E-17
8447.3664489217  4.252045E-17
8450.87276958004  3.819887E-17
8454.37909023839  5.197718E-17
8457.88541089673  5.626590E-17
8461.39173155507  4.867571E-17
8464.89805221341  4.623228E-17
8468.40437287176  3.205482E-17
8471.9106935301  2.514113E-17
8475.41701418844  3.840223E-17
8478.92333484678  4.191825E-17
8482.42965550513  3.855310E-17
8485.93597616347  3.244430E-17
8489.44229682181  4.184556E-17
8492.94861748016  4.012961E-17
8496.4549381385  4.850853E-17
8499.96125879684  4.101361E-17
8503.46757945519  4.071307E-17
8506.97390011353  3.692444E-17
8510.48022077187  3.810363E-17
8513.98654143021  3.361957E-17
8517.49286208855  3.223090E-17
8520.9991827469  4.322341E-17
8524.50550340524  4.528219E-17
8528.01182406359  4.279049E-17
8531.51814472193  3.708459E-17
8535.02446538027  3.885376E-17
8538.53078603861  3.460455E-17
8542.03710669696  4.055786E-17
8545.5434273553  3.857316E-17
8549.04974801364  4.699326E-17
8552.55606867198  5.510564E-17
8556.06238933033  4.314882E-17
8559.56870998867  4.087946E-17
8563.07503064701  4.261543E-17
8566.58135130536  4.177431E-17
8570.0876719637  3.733627E-17
8573.59399262204  3.564721E-17
8577.10031328038  4.323555E-17
8580.60663393873  4.318024E-17
8584.11295459707  4.139028E-17
8587.61927525541  3.914014E-17
8591.12559591376  5.486914E-17
8594.63191657209  5.086686E-17
8598.13823723044  4.579609E-17
8601.64455788878  3.057460E-17
8605.15087854713  3.627506E-17
8608.65719920547  4.260047E-17
8612.16351986381  5.100986E-17
8615.66984052215  4.333821E-17
8619.1761611805  3.982217E-17
8622.68248183884  5.325847E-17
8626.18880249718  4.752747E-17
8629.69512315553  3.729299E-17
8633.20144381387  4.390337E-17
8636.70776447221  4.214347E-17
8640.21408513055  3.163500E-17
8643.7204057889  5.456061E-17
8647.22672644724  4.686524E-17
8650.73304710558  4.596153E-17
8654.23936776392  5.323950E-17
8657.74568842227  2.873673E-17
8661.25200908061  3.156620E-17
8664.75832973895  4.388293E-17
8668.2646503973  3.479163E-17
8671.77097105564  3.370620E-17
8675.27729171398  4.652503E-17
8678.78361237232  5.625558E-17
8682.28993303067  4.995962E-17
8685.79625368901  3.646949E-17
8689.30257434735  4.459868E-17
8692.80889500569  4.741853E-17
8696.31521566404  3.379999E-17
8699.82153632238  4.180262E-17
8703.32785698072  5.040968E-17
8706.83417763907  3.961832E-17
8710.34049829741  3.202764E-17
8713.84681895575  4.200013E-17
8717.35313961409  4.927755E-17
8720.85946027244  4.317482E-17
8724.36578093078  4.375196E-17
8727.87210158912  4.398854E-17
8731.37842224747  3.444231E-17
8734.88474290581  4.641597E-17
8738.39106356415  4.291413E-17
8741.89738422249  4.164021E-17
8745.40370488084  3.071590E-17
8748.91002553918  4.187775E-17
8752.41634619752  4.338508E-17
8755.92266685587  4.153577E-17
8759.42898751421  3.964608E-17
8762.93530817255  4.398058E-17
8766.44162883089  4.095381E-17
8769.94794948924  4.185964E-17
8773.45427014758  4.448690E-17
8776.96059080592  2.319648E-17
8780.46691146427  3.083318E-17
8783.97323212261  4.856660E-17
8787.47955278095  4.215255E-17
8790.98587343929  3.837324E-17
8794.49219409764  6.076008E-17
8797.99851475598  4.349021E-17
8801.50483541432  3.133078E-17
8805.01115607267  4.228406E-17
8808.51747673101  4.229431E-17
8812.02379738935  3.463421E-17
8815.53011804769  2.791633E-17
8819.03643870604  4.069530E-17
8822.54275936438  5.720733E-17
8826.04908002272  4.568695E-17
8829.55540068106  5.056626E-17
8833.06172133941  8.613419E-18
8836.56804199775  3.742231E-17
8840.07436265609  5.464424E-17
8843.58068331444  4.007867E-17
8847.08700397278  3.057340E-17
8850.59332463112  4.563898E-17
8854.09964528946  5.068715E-17
8857.60596594781  4.605350E-17
8861.11228660615  4.155075E-17
8864.61860726449  3.377465E-17
8868.12492792284  3.648836E-17
8871.63124858118  3.914573E-17
8875.13756923952  3.019211E-17
8878.64388989786  3.770381E-17
8882.15021055621  5.890971E-17
8885.65653121455  6.643573E-17
8889.16285187289  6.073389E-17
8892.66917253123  5.155624E-17
8896.17549318958  3.797483E-17
8899.68181384792  4.469194E-17
8903.18813450626  5.948741E-17
8906.69445516461  5.196229E-17
8910.20077582295  5.009961E-17
8913.70709648129  4.848848E-17
8917.21341713963  1.458953E-17
8920.71973779798  1.505608E-17
8924.22605845632  2.216058E-17
8927.73237911466  2.157276E-17
8931.23869977301  2.722962E-17
8934.74502043135  5.671846E-17
8938.25134108969  5.865601E-17
8941.75766174803  4.826407E-17
8945.26398240638  4.684451E-17
8948.77030306472  4.936171E-17
8952.27662372306  5.661942E-17
8955.7829443814  5.866570E-17
8959.28926503975  4.475904E-17
8962.79558569809  3.946466E-17
8966.30190635643  4.937998E-17
8969.80822701478  2.192919E-17
8973.31454767312  9.845850E-18
8976.82086833146  2.507947E-17
8980.3271889898  4.030666E-17
8983.83350964815  6.004077E-17
8987.33983030649  5.337383E-17
8990.84615096483  3.366252E-17
8994.35247162318  4.186338E-17
8997.85879228152  4.166619E-17
9001.36511293986  2.483789E-17
9004.8714335982  4.375446E-17
9008.37775425655  5.466083E-17
9011.88407491489  4.796489E-17
9015.39039557323  2.554586E-17
9018.89671623158  3.244299E-17
9022.40303688992  3.775940E-17
9025.90935754826  3.627416E-17
9029.4156782066  3.264333E-17
9032.92199886495  3.747429E-17
9036.42831952329  4.070414E-17
9039.93464018163  4.066210E-17
9043.44096083998  4.208321E-17
9046.94728149832  3.700420E-17
9050.45360215666  4.886126E-17
9053.959922815  4.647885E-17
9057.46624347335  3.492089E-17
9060.97256413169  3.493984E-17
9064.47888479003  3.701811E-17
9067.98520544838  3.673108E-17
9071.49152610672  2.718030E-17
9074.99784676506  2.725050E-17
9078.5041674234  3.322406E-17
9082.01048808175  3.449078E-17
9085.51680874009  3.798904E-17
9089.02312939843  3.638079E-17
9092.52945005678  3.990300E-17
9096.03577071512  4.294190E-17
9099.54209137346  4.093033E-17
9103.0484120318  4.892497E-17
9106.55473269015  4.127488E-17
9110.06105334849  3.699197E-17
9113.56737400683  4.148908E-17
9117.07369466518  3.602920E-17
9120.58001532352  3.006895E-17
9124.08633598186  3.736346E-17
9127.5926566402  3.584530E-17
9131.09897729855  2.369352E-17
9134.60529795689  3.098861E-17
9138.11161861523  2.536257E-17
9141.61793927357  3.169091E-17
9145.12425993192  3.317549E-17
9148.63058059026  2.714077E-17
9152.1369012486  2.820314E-17
9155.64322190695  3.868790E-17
9159.14954256529  4.403311E-17
9162.65586322363  3.814558E-17
9166.16218388197  3.146570E-17
9169.66850454032  3.117550E-17
9173.17482519866  3.609546E-17
9176.681145857  4.061156E-17
9180.18746651535  3.384706E-17
9183.69378717369  3.178710E-17
9187.20010783203  3.016580E-17
9190.70642849037  3.914060E-17
9194.21274914872  3.844846E-17
9197.71906980706  3.358826E-17
9201.2253904654  3.637324E-17
9204.73171112375  3.501862E-17
9208.23803178209  3.496498E-17
9211.74435244043  3.945055E-17
9215.25067309877  3.607248E-17
9218.75699375712  4.362411E-17
9222.26331441546  3.358907E-17
9225.7696350738  3.345605E-17
9229.27595573214  2.347517E-17
9232.78227639049  2.421309E-17
9236.28859704883  3.514339E-17
9239.79491770717  3.545988E-17
9243.30123836551  3.327168E-17
9246.80755902386  3.386498E-17
9250.3138796822  3.104768E-17
9253.82020034055  3.252252E-17
9257.32652099889  3.985887E-17
9260.83284165723  4.435961E-17
9264.33916231557  4.393141E-17
9267.84548297391  2.576489E-17
9271.35180363226  2.616976E-17
9274.8581242906  4.343051E-17
9278.36444494895  4.760279E-17
9281.87076560729  4.097368E-17
9285.37708626563  3.620988E-17
9288.88340692397  3.211381E-17
9292.38972758231  2.791844E-17
9295.89604824066  3.524408E-17
9299.402368899  4.391225E-17
9302.90868955735  4.028772E-17
9306.41501021568  3.227049E-17
9309.92133087403  3.678240E-17
9313.42765153237  5.016572E-17
9316.93397219071  5.569001E-17
9320.44029284906  4.762082E-17
9323.9466135074  4.357655E-17
9327.45293416574  5.729134E-17
9330.95925482409  6.127891E-17
9334.46557548243  4.391986E-17
9337.97189614077  1.714176E-17
9341.47821679911  2.577961E-17
9344.98453745746  2.935421E-17
9348.4908581158  2.074996E-17
9351.99717877414  2.858574E-17
9355.50349943249  3.413286E-17
9359.00982009083  2.567292E-17
9362.51614074917  2.521187E-17
9366.02246140751  2.610857E-17
9369.52878206586  4.852780E-17
9373.0351027242  7.409039E-17
9376.54142338254  6.269098E-17
9380.04774404089  -2.233510E-17
9383.55406469923  -2.768840E-17
9387.06038535757  1.286115E-18
9390.56670601591  4.595349E-18
9394.07302667426  2.356744E-17
9397.5793473326  3.321747E-17
9401.08566799094  3.400239E-17
9404.59198864928  3.221604E-17
9408.09830930763  3.489193E-17
9411.60462996597  4.168574E-17
9415.11095062431  5.423027E-17
9418.61727128266  3.230735E-17
9422.123591941  3.014005E-17
9425.62991259934  4.190224E-17
9429.13623325768  3.635269E-17
9432.64255391603  2.438811E-17
9436.14887457437  1.157467E-17
9439.65519523271  4.550073E-17
9443.16151589105  4.259195E-17
9446.6678365494  3.375505E-17
9450.17415720774  1.980507E-17
9453.68047786608  2.261511E-17
9457.18679852443  4.674574E-17
9460.69311918277  5.689342E-17
9464.19943984111  4.837125E-17
9467.70576049945  3.337570E-17
9471.2120811578  2.308039E-17
9474.71840181614  4.343310E-17
9478.22472247448  3.844719E-17
9481.73104313283  5.301888E-17
9485.23736379117  1.368834E-17
9488.74368444951  2.935424E-17
9492.25000510786  3.347597E-17
9495.7563257662  2.346969E-17
9499.26264642454  4.286224E-17
9502.76896708288  4.480002E-17
9506.27528774123  4.116958E-17
9509.78160839957  4.010250E-17
9513.28792905791  3.664977E-17
9516.79424971626  4.397478E-17
9520.3005703746  4.497415E-17
9523.80689103294  3.894918E-17
9527.31321169128  2.161195E-17
9530.81953234963  2.983949E-17
9534.32585300797  2.772077E-17
9537.83217366631  4.346160E-18
9541.33849432465  3.951591E-17
9544.844814983  4.412885E-17
9548.35113564134  3.539395E-17
9551.85745629968  3.810561E-17
9555.36377695803  4.527678E-17
9558.87009761637  3.212733E-17
9562.37641827471  2.759173E-17
9565.88273893305  2.510575E-17
9569.3890595914  2.917262E-17
9572.89538024974  5.396130E-17
9576.40170090808  4.856921E-17
9579.90802156643  4.980451E-17
9583.41434222477  5.610571E-17
9586.92066288311  4.398289E-17
9590.42698354145  3.019235E-17
9593.9333041998  4.922275E-17
9597.43962485814  5.086802E-17
9600.94594551648  3.864248E-17
9604.45226617482  4.034025E-17
9607.95858683317  3.788394E-17
9611.46490749151  6.405886E-17
9614.97122814985  4.250197E-17
9618.4775488082  2.609240E-17
9621.98386946654  2.174707E-17
9625.49019012488  2.259264E-17
9628.99651078322  3.810093E-17
9632.50283144157  4.731294E-17
9636.00915209991  3.671658E-17
9639.51547275825  3.468683E-17
9643.0217934166  4.061924E-17
9646.52811407494  2.708576E-17
9650.03443473328  3.010918E-17
9653.54075539162  3.872554E-17
9657.04707604997  3.837008E-17
9660.55339670831  3.795753E-17
9664.05971736665  4.002073E-17
9667.56603802499  4.678449E-17
9671.07235868334  4.272783E-17
9674.57867934168  2.505659E-17
9678.08500000002  4.626757E-17
