3.54124028852470564743e+03 5.21152411987850655243e-18
3.54401810151159406814e+03 3.75115698459463026443e-16
3.54679780010071044671e+03 2.01264039914344253162e-16
3.54957938130635648122e+03 -1.06864585264675486567e-17
3.55236284214556417282e+03 2.43721119018943824011e-16
3.55514817963810219226e+03 -2.11128917462614188181e-17
3.55793539080647224182e+03 2.70431791954607071126e-16
3.56072447267590723641e+03 1.32857285119879443778e-16
3.56351542227437585098e+03 1.74098840905097681876e-16
3.56630823663257979206e+03 9.21624161029248211671e-17
3.56910291278395470727e+03 3.67791152868381127895e-16
3.57189944776466927578e+03 1.24074043040985474756e-16
3.57469783861362429889e+03 1.40359952861601424883e-16
3.57749808237245724740e+03 1.91393929295903798781e-16
3.58030017608553498576e+03 2.56129591423822450874e-16
3.58310411679996195744e+03 1.91945307053972965777e-16
3.58590990156557290902e+03 -4.83383976849730037911e-17
3.58871752743493834714e+03 -2.53549887623542797616e-17
3.59152699146336271951e+03 -2.37653121370147959419e-17
3.59433829070887895796e+03 4.39529071426945282153e-16
3.59715142223226030183e+03 4.29797214767066148913e-16
3.59996638309700938407e+03 4.16105801054136425342e-16
3.60278317036936368822e+03 1.99092321600106328470e-16
3.60560178111829281988e+03 2.51742137596991172177e-16
3.60842221241550123523e+03 1.15772311818306818585e-16
3.61124446133542824100e+03 1.09337057613378644146e-16
3.61406852495524253754e+03 2.42352782934291027748e-16
3.61689440035485040426e+03 1.02483369347968991377e-16
3.61972208461688933312e+03 1.83324947064361534876e-16
3.62255157482673075720e+03 1.78069730165942316487e-16
3.62538286807248096011e+03 8.04970228066216502501e-17
3.62821596144497652858e+03 1.46618169468008809315e-16
3.63105085203779253789e+03 3.55519974507459198732e-17
3.63388753694723163790e+03 1.77669564641237415182e-16
3.63672601327233496704e+03 2.18292883340760130105e-16
3.63956627811487487634e+03 3.75088729269165956543e-16
3.64240832857935674838e+03 1.56967254465514902102e-16
3.64525216177302172582e+03 1.57084174949486986214e-16
3.64809777480584034492e+03 1.28063273495621330504e-16
3.65094516479052253999e+03 3.53012708401264903626e-16
3.65379432884250581992e+03 3.04567993464429890331e-16
3.65664526407996618218e+03 1.87169583827549038674e-16
3.65949796762380810833e+03 1.17397017600657901267e-16
3.66235243659767456847e+03 1.82711352249717181477e-16
3.66520866812793883582e+03 2.11958735543071029111e-16
3.66806665934370903415e+03 3.76923232300424185325e-16
3.67092640737682540930e+03 1.85309833656265257614e-16
3.67378790936186396721e+03 1.64084547008714773843e-16
3.67665116243613192637e+03 2.80342184251614055619e-16
3.67951616373967226536e+03 2.91436315508096120206e-16
3.68238291041525826586e+03 1.01873897698370197632e-16
3.68525139960839987907e+03 1.19498441630458694365e-16
3.68812162846733917831e+03 1.94995261933103405484e-16
3.69099359414305217797e+03 9.88162920155677025201e-17
3.69386729378924701450e+03 2.17579076624953596294e-16
3.69674272456236758444e+03 3.39292219908863769100e-16
3.69961988362158990640e+03 2.04437533668739265810e-16
3.70249876812882303057e+03 2.22249584272206432828e-16
3.70537937524870994821e+03 7.45439936831427269364e-17
3.70826170214862941066e+03 2.16268324360006927200e-16
3.71114574599869047233e+03 2.12547786926393550045e-16
3.71403150397173521924e+03 2.09053751742405083750e-16
3.71691897324334422592e+03 1.25803179029538913951e-16
3.71980815099182473205e+03 3.00337799837318409108e-16
3.72269903439822428481e+03 1.40743215432504856959e-16
3.72559162064631800604e+03 1.14245687287027617403e-16
3.72848590692261950608e+03 2.18078937030907762338e-16
3.73138189041637087939e+03 1.39701605596176441416e-16
3.73427956831955270900e+03 7.55157915586749474493e-17
3.73717893782687588100e+03 3.62112214910689779910e-16
3.74007999613578522258e+03 1.57047568929354480514e-16
3.74298274044646041148e+03 2.62908461190028129008e-16
3.74588716796181233804e+03 1.81960076156509149266e-16
3.74879327588748856215e+03 2.36341233117274769417e-16
3.75170106143186694680e+03 9.56179713290303871045e-17
3.75461052180606111506e+03 3.98456507682657742780e-16
3.75752165422391772154e+03 1.69132394519719774183e-16
3.76043445590201554296e+03 2.06770179797042849873e-16
3.76334892405966820661e+03 1.85162575174618345180e-16
3.76626505591892237135e+03 1.80594319035851986070e-16
3.76918284870455863711e+03 2.96915303408265020352e-16
3.77210229964409063541e+03 1.98359134482271047090e-16
3.77502340596776593884e+03 3.02848394757358833436e-16
3.77794616490856606106e+03 1.67573654802053831953e-16
3.78087057370220281882e+03 2.21378265969551346288e-16
3.78379662958712651744e+03 1.79213000261480553443e-16
3.78672432980451776530e+03 2.23546744894733511510e-16
3.78965367159829202137e+03 3.17874670300573037828e-16
3.79258465221509595722e+03 1.45817933151656520448e-16
3.79551726890431291395e+03 3.37053758146221727033e-16
3.79845151891805653577e+03 2.19153370771327146339e-16
3.80138739951117713645e+03 2.87458252217559308252e-16
3.80432490794125715183e+03 1.27521535894961187400e-16
3.80726404146861204936e+03 1.58406034267301719895e-16
3.81020479735629123752e+03 2.58284518401980209649e-16
3.81314717287007715640e+03 2.11618308006217031703e-16
3.81609116527848618716e+03 2.21218939261619208315e-16
3.81903677185276865202e+03 2.44358487847177257336e-16
3.82198398986690790480e+03 2.37523869754976061120e-16
3.82493281659762033087e+03 1.02544587042192953463e-16
3.82788324932435625669e+03 1.46142862149793825908e-16
3.83083528532929994981e+03 1.86423591798100482277e-16
3.83378892189736961882e+03 1.71133752486149251098e-16
3.83674415631621377543e+03 2.88167411032785600976e-16
3.83970098587621941988e+03 2.13989869211393256922e-16
3.84265940787050294603e+03 2.05024832898666334079e-16
3.84561941959491650778e+03 1.88324136606332406394e-16
3.84858101834804347163e+03 2.32345848739713723957e-16
3.85154420143120478315e+03 2.30087546716919429077e-16
3.85450896614844987198e+03 1.58604053136281661033e-16
3.85747530980656483734e+03 2.55318622064963846264e-16
3.86044322971506971953e+03 2.58518910344805931789e-16
3.86341272318621577142e+03 2.38324276039819760364e-16
3.86638378753499000595e+03 1.54853360766807562275e-16
3.86935642007910973916e+03 2.56913920192602511890e-16
3.87233061813902986614e+03 2.44945995999375979023e-16
3.87530637903793649457e+03 2.29785113711862544004e-16
3.87828370010174785421e+03 2.48979248966477476146e-16
3.88126257865911975387e+03 2.52206454237427152163e-16
3.88424301204143830546e+03 2.48146924472547838454e-16
3.88722499758282356197e+03 3.15867448300024479397e-16
3.89020853262012951745e+03 2.06246854119797332304e-16
3.89319361449294319755e+03 3.18822780650565516704e-16
3.89618024054358647845e+03 2.91809440198159744185e-16
3.89916840811711335846e+03 2.45410649889068712431e-16
3.90215811456131177692e+03 2.62034525799448122381e-16
3.90514935722670361429e+03 2.75982465020401421878e-16
3.90814213346654287307e+03 2.53658084443273114613e-16
3.91113644063681931584e+03 3.39891607134712527987e-16
3.91413227609625300829e+03 2.89287472504550667029e-16
3.91712963720630068565e+03 2.85673438450676232961e-16
3.92012852133115211473e+03 2.99413862200920015681e-16
3.92312892583772827493e+03 2.63693548881253244514e-16
3.92613084809568590572e+03 2.54508886574623876360e-16
3.92913428547741386865e+03 2.03765615527637462186e-16
3.93213923535803496634e+03 2.23539650969709973118e-16
3.93514569511540776148e+03 2.93855347262995572256e-16
3.93815366213012021035e+03 2.07247860047021070861e-16
3.94116313378549602930e+03 2.17198703740349219524e-16
3.94417410746759196627e+03 2.43476174881474598228e-16
3.94718658056519961974e+03 3.06398331666780177554e-16
3.95020055046984271030e+03 2.53073858427206828330e-16
3.95321601457577799010e+03 3.05795165975916630567e-16
3.95623297027999706188e+03 2.06731884173887420796e-16
3.95925141498222365044e+03 3.10560797780944642786e-16
3.96227134608491724066e+03 2.13431270408450623258e-16
3.96529276099326853000e+03 2.72611248914472842768e-16
3.96831565711520215700e+03 2.85340222645735867015e-16
3.97134003186137761077e+03 2.17227536585813705753e-16
3.97436588264518559299e+03 2.42223314362418225049e-16
3.97739320688275256543e+03 2.43377615760445453122e-16
3.98042200199293711194e+03 2.39581442270877693602e-16
3.98345226539733175741e+03 2.49576670655186613195e-16
3.98648399452026296785e+03 2.84220467453821045263e-16
3.98951718678879024083e+03 3.18266993937854150787e-16
3.99255183963270610548e+03 2.64416026086581685932e-16
3.99558795048453794152e+03 2.68889330323708075846e-16
3.99862551677954525076e+03 2.52933031885424645414e-16
4.00166453595572056656e+03 2.92397733965345362262e-16
4.00470500545379309187e+03 2.75282958348171726242e-16
4.00774692271722142323e+03 2.64954351586253490839e-16
4.01079028519220173621e+03 2.11235411362002934594e-16
4.01383509032765960001e+03 3.98242722377050053715e-16
4.01688133557525725337e+03 3.33439726670104818904e-16
4.01992901838938814763e+03 3.78464048474099498891e-16
4.02297813622718058468e+03 3.07941917293024326278e-16
4.02602868654849771701e+03 2.31102109834388625137e-16
4.02908066681593300018e+03 3.93011033371473734223e-16
4.03213407449481564981e+03 2.63064595429305046541e-16
4.03518890705320700363e+03 3.54674727963078449307e-16
4.03824516196190415940e+03 2.38040373788965291744e-16
4.04130283669443451799e+03 2.71415135823764962123e-16
4.04436192872706214985e+03 2.94715725055056392478e-16
4.04742243553878142848e+03 2.88011034194887801924e-16
4.05048435461132430646e+03 2.83516769723533499556e-16
4.05354768342915212997e+03 2.53293028655016529134e-16
4.05661241947946109576e+03 2.66473294324472243788e-16
4.05967856025218316063e+03 2.41453705855343225273e-16
4.06274610323998058448e+03 2.64417370457794960847e-16
4.06581504593825138727e+03 3.04822365761698165409e-16
4.06888538584512480156e+03 2.67463235474650132967e-16
4.07195712046146581997e+03 2.78436888693272087781e-16
4.07503024729087246669e+03 3.13659279847476242891e-16
4.07810476383967488800e+03 3.53769939092284960882e-16
4.08118066761693808076e+03 3.23786090530167328320e-16
4.08425795613446189236e+03 3.66432617409368206854e-16
4.08733662690677465434e+03 4.01530266167638227892e-16
4.09041667745114409627e+03 3.10893505610176533491e-16
4.09349810528756734129e+03 3.73251874617069569918e-16
4.09658090793877818214e+03 3.16378583458639090102e-16
4.09966508293024071463e+03 3.38336349429670139363e-16
4.10275062779015479464e+03 3.65166298820370042560e-16
4.10583754004945330962e+03 3.69339967198504519177e-16
4.10892581724180126912e+03 3.97537830538027634637e-16
4.11201545690359944274e+03 4.04535940869907146994e-16
4.11510645657398072217e+03 3.71012332081940907061e-16
4.11819881379481194017e+03 3.88601493225131565260e-16
4.12129252611069296108e+03 4.28041704838243270968e-16
4.12438759106895759032e+03 4.15609026643855215777e-16
4.12748400621967266488e+03 3.82726716164467320990e-16
4.13058176911563987233e+03 3.48170240843478036703e-16
4.13368087731239302229e+03 3.69922014136086657170e-16
4.13678132836819804652e+03 3.76855587643381760543e-16
4.13988311984405845578e+03 3.65379811294660095494e-16
4.14298624930370806396e+03 3.44257719242260508753e-16
4.14609071431361462601e+03 2.38241545754073933780e-16
4.14919651244298074744e+03 3.94292328776463589643e-16
4.15230364126374115585e+03 3.88990597565274420830e-16
4.15541209835056451993e+03 3.96777479820118138826e-16
4.15852188128085344943e+03 4.31961307931413813255e-16
4.16163298763474267616e+03 3.94709843416835184058e-16
4.16474541499510178255e+03 3.32220050414776450805e-16
4.16785916094753429206e+03 3.59290439676844398598e-16
4.17097422308037494076e+03 4.01237562763151211535e-16
4.17409059898469604377e+03 3.72497130449295050512e-16
4.17720828625429840031e+03 3.38680340599006442364e-16
4.18032728248571856966e+03 3.63931582377155858458e-16
4.18344758527822887118e+03 3.47094783950683465299e-16
4.18656919223383192730e+03 4.03813530298849998307e-16
4.18969210095726430154e+03 3.70304507660852336870e-16
4.19281630905599831749e+03 3.50348467082269054693e-16
4.19594181414023660182e+03 3.62727735665694072943e-16
4.19906861382291754126e+03 3.63792616483622205418e-16
4.20219670571971164463e+03 3.26482171439403467654e-16
4.20532608744902518083e+03 2.91286643169510992434e-16
4.20845675663199563132e+03 2.93695955614587980969e-16
4.21158871089249532815e+03 3.23146717518925152219e-16
4.21472194785712872545e+03 3.45232488469751529546e-16
4.21785646515523512790e+03 3.68838852842204215710e-16
4.22099226041888596228e+03 3.84806655977978766163e-16
4.22412933128288750595e+03 2.88445193876760146713e-16
4.22726767538477997732e+03 3.47343425681775319511e-16
4.23040729036483480741e+03 3.23683015922895241403e-16
4.23354817386605827778e+03 3.83757250723209632723e-16
4.23669032353419152059e+03 3.50948004440658350172e-16
4.23983373701770688058e+03 3.65297743461945272729e-16
4.24297841196781064355e+03 3.51996613500956532164e-16
4.24612434603844394587e+03 3.50301920442696948476e-16
4.24927153688628095551e+03 3.26740458646253773065e-16
4.25241998217072705302e+03 3.61902330716164511467e-16
4.25556967955392519798e+03 3.27812089226743911589e-16
4.25872062670074865309e+03 3.09519828760663210139e-16
4.26187282127880553162e+03 3.08089623929596029476e-16
4.26502626095843697840e+03 3.18840845031409301400e-16
4.26818094341271807934e+03 3.07500602186518171177e-16
4.27133686631745695195e+03 3.14455854383606070992e-16
4.27449402735119565477e+03 2.76833532515353657830e-16
4.27765242419520836847e+03 2.78871420962420632704e-16
4.28081205453350594325e+03 2.64486105133248956393e-16
4.28397291605282953242e+03 2.77062713681141134378e-16
4.28713500644265423034e+03 3.25698589301047351609e-16
4.29029832339518998197e+03 3.15665192743270590088e-16
4.29346286460538067331e+03 3.47178153155588959523e-16
4.29662862777090140298e+03 3.70762804889768887770e-16
4.29979561059216302965e+03 3.06127691303058269946e-16
4.30296381077230762457e+03 3.78266265931580548710e-16
4.30613322601721210958e+03 3.81556731218555785874e-16
4.30930385403548916656e+03 3.62859314316172442048e-16
4.31247569253847905202e+03 3.57412083777488739036e-16
4.31564873924026232999e+03 3.26245676281965398874e-16
4.31882299185764804861e+03 3.39773826364464652535e-16
4.32199844811018101609e+03 3.43156362890950691521e-16
4.32517510572013998171e+03 3.48927557579948467163e-16
4.32835296241253490734e+03 3.00272016425799504536e-16
4.33153201591511151491e+03 3.07250956283885607468e-16
4.33471226395834673895e+03 3.59805139212987702149e-16
4.33789370427545509301e+03 3.62833971361788883209e-16
4.34107633460238048428e+03 3.48513208677883697976e-16
4.34426015267780167051e+03 3.41966977844723010674e-16
4.34744515624313044100e+03 3.50912220343464773711e-16
4.35063134304251434514e+03 3.39415108386853793115e-16
4.35381871082283123542e+03 3.35246983827163686924e-16
4.35700725733369563386e+03 3.87067353426506167858e-16
4.36019698032745327509e+03 3.77050762252546900697e-16
4.36338787755918292532e+03 3.22437527726461032344e-16
4.36657994678669911082e+03 3.71682286756270851879e-16
4.36977318577054847992e+03 2.84300658241314172789e-16
4.37296759227401162207e+03 3.67173039107441261448e-16
4.37616316406310215825e+03 3.37927168868723238485e-16
4.37935989890656765056e+03 3.27017379518603268277e-16
4.38255779457588960213e+03 3.33345273333053283985e-16
4.38575684884528163821e+03 3.68994323329471284462e-16
4.38895705949169223459e+03 3.25007165094550301738e-16
4.39215842429480198916e+03 3.39399776994311606470e-16
4.39536094103702635039e+03 2.90512083819496802575e-16
4.39856460750351470779e+03 3.08200025452035348029e-16
4.40176942148214766348e+03 3.57748816083912447420e-16
4.40497538076354067016e+03 3.72924513990780492960e-16
4.40818248314104403107e+03 3.62032148978117072888e-16
4.41139072641073835257e+03 3.51985427388487274468e-16
4.41460010837144182005e+03 3.20563479694724379405e-16
4.41781062682470110303e+03 3.17253542521462372098e-16
4.42102227957480226905e+03 3.57977197751285343065e-16
4.42423506442875986977e+03 2.94580967312350569737e-16
4.42744897919632330741e+03 3.58119883668373910198e-16
4.43066402168997774424e+03 3.63961759188042214103e-16
4.43388018972493955516e+03 3.33044066007909426811e-16
4.43709748111915814661e+03 3.35411120242089634771e-16
4.44031589369331959460e+03 2.78148414325404939162e-16
4.44353542527083936875e+03 3.69220449525329801275e-16
4.44675607367786869872e+03 3.33509556014228704769e-16
4.44997783674329457426e+03 3.86517752080890406453e-16
4.45320071229873246921e+03 3.33457142097394996724e-16
4.45642469817853361747e+03 3.58097611098656026780e-16
4.45964979221978501300e+03 3.46081479757254261155e-16
4.46287599226230304339e+03 3.50833372624533682105e-16
4.46610329614864167525e+03 3.46226271903601422333e-16
4.46933170172408517828e+03 3.36297375118640086118e-16
4.47256120683665267279e+03 3.22343152191741855207e-16
4.47579180933709631063e+03 3.54332005933535643303e-16
4.47902350707890400372e+03 4.31251281231157734387e-16
4.48225629791829396709e+03 3.58572710164943204749e-16
4.48549017971421835682e+03 3.69221814422071163596e-16
4.48872515032836417959e+03 3.72091653581630503785e-16
4.49196120762515329261e+03 3.50870630858623577677e-16
4.49519834947173694673e+03 3.43619264510337208390e-16
4.49843657373800397181e+03 3.51042130089412642371e-16
4.50167587829657259135e+03 3.37314918029675876888e-16
4.50491626102279860788e+03 3.71457417883544218206e-16
4.50815771979476994602e+03 3.29296128738069468135e-16
4.51140025249330665247e+03 3.55563551523295343324e-16
4.51464385700196271500e+03 3.49513242877000069469e-16
4.51788853120702879096e+03 3.02498446910695579687e-16
4.52113427299752311228e+03 3.42354244135095128548e-16
4.52438108026520239946e+03 3.43464503899069705674e-16
4.52762895090455640457e+03 3.53857579069044574675e-16
4.53087788281280518277e+03 3.71746343565336382517e-16
4.53412787388990454929e+03 3.51825901376170450752e-16
4.53737892203854426043e+03 3.92246248777880512502e-16
4.54063102516414801357e+03 3.79041325252264356357e-16
4.54388418117486889969e+03 3.67190291264838082820e-16
4.54713838798159940779e+03 3.86577894946608017150e-16
4.55039364349796142051e+03 3.66484171461300859945e-16
4.55364994564031076152e+03 3.42255345330458826648e-16
4.55690729232773901458e+03 3.50351905665817699890e-16
4.56016568148206897604e+03 3.61860913942222683590e-16
4.56342511102785738331e+03 3.94476812547879009932e-16
4.56668557889239582437e+03 3.73502844038429965992e-16
4.56994708300570709980e+03 3.35317588774740782202e-16
4.57320962130055067973e+03 3.98633108210118647281e-16
4.57647319171241633740e+03 3.44812643695563512691e-16
4.57973779217952869658e+03 3.79681254284350277257e-16
4.58300342064284632215e+03 3.65778214898079738560e-16
4.58627007504606081056e+03 3.75689337820701163460e-16
4.58953775333559769933e+03 3.79687976263620898710e-16
4.59280645346061373857e+03 3.57240194387746441523e-16
4.59607617337300325744e+03 3.70340100914964709454e-16
4.59934691102739088819e+03 3.72825562912432303833e-16
4.60261866438113611366e+03 4.28311122443676758304e-16
4.60589143139433053875e+03 3.59708868915670195426e-16
4.60916521002980243793e+03 3.82320747933789318223e-16
4.61243999825310947926e+03 3.61593084792851842749e-16
4.61571579403254509089e+03 3.77091083075477316305e-16
4.61899259533913755149e+03 4.09882331791738976206e-16
4.62227040014664453338e+03 3.36769358127719267401e-16
4.62554920643156219739e+03 2.98943897991481170427e-16
4.62882901217311609798e+03 3.33786143723514833812e-16
4.63210981535326664016e+03 3.23248813710804305392e-16
4.63539161395670998900e+03 3.59193657649634890713e-16
4.63867440597087079368e+03 3.60278093182480061084e-16
4.64195818938591310143e+03 3.57871012884213323779e-16
4.64524296219472944358e+03 3.47348581364927886016e-16
4.64852872239294993051e+03 3.73697802848431864123e-16
4.65181546797893497569e+03 3.42942478899959849578e-16
4.65510319695378075266e+03 3.39408011917607107256e-16
4.65839190732131464756e+03 3.48518603228654149870e-16
4.66168159708809980657e+03 3.14351631833774890500e-16
4.66497226426343058847e+03 3.59066645964478448789e-16
4.66826390685933802160e+03 4.05398576619837566432e-16
4.67155652289058434690e+03 3.37549432472454146711e-16
4.67485011037466574635e+03 3.42336147768040450882e-16
4.67814466733181143354e+03 3.78546723245861040428e-16
4.68144019178498365363e+03 4.01110014694941247148e-16
4.68473668175988132134e+03 3.89343091029715490497e-16
4.68803413528493365448e+03 3.44186755591735086757e-16
4.69133255039130381192e+03 3.48317989050883653452e-16
4.69463192511288980313e+03 3.47942885757895464987e-16
4.69793225748632266914e+03 3.53896393481919574624e-16
4.70123354555096557306e+03 3.34261884264431271686e-16
4.70453578734891652857e+03 3.37590610740560892299e-16
4.70783898092500749044e+03 3.69317314936199882483e-16
4.71114312432680253551e+03 3.46640048959167345948e-16
4.71444821560460059118e+03 3.31627529834589404877e-16
4.71775425281143179745e+03 3.65695471637211274052e-16
4.72106123400306387339e+03 3.70643790801825589367e-16
4.72436915723799393163e+03 3.65501756911955867629e-16
4.72767802057745393540e+03 3.78566125131599170414e-16
4.73098782208541069849e+03 3.86710744066727200562e-16
4.73429855982856315677e+03 3.37119547416618216771e-16
4.73761023187634327769e+03 3.91696205746987357474e-16
4.74092283630091878877e+03 3.77043344308119631459e-16
4.74423637117718863010e+03 4.01071310159629197055e-16
4.74755083458278568287e+03 3.72198336502379004453e-16
4.75086622459807676933e+03 3.57327258677408507607e-16
4.75418253930616356229e+03 4.16977312076142387048e-16
4.75749977679287894716e+03 3.88806640170072804932e-16
4.76081793514678975043e+03 3.97909448042004922195e-16
4.76413701245919673966e+03 3.76701317048568131760e-16
4.76745700682413553295e+03 3.76879393951522143785e-16
4.77077791633837205154e+03 4.23735566859295325686e-16
4.77409973910140888620e+03 3.78384166834052485020e-16
4.77742247321548074979e+03 4.27889908867162118405e-16
4.78074611678555629624e+03 3.90496801396870980246e-16
4.78407066791933539207e+03 4.23510028845712146224e-16
4.78739612472725548287e+03 4.08399376012486606989e-16
4.79072248532248522679e+03 4.29750927518491996548e-16
4.79404974782092540408e+03 3.97027557333395298919e-16
4.79737791034121255507e+03 4.10179080796065679599e-16
4.80070697100471716112e+03 4.47601081903097665846e-16
4.80403692793554091622e+03 4.23470710667966420047e-16
4.80736777926052036491e+03 4.32674352050527757087e-16
4.81069952310922508332e+03 4.12873728559325032889e-16
4.81403215761395858863e+03 4.34342865174127634489e-16
4.81736568090975833911e+03 4.29702238244136783703e-16
4.82070009113439391513e+03 4.44875875373637653170e-16
4.82403538642836883810e+03 4.25502274399574246309e-16
4.82737156493492148002e+03 4.42754683959966808654e-16
4.83070862480002233497e+03 4.74493747144840187884e-16
4.83404656417237492860e+03 4.30568233407898029856e-16
4.83738538120341945614e+03 4.31028922329053271484e-16
4.84072507404732459690e+03 4.62352973404207028814e-16
4.84406564086099569977e+03 4.51672128706183324800e-16
4.84740707980407296418e+03 4.41937743141158140014e-16
4.85074938903892689268e+03 4.48818312923869333601e-16
4.85409256673066283838e+03 4.49226016087947096946e-16
4.85743661104711918597e+03 4.21225732321773713291e-16
4.86078152015886917070e+03 4.68043516840560962364e-16
4.86412729223921905941e+03 4.53728198817590694740e-16
4.86747392546420724102e+03 4.79735380604945898505e-16
4.87082141801260786451e+03 4.40426000380534342452e-16
4.87416976806592538196e+03 4.21211535303172227343e-16
4.87751897380840091500e+03 4.14442789171750703840e-16
4.88086903342700861685e+03 3.83545176329462177085e-16
4.88421994511145385331e+03 3.82329092987444458223e-16
4.88757170705417775025e+03 4.26473098438312221040e-16
4.89092431745035446511e+03 4.19186124879386837038e-16
4.89427777449789027742e+03 4.18527921567086879422e-16
4.89763207639742904576e+03 4.25471423863776549767e-16
4.90098722135234129382e+03 4.21589514985179031050e-16
4.90434320756873694336e+03 3.77572668507281800162e-16
4.90770003325545803818e+03 3.66180971997398217160e-16
4.91105769662407783471e+03 3.54307550981254396672e-16
4.91441619588890534942e+03 3.60545986492044410969e-16
4.91777552926698444935e+03 3.89042066762368391926e-16
4.92113569497808748565e+03 3.55615824819098033116e-16
4.92449669124472529802e+03 3.28441924203948792130e-16
4.92785851629213993874e+03 3.52528209746950291491e-16
4.93122116834830740117e+03 3.74886352129621304738e-16
4.93458464564393671026e+03 3.61031555279832123471e-16
4.93794894641247083200e+03 3.61221610277391288324e-16
4.94131406889008667349e+03 3.56416046817904469458e-16
4.94468001131569508289e+03 3.36197666413547723884e-16
4.94804677193093721144e+03 3.03695879650189430077e-16
4.95141434898019269895e+03 3.31899911360012269448e-16
4.95478274071056966932e+03 3.67747536251529956204e-16
4.95815194537191291602e+03 3.44574255373086755077e-16
4.96152196121680026408e+03 3.46875149679684719271e-16
4.96489278650054257014e+03 3.23187571573437038935e-16
4.96826441948118372238e+03 3.49445418479628056646e-16
4.97163685841950336908e+03 3.03899192494482327529e-16
4.97501010157901055209e+03 3.25426874840935827762e-16
4.97838414722595280182e+03 3.03023653166099627925e-16
4.98175899362930613279e+03 2.99211463892027668488e-16
4.98513463906078413856e+03 3.34265555259641998262e-16
4.98851108179483253480e+03 3.05324992524588979561e-16
4.99188832010863006872e+03 3.27633455168638276680e-16
4.99526635228208760964e+03 2.96509243328987694130e-16
4.99864517659785360593e+03 2.94489451364666483231e-16
5.00202479134130589955e+03 2.51908698519990024069e-16
5.00540519480055809254e+03 3.02591912382867667904e-16
5.00878638526645681850e+03 3.13269215889120939043e-16
5.01216836103258265211e+03 3.37923079156367115585e-16
5.01555112039524647116e+03 3.37515981739243392061e-16
5.01893466165349855146e+03 3.14905929380105080382e-16
5.02231898310911856242e+03 3.21280059188231762663e-16
5.02570408306661920506e+03 3.32129824537277924948e-16
5.02908995983324984991e+03 3.35465209561407615788e-16
5.03247661171899017063e+03 3.43797336390459121527e-16
5.03586403703655469144e+03 3.46413648242558099520e-16
5.03925223410139187763e+03 3.38556988666543173335e-16
5.04264120123168413556e+03 3.45877160229490859097e-16
5.04603093674834508420e+03 3.65585712413904286134e-16
5.04942143897502501204e+03 3.58441920183737303154e-16
5.05281270623810269171e+03 3.60728332895569617906e-16
5.05620473686669720337e+03 3.99427451906522467003e-16
5.05959752919265611126e+03 4.46626074049235687205e-16
5.06299108155056273972e+03 4.70485043658081911587e-16
5.06638539227773253515e+03 5.11346384061522134576e-16
5.06978045971421488503e+03 5.34138012514398487318e-16
5.07317628220279220841e+03 5.81637521894909146487e-16
5.07657285808898268442e+03 5.88216616429596155030e-16
5.07997018572103570477e+03 6.29713046335332735472e-16
5.08336826344993460225e+03 5.83841114998473291264e-16
5.08676708962939756020e+03 5.56975475721927592294e-16
5.09016666261587306508e+03 5.28018644455692480086e-16
5.09356698076854718238e+03 4.55722706983057913858e-16
5.09696804244933628070e+03 4.28678806191474669857e-16
5.10036984602289339819e+03 3.86238078928208748460e-16
5.10377238985660005710e+03 3.87272252617555626581e-16
5.10717567232057717774e+03 3.84929161074530245518e-16
5.11057969178767507401e+03 3.86575123084789346548e-16
5.11398444663347800088e+03 3.88980238490719828851e-16
5.11738993523630688287e+03 3.94275126456248382925e-16
5.12079615597721112863e+03 3.67452901881405161348e-16
5.12420310723997863533e+03 3.63033140472680751799e-16
5.12761078741112851276e+03 3.63425594469677927487e-16
5.13101919487991199276e+03 3.63423981051187941547e-16
5.13442832803831515776e+03 4.06164925207835836003e-16
5.13783818528105803125e+03 3.91280247597596021943e-16
5.14124876500559548731e+03 4.03930116607902955467e-16
5.14466006561211179360e+03 4.30995807401932182519e-16
5.14807208550352697785e+03 4.02207625590904115719e-16
5.15148482308549773734e+03 4.26136534894798486811e-16
5.15489827676640743448e+03 4.41906043619394796679e-16
5.15831244495737973921e+03 4.27697952244442693703e-16
5.16172732607226680557e+03 4.07132843854811512902e-16
5.16514291852765745716e+03 4.10581933683805502881e-16
5.16855922074287263968e+03 3.93693188724281814456e-16
5.17197623113996633037e+03 3.81727773948136910610e-16
5.17539394814372735709e+03 3.70416724078425829846e-16
5.17881237018167757924e+03 3.91633522234923085757e-16
5.18223149568407097831e+03 3.99036785608159110046e-16
5.18565132308389729587e+03 3.67540631042602687011e-16
5.18907185081687930506e+03 3.55990282845812995164e-16
5.19249307732147190109e+03 3.84131879082970002650e-16
5.19591500103886301076e+03 3.59493998494383842742e-16
5.19933762041297813994e+03 3.83955967368885714144e-16
5.20276093389047127857e+03 3.84802917927069058183e-16
5.20618493992073217669e+03 3.66071048451889226185e-16
5.20960963695588452538e+03 3.60197976841867876547e-16
5.21303502345078595681e+03 3.47096211349357969319e-16
5.21646109786302622524e+03 3.75071851012318734299e-16
5.21988785865292811650e+03 3.90416528879284121571e-16
5.22331530428354926698e+03 3.88799735340238297210e-16
5.22674343322068125417e+03 3.68228121164555727179e-16
5.23017224393284777761e+03 4.23700191652335654513e-16
5.23360173489130465896e+03 4.28359113667513237372e-16
5.23703190457004620839e+03 4.40754180694396340074e-16
5.24046275144579522021e+03 4.43282431562937258461e-16
5.24389427399801115826e+03 4.37000786844100769538e-16
5.24732647070888469898e+03 4.59312358809162528893e-16
5.25075934006334227888e+03 4.16559808419857908194e-16
5.25419288054904063756e+03 4.20700107422510383597e-16
5.25762709065637409367e+03 3.80967841497829823964e-16
5.26106196887846726895e+03 4.32575245359745952985e-16
5.26449751371117963572e+03 4.03848749815660387045e-16
5.26793372365310460737e+03 3.93594842761499025918e-16
5.27137059720556680986e+03 4.23630356315150176099e-16
5.27480813287262753875e+03 4.13359250321625111601e-16
5.27824632916108021163e+03 3.98768604724765862145e-16
5.28168518458044945874e+03 3.73630385075938017410e-16
5.28512469764299839881e+03 3.63411950749782379296e-16
5.28856486686371863470e+03 3.81983012704774975556e-16
5.29200569076033934834e+03 3.63743856176123635651e-16
5.29544716785331911524e+03 3.43210324447514658664e-16
5.29888929666585318046e+03 3.34688326749384823387e-16
5.30233207572387073014e+03 3.62647078604484863018e-16
5.30577550355603125354e+03 3.49449669694895471222e-16
5.30921957869372999994e+03 3.53822039877386586337e-16
5.31266429967109434074e+03 3.39270054115348088506e-16
5.31610966502498831687e+03 3.42378291864660760909e-16
5.31955567329500627238e+03 3.26893025450772594947e-16
5.32300232302347649238e+03 3.64869142162478621128e-16
5.32644961275546120305e+03 3.64628208622595115860e-16
5.32989754103875657165e+03 3.45766691936231777780e-16
5.33334610642389270652e+03 3.25631707555515411957e-16
5.33679530746413001907e+03 3.49659774359381379593e-16
5.34024514271546740929e+03 3.55476462420515514871e-16
5.34369561073663408024e+03 3.31999506133368750362e-16
5.34714671008909317607e+03 3.44398972412523483324e-16
5.35059843933703996299e+03 3.52529186253257581238e-16
5.35405079704740819579e+03 3.45129461698581955089e-16
5.35750378178985829436e+03 3.22939841281782719390e-16
5.36095739213678916713e+03 3.44725353047094149203e-16
5.36441162666333184461e+03 3.38227210386074823144e-16
5.36786648394735038892e+03 3.37438947607053511785e-16
5.37132196256944189372e+03 3.29399376172652979080e-16
5.37477806111293921276e+03 3.27308444853346538886e-16
5.37823477816390550288e+03 3.63448101865281545038e-16
5.38169211231114059046e+03 3.44032033447606954874e-16
5.38515006214617551450e+03 3.67188369356281715739e-16
5.38860862626327616454e+03 3.68113269765153330704e-16
5.39206780325944146171e+03 3.42471691427064920993e-16
5.39552759173440244922e+03 4.06674211495715470104e-16
5.39898799029062683985e+03 3.98513832919202697829e-16
5.40244899753331264947e+03 3.77442834466989620634e-16
5.40591061207039365399e+03 3.57855555173923144375e-16
5.40937283251253575145e+03 3.91425467605040339821e-16
5.41283565747313878092e+03 3.93288605149634471069e-16
5.41629908556833652256e+03 3.85864261452547871274e-16
5.41976311541699578811e+03 4.02608460151825826140e-16
5.42322774564071642089e+03 3.97735210715667930031e-16
5.42669297486383311480e+03 4.13714170214036659661e-16
5.43015880171341268579e+03 3.90192123646108594633e-16
5.43362522481925589091e+03 4.21903302021629382253e-16
5.43709224281389833777e+03 4.07297532154424326786e-16
5.44055985433260593709e+03 3.96368938641508564633e-16
5.44402805801338217861e+03 3.84233660494606139208e-16
5.44749685249696085521e+03 3.84583151683939519664e-16
5.45096623642680970079e+03 3.67972283968256636223e-16
5.45443620844913220935e+03 4.16199468415343496008e-16
5.45790676721286308748e+03 4.51984572822962381321e-16
5.46137791136967189232e+03 4.22576731617728400836e-16
5.46484963957395939360e+03 4.20372182854460859168e-16
5.46832195048286394012e+03 4.22690547417406481600e-16
5.47179484275625236478e+03 4.11450468529321165723e-16
5.47526831505672998901e+03 3.91679706835537173990e-16
5.47874236604963152786e+03 4.23153672021879454160e-16
5.48221699440302654693e+03 4.35674357169307380295e-16
5.48569219878772128141e+03 4.21233780353735291033e-16
5.48916797787724954105e+03 3.97718232101118453636e-16
5.49264433034788362420e+03 3.93869322112024946264e-16
5.49612125487862704176e+03 4.03543899913853858662e-16
5.49959875015121815522e+03 4.45278451841703652755e-16
5.50307681485012562916e+03 4.23480448916186169989e-16
5.50655544766255570721e+03 3.96171403854905119445e-16
5.51003464727844675508e+03 4.28237237835654090339e-16
5.51351441239046835108e+03 4.15749811254764015341e-16
5.51699474169402765256e+03 4.16318368392157583051e-16
5.52047563388726121048e+03 4.12337015988522888031e-16
5.52395708767104224535e+03 3.95802316659031695451e-16
5.52743910174897609977e+03 4.11243756027447662781e-16
5.53092167482740114792e+03 4.00773580170906417874e-16
5.53440480561539061455e+03 4.22681976894756021801e-16
5.53788849282474984648e+03 4.27532313976559121149e-16
5.54137273517001904111e+03 4.04842655902726520575e-16
5.54485753136847051792e+03 4.10392748859957247722e-16
5.54834288014011144696e+03 4.30247862696648804727e-16
5.55182878020768112037e+03 4.13043359798105387795e-16
5.55531523029665368085e+03 4.16345839423951886468e-16
5.55880222913523539319e+03 4.59257627244150147999e-16
5.56228977545436737273e+03 4.44231833313230384269e-16
5.56577786798772467591e+03 4.27437714714955679580e-16
5.56926650547171266226e+03 3.62538929838808516735e-16
5.57275568664547336084e+03 3.50916789014157496370e-16
5.57624541025088183233e+03 4.08564724976191698522e-16
5.57973567503254525946e+03 4.40136227324153514589e-16
5.58322647973780658504e+03 4.07046408758022846948e-16
5.58671782311673814547e+03 4.14529848949825942315e-16
5.59020970392215167521e+03 4.15729271718119562781e-16
5.59370212090958648332e+03 4.23309470626747145760e-16
5.59719507283732036740e+03 4.03899345674226631591e-16
5.60068855846636051865e+03 4.03230229213654481070e-16
5.60418257656045079784e+03 4.27191848324472066777e-16
5.60767712588606627833e+03 4.24050286539804230676e-16
5.61117220521241779352e+03 4.24418097450645409811e-16
5.61466781331144738942e+03 4.18582427205416999891e-16
5.61816394895783105312e+03 4.30252061267980027039e-16
5.62166061092898144125e+03 4.21573015272769527768e-16
5.62515779800503969454e+03 4.06906706825646929711e-16
5.62865550896888271382e+03 4.10866204928299447777e-16
5.63215374260612315993e+03 4.29991618948015492328e-16
5.63565249770510308736e+03 4.44372133172709095869e-16
5.63915177305690212961e+03 4.13162857097810874230e-16
5.64265156745532840432e+03 4.21349345493925980911e-16
5.64615187969692942715e+03 3.87473688563310731651e-16
5.64965270858098210738e+03 3.85355054898264077228e-16
5.65315405290949729533e+03 3.84528805989176923634e-16
5.65665591148722251091e+03 3.90264639406262861330e-16
5.66015828312163375813e+03 3.92385002410082936689e-16
5.66366116662294371054e+03 4.10567804733835997989e-16
5.66716456080409898277e+03 4.03092789497963298329e-16
5.67066846448077831155e+03 3.86781224427859520312e-16
5.67417287647139346518e+03 4.00205045741407276922e-16
5.67767779559709106252e+03 4.19456127559193334940e-16
5.68118322068175166351e+03 3.92242053163500864090e-16
5.68468915055198795017e+03 3.99261391965185585422e-16
5.68819558403714563610e+03 4.22825660275570415553e-16
5.69170251996930528549e+03 4.14739556352234540635e-16
5.69520995718328049406e+03 4.00672454032611058694e-16
5.69871789451661970816e+03 3.73202151818789259638e-16
5.70222633080960167717e+03 3.81043664575868299190e-16
5.70573526490524182009e+03 3.82976170341603210976e-16
5.70924469564928676846e+03 3.81450455473050926530e-16
5.71275462189021800441e+03 3.52631136071090897890e-16
5.71626504247925095115e+03 3.62159298699973182682e-16
5.71977595627033315395e+03 3.40955060282472033819e-16
5.72328736212014609919e+03 3.81199030520194246280e-16
5.72679925888810521428e+03 3.82806421966049887426e-16
5.73031164543635986774e+03 4.06494844321603129418e-16
5.73382452062979064067e+03 3.74137972265826365729e-16
5.73733788333601478371e+03 3.56309763622688606704e-16
5.74085173242537985061e+03 3.74830300269018197843e-16
5.74436606677097097418e+03 3.78040329825172513453e-16
5.74788088524860177131e+03 3.76699644457943648353e-16
5.75139618673682252847e+03 3.70000515961925256603e-16
5.75491197011691747321e+03 3.69376008956753863840e-16
5.75842823427290295513e+03 3.63658597058915951323e-16
5.76194497809152835544e+03 3.74487894025978680228e-16
5.76546220046227881539e+03 3.75603388432412597334e-16
5.76897990027737068885e+03 4.06126552832563576600e-16
5.77249807643175427074e+03 3.80982137771557467977e-16
5.77601672782311379706e+03 3.81895475695030514834e-16
5.77953585335186744487e+03 3.95880623054449922823e-16
5.78305545192116642284e+03 3.97154228921486806405e-16
5.78657552243689588067e+03 3.65953439691910553258e-16
5.79009606380767309020e+03 3.92385794901156487737e-16
5.79361707494485108327e+03 3.53475754068451809754e-16
5.79713855476251319487e+03 3.63712956100441150513e-16
5.80066050217747942952e+03 3.60492841970328710398e-16
5.80418291610930191382e+03 3.57345627371654033720e-16
5.80770579548026580596e+03 3.46242230998650795690e-16
5.81122913921539202420e+03 3.13097146174238361279e-16
5.81475294624243088037e+03 3.57428169818190542981e-16
5.81827721549187026540e+03 3.44959122447790768168e-16
5.82180194589692928275e+03 3.36023364809823208430e-16
5.82532713639356097701e+03 3.29765332738376493866e-16
5.82885278592045415280e+03 3.15912878124689104317e-16
5.83237889341902609885e+03 3.21977034552064217544e-16
5.83590545783343168296e+03 3.15455147078894303038e-16
5.83943247811055971397e+03 3.12601390248650917135e-16
5.84295995320002839435e+03 2.78935884525373014866e-16
5.84648788205419350561e+03 2.80242715280444586085e-16
5.85001626362814295135e+03 2.70268017511746694728e-16
5.85354509687969766674e+03 2.71489146140364856581e-16
5.85707438076941161853e+03 2.71927603343679935022e-16
5.86060411426057544304e+03 2.62340460808651852601e-16
5.86413429631920826068e+03 2.68811252280010058589e-16
5.86766492591406677093e+03 2.70895684088248678423e-16
5.87119600201663979533e+03 2.74588381982889485022e-16
5.87472752360114827752e+03 2.58833618712411267438e-16
5.87825948964455074019e+03 2.55100733395078324261e-16
5.88179189912653328065e+03 2.66895293016883129715e-16
5.88532475102952048474e+03 2.56607976610332642196e-16
5.88885804433866815089e+03 2.57396155322923518533e-16
5.89239177804186692811e+03 2.78194976377164458442e-16
5.89592595112973958749e+03 2.38885291990726567544e-16
5.89946056259564193169e+03 2.70624936914990658797e-16
5.90299561143566643295e+03 2.63882947954631408468e-16
5.90653109664863495709e+03 2.48484872534547233489e-16
5.91006701723610694899e+03 2.10542387283428153003e-16
5.91360337220237033762e+03 2.29880710374955222721e-16
5.91714016055445154052e+03 2.15236203343260572062e-16
5.92067738130210818781e+03 2.03878597349114454132e-16
5.92421503345783094119e+03 2.23440974802092804635e-16
5.92775311603684531292e+03 1.89849437694484629842e-16
5.93129162805710893736e+03 2.09541683066829018844e-16
5.93483056853931429941e+03 1.78399207265661787600e-16
5.93836993650688691559e+03 2.41805131303189752842e-16
5.94190973098598533397e+03 2.15096927122291742543e-16
5.94544995100550022471e+03 2.08776900821833840002e-16
5.94899059559706074651e+03 1.87176973808663117655e-16
5.95253166379502454220e+03 1.86962900509205405547e-16
5.95607315463648319565e+03 2.09111653820104548053e-16
5.95961506716126586980e+03 2.08426914864732250523e-16
5.96315740041193112120e+03 1.97713692018179820136e-16
5.96670015343377144745e+03 1.89604046422569560543e-16
5.97024332527481328725e+03 2.13400656457705357373e-16
5.97378691498581974884e+03 1.92887706247273187302e-16
5.97733092162028333405e+03 2.02428737955426803167e-16
5.98087534423443048581e+03 2.07513394975098790678e-16
5.98442018188722340710e+03 1.85770894773738639906e-16
5.98796543364035551349e+03 1.95002294369349063390e-16
5.99151109855825598061e+03 1.91682566827184130032e-16
5.99505717570808428718e+03 1.68710487571025851008e-16
5.99860366415973749099e+03 1.74994289749933239084e-16
6.00215056298584295291e+03 1.71839914005910706407e-16
6.00569787126176106540e+03 1.80589561581937332490e-16
6.00924558806558979995e+03 1.96526271925173985505e-16
6.01279371247815743118e+03 1.83594515280954701681e-16
6.01634224358302617475e+03 1.58334959495845819588e-16
6.01989118046649127791e+03 1.37052060901607669074e-16
6.02344052221758192900e+03 1.48836832073853490382e-16
6.02699026792806307640e+03 1.55737773784045583893e-16
6.03054041669242997159e+03 1.69366999853814067331e-16
6.03409096760791089764e+03 1.78467069041239537058e-16
6.03764191977447171666e+03 1.46993543827648270326e-16
6.04119327229480859387e+03 1.34617393790471554452e-16
6.04474502427435254504e+03 1.59427855854283039133e-16
6.04829717482126670802e+03 1.61177188390589179707e-16
6.05184972304644816177e+03 1.53199523855637957818e-16
6.05540266806352792628e+03 1.53484770862025545610e-16
6.05895600898887187213e+03 1.65763746236165570313e-16
6.06250974494157617301e+03 1.54953661186186960664e-16
6.06606387504347458162e+03 1.41582598995267752146e-16
6.06961839841912933480e+03 1.54990898291233666868e-16
6.07317331419584024843e+03 1.62319070781151330756e-16
6.07672862150364016998e+03 1.59332657603287562374e-16
6.08028431947529224999e+03 1.54848375475610736462e-16
6.08384040724629812757e+03 1.64140058734260504340e-16
6.08739688395488792594e+03 1.69730937863078115441e-16
6.09095374874203025684e+03 1.62516403753662245092e-16
6.09451100075142221613e+03 1.61948232751349939617e-16
6.09806863912949756923e+03 1.68967448765769702468e-16
6.10162666302542311314e+03 1.61402487208054920216e-16
6.10518507159109958593e+03 1.49550876762549134520e-16
6.10874386398115802876e+03 1.52020989231467766522e-16
6.11230303935296706186e+03 1.70737783051032377700e-16
6.11586259686662833701e+03 1.78172345628867874510e-16
6.11942253568497380911e+03 1.92962067442681249538e-16
6.12298285497357210261e+03 1.97794840164294972732e-16
6.12654355390072396403e+03 2.04063575978658673523e-16
6.13010463163746317150e+03 2.05326458469843861370e-16
6.13366608735755926318e+03 2.00465487540965601450e-16
6.13722792023751298984e+03 2.34536004997272257395e-16
6.14079012945655904332e+03 2.16508060620426525578e-16
6.14435271419666696602e+03 2.40902824364199127564e-16
6.14791567364253660344e+03 1.94888385209308900248e-16
6.15147900698160719912e+03 2.37900736237343955308e-16
6.15504271340404466173e+03 2.26744233682908404929e-16
6.15860679210275247897e+03 2.25384370820825823331e-16
6.16217124227336626063e+03 2.33633040705795929454e-16
6.16573606311425555759e+03 2.56507305999983939638e-16
6.16930125382652568078e+03 2.35859614474753010689e-16
6.17286681361401042523e+03 2.15370140762501252651e-16
6.17643274168328025553e+03 2.14742597271418274128e-16
6.17999903724363957735e+03 2.05950751971110386718e-16
6.18356569950712491845e+03 2.03033354213510243149e-16
6.18713272768850856664e+03 2.07542375518413361774e-16
6.19070012100529220334e+03 2.15237402202703959999e-16
6.19426787867771417950e+03 2.01144281920778134505e-16
6.19783599992874587770e+03 2.02883015600642494293e-16
6.20140448398409262154e+03 1.91452696600528856800e-16
6.20497333007219003775e+03 2.01004145232974986747e-16
6.20854253742421224160e+03 1.76220286269628959299e-16
6.21211210527406274196e+03 1.79223834487101553473e-16
6.21568203285838171723e+03 1.82678242768468903408e-16
6.21925231941653964896e+03 1.67349977433659708606e-16
6.22282296419064277870e+03 1.82095449638973513888e-16
6.22639396642553128913e+03 1.90540849377600066600e-16
6.22996532536877566599e+03 1.94144406518043478066e-16
6.23353704027068397409e+03 2.10374999280382511217e-16
6.23710911038429367181e+03 2.06040954586411164875e-16
6.24068153496537979663e+03 2.08834978973663315812e-16
6.24425431327244859858e+03 2.01725901217774144191e-16
6.24782744456674026878e+03 2.07793957083716742050e-16
6.25140092811222802993e+03 1.97521200390855368310e-16
6.25497476317561813630e+03 2.22158931909229848062e-16
6.25854894902635260223e+03 2.32020552753938536463e-16
6.26212348493660556414e+03 2.32688636422954932750e-16
6.26569837018128419004e+03 2.14882755962151977023e-16
6.26927360403802958899e+03 2.11430689054007804185e-16
6.27284918578721681115e+03 2.10682476311283104765e-16
6.27642511471195302875e+03 2.00406221722633859409e-16
6.28000139009808026458e+03 2.16411803282646082572e-16
6.28357801123417539202e+03 1.78561034292101908454e-16
6.28715497741154376854e+03 1.83352279374095393688e-16
6.29073228792423014966e+03 2.10507988247790376214e-16
6.29430994206901050347e+03 1.89839721527698336376e-16
6.29788793914539201069e+03 2.08737500635673038699e-16
6.30146627845561852155e+03 2.03369307214045653417e-16
6.30504495930466600839e+03 2.07789946664875340915e-16
6.30862398100024347514e+03 1.91520830410457470892e-16
6.31220334285279568576e+03 2.25347057344314790663e-16
6.31578304417549861682e+03 2.21398606012595552676e-16
6.31936308428426127648e+03 2.10807275031682000378e-16
6.32294346249772843294e+03 2.24741402820000068744e-16
6.32652417813727788598e+03 2.28547659012168025298e-16
6.33010523052701864799e+03 2.33439784611529827440e-16
6.33368661899379640090e+03 2.20719240707297621911e-16
6.33726834286718803924e+03 2.27340310123751278218e-16
6.34085040147950621758e+03 2.26613432722304820728e-16
6.34443279416579298413e+03 2.24547209141508541352e-16
6.34801552026382887561e+03 2.18181872702752497830e-16
6.35159857911412382236e+03 2.31655569376198733742e-16
6.35518197005992533377e+03 2.29523437976422833406e-16
6.35876569244720940333e+03 2.36623170661238503244e-16
6.36234974562469051307e+03 2.26398674539697623312e-16
6.36593412894381344813e+03 2.47777245768886560692e-16
6.36951884175875784422e+03 2.51100750434230744271e-16
6.37310388342643545911e+03 2.77851281197854849268e-16
6.37668925330649381067e+03 2.33579268328511297504e-16
6.38027495076131071983e+03 2.46888365473876834525e-16
6.38386097515600158658e+03 2.48611768588625966690e-16
6.38744732585841211403e+03 2.73230900512095308522e-16
6.39103400223912285583e+03 2.94636617822960600149e-16
6.39462100367144830670e+03 2.83034275907537687519e-16
6.39820832953143326449e+03 2.61571435002626972244e-16
6.40179597919786010607e+03 2.84769516446262656048e-16
6.40538395205224423989e+03 2.88701608973735589738e-16
6.40897224747883137752e+03 3.02130865165859368875e-16
6.41256086486460390006e+03 2.94009557963088517492e-16
6.41614980359927631071e+03 2.98516193057408881376e-16
6.41973906307529705373e+03 2.95721033068063138307e-16
6.42332864268784760498e+03 2.99947148543365718683e-16
6.42691854183484338137e+03 3.26201659293305221906e-16
6.43050875991693374090e+03 3.07758939875024503082e-16
6.43409929633749834466e+03 2.81314989562824595200e-16
6.43769015050265716127e+03 3.19973415719174044359e-16
6.44128132182125682448e+03 3.07143090296649795557e-16
6.44487280970487972809e+03 2.94060171674525997554e-16
6.44846461356784402597e+03 2.93237230329501297460e-16
6.45205673282719817507e+03 2.95266234528890888003e-16
6.45564916690272639244e+03 2.92630371390863703277e-16
6.45924191521694501716e+03 2.90870867228489481691e-16
6.46283497719510432944e+03 2.80464222488809125212e-16
6.46642835226518855052e+03 3.18009090600799946832e-16
6.47002203985791311425e+03 3.08957580250801746058e-16
6.47361603940673103352e+03 3.01964675289564831891e-16
6.47721035034782562434e+03 3.14965313492910599742e-16
6.48080497212011596275e+03 3.24080660909041164201e-16
6.48439990416525233741e+03 3.02455679793783354989e-16
6.48799514592761897802e+03 3.05945017261146852547e-16
6.49159069685433405539e+03 3.25767762317934871864e-16
6.49518655639525150036e+03 3.17134718197431558090e-16
6.49878272400295554689e+03 3.31589929676843123261e-16
6.50237919913276527950e+03 3.30615629809312039677e-16
6.50597598124273190479e+03 3.43171543461515323327e-16
6.50957306979364238941e+03 3.12279118769475919566e-16
6.51317046424901582213e+03 3.15915252913956565322e-16
6.51676816407510432327e+03 3.41047202578865285177e-16
6.52036616874089486373e+03 3.29090843415080706205e-16
6.52396447771810835548e+03 3.48798629435687826804e-16
6.52756309048119601357e+03 3.40630603291151279208e-16
6.53116200650734663213e+03 3.41022375656776287415e-16
6.53476122527648021787e+03 3.16592106831814991402e-16
6.53836074627124889957e+03 3.31699085904209786709e-16
6.54196056897704238509e+03 3.33969536848730602492e-16
6.54556069288198068534e+03 3.23224261305496834296e-16
6.54916111747691684286e+03 3.24404196351094782682e-16
6.55276184225544147921e+03 3.22869134130730962661e-16
6.55636286671387370006e+03 3.30338945363806184219e-16
6.55996419035126928065e+03 3.21847385438664418924e-16
6.56356581266941702779e+03 3.28009827965616581003e-16
6.56716773317283787037e+03 3.12328462904250557560e-16
6.57076995136878758785e+03 3.31005270627798180502e-16
6.57437246676725499128e+03 3.17797034006477365002e-16
6.57797527888096283277e+03 2.96439431174893780702e-16
6.58157838722536780551e+03 2.90565003701575446428e-16
6.58518179131865690579e+03 2.83175960518392485289e-16
6.58878549068175470893e+03 2.71493488442388780964e-16
6.59238948483831882186e+03 2.76138291130627101099e-16
6.59599377331473715458e+03 2.89637268112536251825e-16
6.59959835564013337716e+03 2.97912273408402991835e-16
6.60320323134636510076e+03 2.76505566051794447657e-16
6.60680839996802296810e+03 2.73448057305611105332e-16
6.61041386104242974397e+03 2.53577040361251319050e-16
6.61401961410964395327e+03 2.53805467528365322076e-16
6.61762565871245624294e+03 2.85045573554346348945e-16
6.62123199439639029151e+03 2.55058272572148441853e-16
6.62483862070970553759e+03 2.95572703875235558754e-16
6.62844553720339263236e+03 2.89063876880717663357e-16
6.63205274343117616809e+03 2.75292345378864209726e-16
6.63566023894951376860e+03 2.98024833352236192412e-16
6.63926802331760063680e+03 2.73751664337324355378e-16
6.64287609609735955019e+03 2.93784546321104207519e-16
6.64648445685344995582e+03 2.86671305692727498788e-16
6.65009310515326524182e+03 3.01149296385018721898e-16
6.65370204056692909944e+03 3.16545361165129692815e-16
6.65731126266730370844e+03 2.88807859237972389741e-16
6.66092077102998064220e+03 2.97490867540648986677e-16
6.66453056523328723415e+03 2.92040828090498534527e-16
6.66814064485828203033e+03 3.12731496305938158566e-16
6.67175100948875933682e+03 3.09381753464697251808e-16
6.67536165871124740079e+03 3.11778641448024654635e-16
6.67897259211500386300e+03 3.03930203502936459035e-16
6.68258380929202485277e+03 3.23522952282229020939e-16
6.68619530983703771199e+03 3.14095427155981704381e-16
6.68980709334750372363e+03 3.15936701267662659379e-16
6.69341915942361538328e+03 3.19635422542872705867e-16
6.69703150766830276552e+03 3.09426407543399021938e-16
6.70064413768722715758e+03 3.17743028276251219245e-16
6.70425704908878287824e+03 2.90888316018980148183e-16
6.70787024148409818736e+03 3.17174006619204606773e-16
6.71148371448703710485e+03 3.17923768170251634140e-16
6.71509746771419213474e+03 3.38597996271327382690e-16
6.71871150078489426960e+03 3.57646161179302142236e-16
6.72232581332120662410e+03 3.60748313255716424048e-16
6.72594040494792261597e+03 3.47779228858631958400e-16
6.72955527529257506103e+03 3.54936703576326904333e-16
6.73317042398542434967e+03 3.62137418632727124245e-16
6.73678585065946845134e+03 3.47159638960111939265e-16
6.74040155495043745759e+03 3.35952244247438486097e-16
6.74401753649679358205e+03 3.63327926058427355605e-16
6.74763379493973570789e+03 3.81435347956878546680e-16
6.75125032992319302139e+03 3.90418677391342972524e-16
6.75486714109382864990e+03 3.97214836391569191562e-16
6.75848422810104329983e+03 3.94939019366228205140e-16
6.76210159059696616168e+03 4.24840960186703301308e-16
6.76571922823646218603e+03 4.20595519963838703825e-16
6.76933714067712753604e+03 4.15477899268497597220e-16
6.77295532757929686341e+03 4.31473590488687530051e-16
6.77657378860603330395e+03 4.18016195229787323847e-16
6.78019252342313666304e+03 4.34322315644622473530e-16
6.78381153169913795864e+03 4.46218340660880040742e-16
6.78743081310530305927e+03 4.58110235409399897064e-16
6.79105036731563086505e+03 4.74419712086541017732e-16
6.79467019400685512664e+03 5.04393316933817658555e-16
6.79829029285843989783e+03 5.49241810370737406145e-16
6.80191066355258681142e+03 5.68723872163483073364e-16
6.80553130577422780334e+03 6.27135877700533987027e-16
6.80915221921103056957e+03 6.69085147161717292062e-16
6.81277340355339310918e+03 6.80698563356465850516e-16
6.81639485849445100030e+03 6.49331414937335930576e-16
6.82001658373007103364e+03 6.60689487999467072061e-16
6.82363857895885394100e+03 7.40837035182169051041e-16
6.82726084388213257625e+03 8.96881792423133358121e-16
6.83088337820397555333e+03 1.01270709556599445911e-15
6.83450618163118542725e+03 1.11122817160605162769e-15
6.83812925387329323712e+03 1.22860072904363311226e-15
6.84175259464256942010e+03 1.40957887567675600583e-15
6.84537620365401653544e+03 1.53582658030267604399e-15
6.84900008062536835496e+03 1.70723518859212328278e-15
6.85262422527709259157e+03 1.73863355426892864208e-15
6.85624863733239453722e+03 1.81866796691738756593e-15
6.85987331651720614900e+03 1.89634372785951318601e-15
6.86349826256019878201e+03 1.83467647517739263968e-15
6.86712347519277409447e+03 1.62858403399094887869e-15
6.87074895414906950464e+03 1.48395366934559384281e-15
6.87437469916595455288e+03 1.39734837819199372916e-15
6.87800070998303090164e+03 1.23375359172346438062e-15
6.88162698634263597341e+03 1.05039584932988063428e-15
6.88525352798984113178e+03 8.74074342657147727388e-16
6.88888033467244804342e+03 7.47715948808685127048e-16
6.89250740614099504455e+03 7.78805028916775189763e-16
6.89613474214875259349e+03 7.05515464301940734171e-16
6.89976234245172508963e+03 7.05628234533925310613e-16
6.90339020680864905444e+03 6.42119556024980434703e-16
6.90701833498099767894e+03 5.70603498101522714647e-16
6.91064672673297445726e+03 5.44828137091034745973e-16
6.91427538183151864359e+03 5.08667311083607374958e-16
6.91790430004629979521e+03 4.90885833480545660627e-16
6.92153348114972413896e+03 4.61992209913008891753e-16
6.92516292491693184274e+03 4.64581981866805397585e-16
6.92879263112579337758e+03 4.33791253202356060816e-16
6.93242259955691497453e+03 3.86961641464881303781e-16
6.93605282999363680574e+03 3.66399358691085762242e-16
6.93968332222202934645e+03 3.39477197530880904711e-16
6.94331407603090065095e+03 3.10067425074550163627e-16
6.94694509121178998612e+03 2.75746198096995376915e-16
6.95057636755897055991e+03 2.94227027103645311808e-16
6.95420790486944861186e+03 3.10117927087553026131e-16
6.95783970294296523207e+03 2.79295804638317321561e-16
6.96147176158199454221e+03 2.74706690156984143752e-16
6.96510408059174187656e+03 2.85369432880903848922e-16
6.96873665978014923894e+03 2.57025223786492833282e-16
6.97236949895789166476e+03 2.69121454286391797597e-16
6.97600259793837449251e+03 2.44425980815778608229e-16
6.97963595653774154925e+03 2.42528806822270107846e-16
6.98326957457486696512e+03 2.35889367019158748038e-16
6.98690345187135790184e+03 2.31571866322143640405e-16
6.99053758825155728118e+03 2.23781771231548480540e-16
6.99417198354253923753e+03 2.14650973287819258387e-16
6.99780663757411366532e+03 1.99661005506376437215e-16
7.00144155017882167158e+03 1.92629850110521645001e-16
7.00507672119194012339e+03 2.03562076537272740300e-16
7.00871215045147800993e+03 1.79453097237416329090e-16
7.01234783779817826144e+03 1.83103639138277601713e-16
7.01598378307551593025e+03 1.86191291957841279665e-16
7.01961998612970364775e+03 2.00365145719039739903e-16
7.02325644680968161992e+03 1.83729631011231226710e-16
7.02689316496712763183e+03 1.86918560045626631196e-16
7.03053014045645250008e+03 1.55347070873968209174e-16
7.03416737313480007288e+03 1.85685540825398753529e-16
7.03780486286204632052e+03 1.58094482283870776126e-16
7.04144260950080479233e+03 1.65207190175703127000e-16
7.04508061291641661228e+03 1.47478374369121116760e-16
7.04871887297696139285e+03 1.55117554749370943238e-16
7.05235738955325086863e+03 1.62285847039037490503e-16
7.05599616251882889628e+03 1.51143639257040284935e-16
7.05963519174997327355e+03 1.52481874502356167222e-16
7.06327447712569664873e+03 1.52977610853587518660e-16
7.06691401852774470171e+03 1.43268613752469368358e-16
7.07055381584059523448e+03 1.44756913250816508568e-16
7.07419386895146180905e+03 1.50600960809801978636e-16
7.07783417775028920005e+03 1.31859775014907748410e-16
7.08147474212975794217e+03 1.31572692261371444302e-16
7.08511556198527887318e+03 1.37999133142451262150e-16
7.08875663721500040992e+03 1.50716077885484279736e-16
7.09239796771980218182e+03 1.36828992475309152372e-16
7.09603955340329684987e+03 1.43236736426378656014e-16
7.09968139417183010664e+03 1.36171628465149184826e-16
7.10332348993448431429e+03 1.36199616946480160180e-16
7.10696584060307304753e+03 1.41053307286396080354e-16
7.11060844609214200318e+03 1.31698964620778380594e-16
7.11425130631897445710e+03 1.40990714424257134521e-16
7.11789442120358307875e+03 1.38293225968947383692e-16
7.12153779066871629766e+03 1.27957570091310927168e-16
7.12518141463985557493e+03 1.40370649620106116504e-16
7.12882529304521540325e+03 1.37274910357789084878e-16
7.13246942581574512587e+03 1.37553715373456103848e-16
7.13611381288512529864e+03 1.46486458150194379925e-16
7.13975845418977223744e+03 1.30298499652091082045e-16
7.14340334966883438028e+03 1.27381222555091223334e-16
7.14704849926419501571e+03 1.40785686356158198926e-16
7.15069390292046864488e+03 1.34870487083945486006e-16
7.15433956058500552899e+03 1.35611831795558935201e-16
7.15798547220788805134e+03 1.25841612875331287273e-16
7.16163163774193435529e+03 1.37222295290612408438e-16
7.16527805714269197779e+03 1.27090994884577549052e-16
7.16892473036844512535e+03 1.33444647822046480430e-16
7.17257165738021194556e+03 1.54186704799065120464e-16
7.17621883814174088911e+03 1.33920048663269975532e-16
7.17986627261951707624e+03 1.33820101506856394084e-16
7.18351396078275774926e+03 1.28479664986551332012e-16
7.18716190260341409157e+03 1.42869248817373310990e-16
7.19081009805616940866e+03 1.25863210487704554433e-16
7.19445854711844276608e+03 1.20251067844629206783e-16
7.19810724977038626093e+03 1.11672041349129543732e-16
7.20175620599488320295e+03 1.11104259513910583955e-16
7.20540541577755266189e+03 1.45546592741464372753e-16
7.20905487910674764862e+03 1.31638614309242929670e-16
7.21270459597355147707e+03 1.32565473478964382085e-16
7.21635456637178413075e+03 1.35437892367653247381e-16
7.22000479029799953423e+03 1.17048846493279190511e-16
7.22365526775148191518e+03 1.43048776294379417050e-16
7.22730599873425035184e+03 1.17086477076873266311e-16
7.23095698325105968252e+03 1.26095109998874848490e-16
7.23460822130939322960e+03 1.43106775900884292317e-16
7.23825971291947553254e+03 1.33819823113319194076e-16
7.24191145809425597690e+03 1.23849000073874667702e-16
7.24556345684942334628e+03 1.39684533987058328541e-16
7.24921570920339854638e+03 1.22455862381131877403e-16
7.25286821517733460496e+03 1.47757484618067735083e-16
7.25652097479512030986e+03 1.29678142411862748434e-16
7.26017398808337475202e+03 1.44663700157951269494e-16
7.26382725507145369193e+03 1.29704959355639614737e-16
7.26748077579144501215e+03 1.29713789526236640602e-16
7.27113455027816962684e+03 1.10025257772579645581e-16
7.27478857856918239122e+03 1.51417865084071192429e-16
7.27844286070477392059e+03 1.43071759063074960725e-16
7.28209739672796331433e+03 1.23089984617992624687e-16
7.28575218668450816040e+03 1.27437862312726586850e-16
7.28940723062289634981e+03 1.26789197956823415880e-16
7.29306252859435153368e+03 1.31139648384775481735e-16
7.29671808065282766620e+03 1.26948332148126006198e-16
7.30037388685501719010e+03 1.39890478633765983928e-16
7.30402994726034103223e+03 1.41100259906569698409e-16
7.30768626193095678900e+03 1.38816716017552056723e-16
7.31134283093175326940e+03 1.44228630052442811201e-16
7.31499965433035413298e+03 1.61531329911610345352e-16
7.31865673219711879938e+03 1.55516457166134769950e-16
7.32231406460513517231e+03 1.44952945670536187940e-16
7.32597165163022782508e+03 1.52995264301075929280e-16
7.32962949335095527204e+03 1.64035474995064640026e-16
7.33328758984860814962e+03 1.73489316252708810050e-16
7.33694594120720921637e+03 1.43858495124859951952e-16
7.34060454751352062885e+03 1.53736157334052814966e-16
7.34426340885702938976e+03 1.57328923966223304233e-16
7.34792252532996371883e+03 1.58553872086751098582e-16
7.35158189702728122938e+03 1.60035400589769149563e-16
7.35524152404667347582e+03 1.70284662175473003734e-16
7.35890140648856595362e+03 1.66861405327550659527e-16
7.36256154445611991832e+03 1.68234759481788796166e-16
7.36622193805522510957e+03 1.73304743539187483606e-16
7.36988258739450884605e+03 1.75731937567798940469e-16
7.37354349258533056855e+03 1.96154653042859111521e-16
7.37720465374178365892e+03 1.97300361862768741439e-16
7.38086607098069544008e+03 1.83865204817583156864e-16
7.38452774442162353807e+03 2.07413672553593194687e-16
7.38818967418686497695e+03 1.92376986423285113443e-16
7.39185186040144344588e+03 1.82278847228754749370e-16
7.39551430319312112260e+03 1.88793490862212317869e-16
7.39917700269239230693e+03 1.91579804449977565499e-16
7.40283995903248523973e+03 1.72563434584892551902e-16
7.40650317234936028399e+03 1.77881435806379293410e-16
7.41016664278171174374e+03 1.54867751297041280192e-16
7.41383037047096695460e+03 1.74493635457548779226e-16
7.41749435556128901226e+03 1.74460769382593711563e-16
7.42115859819957313448e+03 1.92718758124199977246e-16
7.42482309853544757061e+03 1.61911457371297354128e-16
7.42848785672127451107e+03 1.78587321623848527324e-16
7.43215287291214826837e+03 1.86750301196604344706e-16
7.43581814726590073406e+03 1.64489555576670503432e-16
7.43948367994309137430e+03 1.72416972367400224548e-16
7.44314947110701996280e+03 1.76188462113025283932e-16
7.44681552092371202889e+03 1.73038631386999893127e-16
7.45048182956193431892e+03 1.60391675586759152227e-16
7.45414839719318115385e+03 1.72751752529528100774e-16
7.45781522399168352422e+03 1.64097681085458177087e-16
7.46148231013440545212e+03 1.74294404528824438982e-16
7.46514965580104399123e+03 1.73872537558611492446e-16
7.46881726117402922682e+03 1.64884669997780910963e-16
7.47248512643852609472e+03 1.88916580236252398303e-16
7.47615325178243165283e+03 1.93068412404732019051e-16
7.47982163739637690014e+03 1.79826206961374202727e-16
7.48349028347372677672e+03 1.71318560176738151503e-16
7.48715919021058107319e+03 1.74416046903418077114e-16
7.49082835780576806428e+03 1.89889768139054969577e-16
7.49449778646085633227e+03 1.70119773911872367131e-16
7.49816747638014294353e+03 1.93361568343565735885e-16
7.50183742777065981500e+03 2.02954485136105332831e-16
7.50550764084217462369e+03 2.00534002114444548812e-16
7.50917811580718353071e+03 2.10361494373526415355e-16
7.51284885288092118572e+03 1.96834731489480147005e-16
7.51651985228135436046e+03 2.24661958745675443309e-16
7.52019111422918012977e+03 2.24353849630539691044e-16
7.52386263894783496653e+03 2.28257826607096853302e-16
7.52753442666348291823e+03 2.26094306959512005233e-16
7.53120647760502561141e+03 2.65682217945670523415e-16
7.53487879200409679470e+03 2.40779678515105718468e-16
7.53855137009506415779e+03 2.47673563512720489252e-16
7.54222421211502660299e+03 2.07231407499495459273e-16
7.54589731830381970212e+03 2.17584416779436671101e-16
7.54957068890401114913e+03 2.00616147017572382000e-16
7.55324432416090166953e+03 2.20672522991906897217e-16
7.55691822432252683939e+03 2.08645575160586473123e-16
7.56059238963965344738e+03 2.12519743016701622076e-16
7.56426682036578586121e+03 2.04771429731937852511e-16
7.56794151675715602323e+03 2.04421050135690815414e-16
7.57161647907273527380e+03 2.01159467348778491417e-16
7.57529170757422434690e+03 1.79400374446204358213e-16
7.57896720252605973656e+03 2.20355183508365248359e-16
7.58264296419541096839e+03 2.12267082527168570383e-16
7.58631899285217969009e+03 1.96108186208861176757e-16
7.58999528876900421892e+03 2.03392072957749614854e-16
7.59367185222125226574e+03 2.02826376107351609799e-16
7.59734868348702821095e+03 1.76761079326496162198e-16
7.60102578284716764756e+03 1.79900401542493009530e-16
7.60470315058524192864e+03 2.23420528714193054419e-16
7.60838078698755543883e+03 2.59428703259951563013e-16
7.61205869234314468486e+03 2.96570192857034816914e-16
7.61573686694377920503e+03 2.79114890124091587759e-16
7.61941531108396611671e+03 2.26474035737295210817e-16
7.62309402506094102137e+03 2.06343386481554955798e-16
7.62677300917467528052e+03 1.92982999628562312830e-16
7.63045226372787419677e+03 2.33368492437490325523e-16
7.63413178902597701381e+03 2.30182686672474344023e-16
7.63781158537715418788e+03 2.41671281318418701577e-16
7.64149165309231193532e+03 2.37787071408684645839e-16
7.64517199248508859455e+03 2.41616241745689580989e-16
7.64885260387185644504e+03 2.13626282084594560398e-16
7.65253348757172079786e+03 2.06330521383014296167e-16
7.65621464390652272414e+03 2.01423301931009937086e-16
7.65989607320083359809e+03 2.03891509166701396578e-16
7.66357777578196055401e+03 1.96803256265956800801e-16
7.66725975197994193877e+03 2.15737426766358274282e-16
7.67094200212755276880e+03 2.29559266088839179023e-16
7.67462452656029927311e+03 2.26901834401941635287e-16
7.67830732561642162182e+03 2.37515012026288210615e-16
7.68199039963689483557e+03 2.19594473841600154580e-16
7.68567374896542423812e+03 2.38015507740721881977e-16
7.68935737394845182280e+03 2.19546687894078983256e-16
7.69304127493515261449e+03 2.20422868945117069754e-16
7.69672545227743285068e+03 2.24715224438753621321e-16
7.70040990632993543841e+03 2.02596841764615462896e-16
7.70409463745003449731e+03 1.72832341236382128443e-16
7.70777964599783808808e+03 1.89908362623839045680e-16
7.71146493233618912200e+03 2.02097717703313502825e-16
7.71515049683066172292e+03 1.78393461554944283968e-16
7.71883633984956577478e+03 1.89424367484975583950e-16
7.72252246176394328359e+03 1.93983763875835257105e-16
7.72620886294757019641e+03 1.87156147578045383288e-16
7.72989554377695549192e+03 2.02547200909759207160e-16
7.73358250463134299935e+03 1.99647716961078275274e-16
7.73726974589270867000e+03 1.99893164212995976784e-16
7.74095726794576239627e+03 2.04073600722906831934e-16
7.74464507117794619262e+03 1.87250867804384275140e-16
7.74833315597943965258e+03 2.08462049200365488153e-16
7.75202152274315176328e+03 1.96192901736125286778e-16
7.75571017186472545291e+03 2.03760110170470856289e-16
7.75939910374253940972e+03 1.95891711458237931995e-16
7.76308831877770535357e+03 2.13173930773974733349e-16
7.76677781737406621687e+03 1.94015320031503529741e-16
7.77046759993819978263e+03 2.16053579354423526398e-16
7.77415766687941868440e+03 2.01816674717612473316e-16
7.77784801860976676835e+03 2.03761644506091900896e-16
7.78153865554402364069e+03 2.11401019386701353764e-16
7.78522957809970012022e+03 2.19176485307767436615e-16
7.78892078669704187632e+03 2.09699551882160951353e-16
7.79261228175902851945e+03 2.24422982087096803028e-16
7.79630406371137178212e+03 2.09830879068496885344e-16
7.79999613298251733795e+03 2.14241908906735329794e-16
7.80368849000364571111e+03 2.04843418627640541618e-16
7.80738113520866954786e+03 2.15889094427574408074e-16
7.81107406903423452604e+03 1.96269166034718265982e-16
7.81476729191972208355e+03 1.88272186309886426197e-16
7.81846080430724396138e+03 2.14536908399104804429e-16
7.82215460664164857008e+03 2.27398556107683941962e-16
7.82584869937051462330e+03 1.96278520156335346521e-16
7.82954308294415841374e+03 2.17573390412379167473e-16
7.83323775781562562770e+03 1.99508782201671032258e-16
7.83693272444069862104e+03 2.23500101738527422734e-16
7.84062798327789005270e+03 2.06584956014544584786e-16
7.84432353478845016070e+03 2.19013544731948107204e-16
7.84801937943635857664e+03 1.99727572165748651081e-16
7.85171551768833069218e+03 1.93127039612148188812e-16
7.85541195001381584007e+03 1.79382298547706208725e-16
7.85910867688499547512e+03 1.83534132538236326537e-16
7.86280569877678499324e+03 2.07528308878770671919e-16
7.86650301616683373140e+03 1.81304864251120975759e-16
7.87020062953552314866e+03 1.69732845796179714615e-16
7.87389853936597137363e+03 1.92639807505394325162e-16
7.87759674614402592852e+03 2.07313462705589678050e-16
7.88129525035827009560e+03 1.78857181486473753111e-16
7.88499405250002109824e+03 1.49118675752630754587e-16
7.88869315306332919135e+03 1.67411474797978390539e-16
7.89239255254497766146e+03 1.61000548346907117947e-16
7.89609225144448282663e+03 1.59015827448513420514e-16
7.89979225026409494603e+03 1.76116313520438630070e-16
7.90349254950880003889e+03 1.73333613345437283284e-16
7.90719314968631442753e+03 1.71678930310118188707e-16
7.91089405130708837532e+03 1.53776618531374988612e-16
7.91459525488430790574e+03 1.39802875492101464827e-16
7.91829676093389025482e+03 1.32234835605032917874e-16
7.92199856997448659968e+03 1.36578590317660062500e-16
7.92570068252748296800e+03 1.49230990617890963272e-16
7.92940309911699750955e+03 1.61029935284642572643e-16
7.93310582026988231519e+03 1.56656754355045081202e-16
7.93680884651572250732e+03 1.59348323956900734235e-16
7.94051217838683714945e+03 1.61589842291597081842e-16
7.94421581641828015563e+03 1.69398214168295716277e-16
7.94791976114783665253e+03 1.63379092722832715064e-16
7.95162401311602570786e+03 1.32912258526645115014e-16
7.95532857286610033043e+03 1.52208836288679452281e-16
7.95903344094404837961e+03 1.59503981479324208517e-16
7.96273861789858983684e+03 1.48754273370657790063e-16
7.96644410428117680567e+03 1.50045545568617775030e-16
7.97014990064599714970e+03 1.59555412800873187084e-16
7.97385600754997267359e+03 1.56183343330162083131e-16
7.97756242555275548511e+03 1.52025844324726990062e-16
7.98126915521673436160e+03 1.59774071565045370563e-16
7.98497619710703020246e+03 1.59064992887605724617e-16
7.98868355179149693868e+03 1.67850461280125115652e-16
7.99239121984072426130e+03 1.63842139851440235371e-16
7.99609920182803216449e+03 1.81452297935093274631e-16
7.99980749832947640243e+03 1.55387489212293918046e-16
8.00351610992384667043e+03 1.62451751069815405232e-16
8.00722503719266296685e+03 1.87782191387126129509e-16
8.01093428072018286912e+03 1.57193781280153770195e-16
8.01464384109339425777e+03 1.92970550090341048508e-16
8.01835371890201986389e+03 1.83095525399544045553e-16
8.02206391473851635965e+03 1.80308998410527438679e-16
8.02577442919807344879e+03 1.67833641677076911737e-16
8.02948526287861386663e+03 1.54847822950248464794e-16
8.03319641638079428958e+03 1.57407051825714846244e-16
8.03690789030800533510e+03 1.83706594958525147846e-16
8.04061968526636974275e+03 1.77456332982921169155e-16
8.04433180186474510265e+03 1.85801044332051815070e-16
8.04804424071472294600e+03 2.05843951056157806417e-16
8.05175700243062601658e+03 2.00007222574329360785e-16
8.05547008762951281824e+03 1.85892061751833936736e-16
8.05918349693117397692e+03 1.70950907183504869574e-16
8.06289723095813587861e+03 1.83762246204708652590e-16
8.06661129033565430291e+03 1.66096171594406269295e-16
8.07032567569172169897e+03 1.89289335169530238320e-16
8.07404038765706445702e+03 1.87178190734585891456e-16
8.07775542686513927038e+03 1.78099460127660298751e-16
8.08147079395214041142e+03 1.82862048650734701920e-16
8.08518648955699245562e+03 1.83463282854367513420e-16
8.08890251432135391951e+03 1.77341864564079529202e-16
8.09261886888961907971e+03 1.72949836186423564702e-16
8.09633555390891342540e+03 1.77099918494183352137e-16
8.10005257002909547737e+03 1.68938490889709687618e-16
8.10376991790276042593e+03 1.56753911044025231558e-16
8.10748759818523376453e+03 1.73121454632276803263e-16
8.11120561153457674664e+03 1.89369564838118630682e-16
8.11492395861158183834e+03 1.64897378654099368912e-16
8.11864264007977635629e+03 1.73101702346232946267e-16
8.12236165660542246769e+03 1.51006821725094382045e-16
8.12608100885751264286e+03 1.84555451253268463579e-16
8.12980069750777602167e+03 1.41840415762185058566e-16
8.13352072323067204707e+03 1.56918299738322713188e-16
8.13724108670339774108e+03 1.58349606349441361536e-16
8.14096178860587951931e+03 1.41274839916451487373e-16
8.14468282962078046694e+03 1.35578051972312852684e-16
8.14840421043349488173e+03 1.31343226316839954020e-16
8.15212593173215191200e+03 1.24530626426736234269e-16
8.15584799420761282818e+03 1.44168075539959596441e-16
8.15957039855347557022e+03 1.33451621443444503800e-16
8.16329314546606747172e+03 1.18106191729000932551e-16
8.16701623564445162629e+03 1.35658898554188498018e-16
8.17073966979042415915e+03 1.31388048457738184589e-16
8.17446344860851604608e+03 1.20388098134176071597e-16
8.17818757280598947546e+03 1.27532003293762672827e-16
8.18191204309284148621e+03 1.27949081730675068433e-16
8.18563686018180214887e+03 1.24129747666952578046e-16
8.18936202478833638452e+03 1.19837433335767175760e-16
8.19308753763063941733e+03 1.30830313200808340579e-16
8.19681339942964405054e+03 1.14266885482951443493e-16
8.20053961090901429998e+03 1.18771547915252655743e-16
8.20426617279514539405e+03 1.35925765830994848909e-16
8.20799308581717195921e+03 1.28042230815222194937e-16
8.21172035070695710601e+03 1.30289985219223455306e-16
8.21544796819909970509e+03 1.44789576374053489496e-16
8.21917593903093074914e+03 1.26929778119408691131e-16
8.22290426394251335296e+03 1.16915622716606323660e-16
8.22663294367665366735e+03 1.32316228658675606334e-16
8.23036197897887905128e+03 1.22448419629240809119e-16
8.23409137059745262377e+03 1.06228816024166483866e-16
8.23782111928338053985e+03 1.29308021192890203905e-16
8.24155122579038652475e+03 1.29571575510834068252e-16
8.24528169087494825362e+03 1.42809104622146286622e-16
8.24901251529625369585e+03 1.40222629335920923897e-16
8.25274369981624477077e+03 1.31974301520488342096e-16
8.25647524519958824385e+03 1.40067982783201947067e-16
8.26020715221367936465e+03 1.24610642322967508896e-16
8.26393942162865278078e+03 1.15713120928080227639e-16
8.26767205421737889992e+03 1.13635056167866771918e-16
8.27140505075545661384e+03 1.10115532379158298686e-16
8.27513841202122057439e+03 1.23037963788558974108e-16
8.27887213879574119346e+03 1.22932402909553945708e-16
8.28260623186281736707e+03 1.09804724203724311741e-16
8.28634069200898011331e+03 1.13669655945619936562e-16
8.29007552002350348630e+03 1.13489013870513566820e-16
8.29381071669839002425e+03 1.00125713033211800685e-16
8.29754628282837074948e+03 1.15416237693326508817e-16
8.30128221921091608237e+03 1.16990315005043874413e-16
8.30501852664622856537e+03 1.21221092625013500433e-16
8.30875520593724650098e+03 1.30684656540945840323e-16
8.31249225788963303785e+03 1.24059809018346368698e-16
8.31622968331179799861e+03 1.29060874423907710747e-16
8.31996748301487605204e+03 1.35954566909462780449e-16
8.32370565781273398898e+03 1.27872264533821643833e-16
8.32744420852197436034e+03 1.39059914653259986550e-16
8.33118313596193911508e+03 1.20767005033060775951e-16
8.33492244095469868626e+03 1.47223271464178380160e-16
8.33866212432505199104e+03 1.34330731384371506883e-16
8.34240218690054098261e+03 1.16686001380929817129e-16
8.34614262951143246028e+03 1.32717753007916303328e-16
8.34988345299073262140e+03 1.21713627551102406791e-16
8.35362465817418342340e+03 1.36788747979724192863e-16
8.35736624590024803183e+03 1.34759866830507869241e-16
8.36110821701013992424e+03 1.28554002726738427093e-16
8.36485057234779014834e+03 1.22855624091236563485e-16
8.36859331275987642584e+03 1.32313792240662230694e-16
8.37233643909580132458e+03 1.29175026915613437503e-16
8.37607995220770681044e+03 1.24346489891190596040e-16
8.37982385295045969542e+03 1.05626594225055426348e-16
8.38356814218166982755e+03 1.28588665790933197221e-16
8.38731282076167553896e+03 1.22161799366052659262e-16
8.39105788955354728387e+03 1.32995953782937635234e-16
8.39480334942309855251e+03 1.02568450396860579290e-16
8.39854920123886404326e+03 1.24440992290159572999e-16
8.40229544587211785256e+03 1.17543147115619692748e-16
8.40604208419686619891e+03 1.24857814585043209623e-16
8.40978911708985106088e+03 1.29828861485143672788e-16
8.41353654543055017712e+03 1.30517100488613989155e-16
8.41728437010116249439e+03 1.29857586594816717029e-16
8.42103259198663363350e+03 1.39657163636733308357e-16
8.42478121197463769931e+03 1.35560746725274019244e-16
8.42853023095558455680e+03 1.21804548480702309296e-16
8.43227964982261255500e+03 1.04471305000812044806e-16
8.43602946947159944102e+03 1.26468922113671576654e-16
8.43977969080114780809e+03 1.22514204149986745371e-16
8.44353031471261056140e+03 1.20814453557986494522e-16
8.44728134211005090037e+03 1.24261344286250289721e-16
8.45103277390028597438e+03 1.25853552779909262042e-16
8.45478461099285777891e+03 1.30831314616507012948e-16
8.45853685430003679357e+03 9.26580572109555618551e-17
8.46228950473684017197e+03 1.34866769257762500148e-16
8.46604256322100627585e+03 1.25840042905039800457e-16
8.46979603067300922703e+03 1.38874472501219194199e-16
8.47354990801606618334e+03 1.38304607432602862706e-16
8.47730419617611187277e+03 1.29823728050183545842e-16
8.48105889608183133532e+03 1.20444448259290926191e-16
8.48481400866463081911e+03 1.28441422736650173724e-16
8.48856953485865597031e+03 1.42283781195754868514e-16
8.49232547560078455717e+03 1.19855481566982149045e-16
8.49608183183062647004e+03 1.17727202870720254815e-16
8.49983860449052372132e+03 1.06424899625914607388e-16
8.50359579452555772150e+03 1.32947771287727719277e-16
8.50735340288354200311e+03 1.05717832428445438161e-16
8.51111143051501858281e+03 1.08484946830919289699e-16
8.51486987837326523731e+03 1.32435377278355213264e-16
8.51862874741429550340e+03 1.24503879174292553817e-16
8.52238803859685503994e+03 1.10778891266089274184e-16
8.52614775288242526585e+03 1.36603377549001894055e-16
8.52990789123521244619e+03 1.24880295064223376101e-16
8.53366845462216588203e+03 1.31999091111118341827e-16
8.53742944401296699652e+03 1.25722422720887371652e-16
8.54119086038002933492e+03 1.15919816872811627529e-16
8.54495270469849492656e+03 1.15047143214220082103e-16
8.54871497794624519884e+03 1.09071663658012617580e-16
8.55247768110389733920e+03 1.35812649435291725144e-16
8.55624081515479701920e+03 1.22571159360382014104e-16
8.56000438108502203249e+03 1.30026821118145789887e-16
8.56376837988338593277e+03 1.18893317949367011464e-16
8.56753281254144167178e+03 1.41067782416436652141e-16
8.57129768005346704740e+03 1.37973975656277398807e-16
8.57506298341647925554e+03 1.27615639960115056641e-16
8.57882872363022033824e+03 1.35113601767045132377e-16
8.58259490169717537356e+03 1.25537035534267788391e-16
8.58636151862256156164e+03 1.32940995434508595016e-16
8.59012857541432822472e+03 1.33624002143513051006e-16
8.59389607308314953116e+03 1.36337685047673709727e-16
8.59766401264244996128e+03 1.30879677945498771061e-16
8.60143239510837520356e+03 1.33712993024922108765e-16
8.60520122149980670656e+03 1.36056220947555882215e-16
8.60897049283836531686e+03 1.25085736201377848944e-16
8.61274021014839308918e+03 1.43490428963924692874e-16
8.61651037445697875228e+03 1.47374949788431289477e-16
8.62028098679393588100e+03 1.44967305068064998532e-16
8.62405204819181744824e+03 1.42578048947607756406e-16
8.62782355968590491102e+03 1.55814863185562748545e-16
8.63159552231421912438e+03 1.49247977792771208686e-16
8.63536793711750578950e+03 1.51411143787583991222e-16
8.63914080513925000560e+03 1.56422557554780393200e-16
8.64291412742567263194e+03 1.55194705897706162217e-16
8.64668790502571937395e+03 1.63158284962170457123e-16
8.65046213899108261103e+03 1.48789418758861327804e-16
8.65423683037617593072e+03 1.74525415811865257906e-16
8.65801198023814868066e+03 1.44261087039294042022e-16
8.66178758963688960648e+03 1.40951616777785990961e-16
8.66556365963501593797e+03 1.73665827603896439094e-16
8.66934019129788066493e+03 1.62923268984117001428e-16
8.67311718569356889930e+03 1.84422702459350099700e-16
8.67689464389290151303e+03 1.73845039649781735517e-16
8.68067256696942786220e+03 1.69721604531124775058e-16
8.68445095599943670095e+03 1.71183684657040483083e-16
8.68822981206194890547e+03 1.84309443063769092697e-16
8.69200913623871383606e+03 1.78908233827242528123e-16
8.69578892961422025110e+03 1.84047678367925132343e-16
8.69956919327568903100e+03 1.70469987126825048925e-16
8.70334992831306954031e+03 1.84765763565978241847e-16
8.70713113581905781757e+03 2.14858219301143321513e-16
8.71091281688906383351e+03 1.87764128701599502484e-16
8.71469497262125150883e+03 2.00801360718115741533e-16
8.71847760411650233436e+03 2.19316015262154586089e-16
8.72226071247844083700e+03 1.95325823327834921938e-16
8.72604429881342002773e+03 2.10777431040418209927e-16
8.72982836423052867758e+03 2.19884746630140403735e-16
8.73361290984158767969e+03 1.96473976297854165793e-16
8.73739793676115368726e+03 2.14223372576144643398e-16
8.74118344610651547555e+03 2.16133034353878835521e-16
8.74496943899769030395e+03 2.02401372979251064554e-16
8.74875591655744210584e+03 2.21587873481481195218e-16
8.75254287991125602275e+03 2.23852056036750735358e-16
8.75633033018735295627e+03 2.09727242670752085139e-16
8.76011826851669320604e+03 2.30077878743069729496e-16
8.76390669603296191781e+03 2.49809030881665694706e-16
8.76769561387258727336e+03 2.37696431326244736318e-16
8.77148502317472230061e+03 2.51520890780221330415e-16
8.77527492508125942550e+03 2.36097855791250436183e-16
8.77906532073682319606e+03 2.30454827998687686523e-16
8.78285621128876664443e+03 2.65892812369238371023e-16
8.78664759788718220079e+03 2.57110815229667092432e-16
8.79043948168489805539e+03 2.43817211099573045866e-16
8.79423186383746724459e+03 2.81030437118572857563e-16
8.79802474550318220281e+03 2.87917013380841739715e-16
8.80181812784307112452e+03 2.89183536412093957169e-16
8.80561201202088705031e+03 2.92584585617180096895e-16
8.80940639920312605682e+03 3.37853887943797858701e-16
8.81320129055900906678e+03 3.27441327736336622840e-16
8.81699668726050003897e+03 2.97544488132690338375e-16
8.82079259048228777829e+03 3.66614628622934831356e-16
8.82458900140180048766e+03 3.48051809561779656645e-16
8.82838592119919121615e+03 3.44822017707358135417e-16
8.83218335105736332480e+03 3.35628589896238413647e-16
8.83598129216193410684e+03 3.63640362578257380377e-16
8.83977974570126752951e+03 3.57108608230851035431e-16
8.84357871286645604414e+03 3.64987322133301685745e-16
8.84737819485132422415e+03 3.85582876685431617219e-16
8.85117819285243967897e+03 3.84262195225657562238e-16
8.85497870806908758823e+03 4.15681698635152966998e-16
8.85877974170329980552e+03 4.09100411504780730140e-16
8.86258129495983303059e+03 4.24322287101632187429e-16
8.86638336904618699919e+03 4.22352727372337359609e-16
8.87018596517258993117e+03 4.18041164746744659111e-16
8.87398908455199853051e+03 4.40765382270514154771e-16
8.87779272840010889922e+03 4.46633339243019441079e-16
8.88159689793535289937e+03 4.23008850221675736821e-16
8.88540159437888723915e+03 4.72226059960666017879e-16
8.88920681895460802480e+03 4.35552748386467942677e-16
8.89301257288915076060e+03 4.31105757081676422572e-16
8.89681885741186852101e+03 4.39694063198944626078e-16
8.90062567375486469246e+03 4.68374512164200088268e-16
8.90443302315296386951e+03 4.76958246853398901702e-16
8.90824090684373004478e+03 4.44438056005997960696e-16
8.91204932606745933299e+03 4.24608509211586165046e-16
8.91585828206718360889e+03 4.85893848043705507551e-16
8.91966777608866686933e+03 5.13309991996981220807e-16
8.92347780938040159526e+03 4.60478740787066611721e-16
8.92728838319362330367e+03 4.70890651956758260781e-16
8.93109949878228871967e+03 5.05491414004044369261e-16
8.93491115740310488036e+03 4.76045821779807047786e-16
8.93872336031549275503e+03 4.63930834604545778058e-16
8.94253610878162726294e+03 4.59839309494612829126e-16
8.94634940406639725552e+03 4.34169448847286234899e-16
8.95016324743743825820e+03 4.40368882881548204941e-16
8.95397764016511428053e+03 4.42034821935573400233e-16
8.95779258352252145414e+03 4.09654481612901351004e-16
8.96160807878549530869e+03 4.30820614796841106242e-16
8.96542412723260349594e+03 3.87212073575797627276e-16
8.96924073014513851376e+03 4.19498421187240988490e-16
8.97305788880713589606e+03 4.12494556019900013741e-16
8.97687560450536329881e+03 3.86387345637466800678e-16
8.98069387852931686211e+03 3.79330146183851859706e-16
8.98451271217123212409e+03 3.89897527632749795664e-16
8.98833210672607310698e+03 3.71532607967039200508e-16
8.99215206349153959309e+03 3.26624944419925793765e-16
8.99597258376807076274e+03 3.73715933656044032269e-16
8.99979366885882700444e+03 3.49515911039415754870e-16
9.00361532006971174269e+03 3.42989960048780629456e-16
9.00743753870935688610e+03 3.69153729479317400442e-16
9.01126032608913010336e+03 3.32437984960323404697e-16
9.01508368352313482319e+03 3.22820899478734048894e-16
9.01890761232820659643e+03 3.56787325766154839653e-16
9.02273211382390945801e+03 3.69013572542275797996e-16
9.02655718933254684089e+03 3.81398343429070969435e-16
9.03038284017915066215e+03 3.84150636739747997273e-16
9.03420906769149587490e+03 3.75276658450976028289e-16
9.03803587320007864037e+03 3.82904111534312391596e-16
9.04186325803813451785e+03 3.74813863958512863210e-16
9.04569122354163846467e+03 4.01350116984262296338e-16
9.04951977104928664630e+03 3.98684106057374614967e-16
9.05334890190251462627e+03 3.95548860396808026462e-16
9.05717861744549736613e+03 4.13152593394745952380e-16
9.06100891902513467357e+03 4.05777544595166105989e-16
9.06483980799106575432e+03 4.05694451808498955133e-16
9.06867128569565466023e+03 3.72202268490383410087e-16
9.07250335349401211715e+03 3.60851926007587071626e-16
9.07633601274396642111e+03 3.68626635960198487264e-16
9.08016926480609981809e+03 3.73747546446206723812e-16
9.08400311104370484827e+03 3.77291106601794750502e-16
9.08783755282282436383e+03 3.63619600440294286311e-16
9.09167259151222970104e+03 3.60492885757482966473e-16
9.09550822848342431826e+03 3.48378077153120360971e-16
9.09934446511064743390e+03 3.24593639988068873486e-16
9.10318130277087038849e+03 3.08538386346671132207e-16
9.10701874284379664459e+03 3.28000463459242604416e-16
9.11085678671186542488e+03 2.95662739163128187685e-16
9.11469543576024807408e+03 2.96123660019725219871e-16
9.11853469137685169699e+03 2.97609226480270479784e-16
9.12237455495231552050e+03 2.78841083958021647523e-16
9.12621502788001089357e+03 2.81940797399179736950e-16
9.13005611155604128726e+03 2.59178083106248483385e-16
9.13389780737925320864e+03 2.68799206216788457358e-16
9.13774011675121437293e+03 2.43685855549666375368e-16
9.14158304107623189338e+03 2.32522264696725793522e-16
9.14542658176134864334e+03 2.40768562990145192587e-16
9.14927074021633234224e+03 2.29257568052490268182e-16
9.15311551785369738354e+03 2.21084791618574609856e-16
9.15696091608867936884e+03 1.94495036532263046669e-16
9.16080693633925329777e+03 1.96954543658054337787e-16
9.16465358002612993005e+03 1.91182951274631041435e-16
9.16850084857274487149e+03 1.85112617328933601173e-16
9.17234874340527676395e+03 1.71469584503309118147e-16
9.17619726595263273339e+03 1.66101057871234918734e-16
9.18004641764645202784e+03 1.67480798628331755073e-16
9.18389619992111329339e+03 1.62854573056545079938e-16
9.18774661421372366021e+03 1.46940167124188313287e-16
9.19159766196412601857e+03 1.39442375766577699948e-16
9.19544934461489538080e+03 1.50220172932609936909e-16
9.19930166361133888131e+03 1.39907929147961534760e-16
9.20315462040150305256e+03 1.21685164967601427498e-16
9.20700821643615927314e+03 1.25824079138975057066e-16
9.21086245316882195766e+03 1.29160232633907654569e-16
9.21471733205573036685e+03 1.33535803341046384173e-16
9.21857285455586679745e+03 1.34183637669780718704e-16
9.22242902213093111641e+03 1.18985262955149743864e-16
9.22628583624537714059e+03 1.19406089980538521063e-16
9.23014329836637989501e+03 1.18749163450459934108e-16
9.23400140996384288883e+03 1.10946742862490599266e-16
9.23786017251041994314e+03 1.22610386010749150818e-16
9.24171958748148244922e+03 1.21361698988550259492e-16
9.24557965635514483438e+03 1.29083583254657464210e-16
9.24944038061225001002e+03 1.11059916477462263050e-16
9.25330176173637664760e+03 1.07065823272909602897e-16
9.25716380121383554069e+03 1.19783494808939720591e-16
9.26102650053366960492e+03 9.59492841473773701365e-17
9.26488986118766479194e+03 1.07184393825492567173e-16
9.26875388467032826156e+03 1.09289770417525675930e-16
9.27261857247890293365e+03 1.10703888424343162601e-16
9.27648392611337476410e+03 1.04988771151050642895e-16
9.28034994707645455492e+03 1.26896463015688404158e-16
9.28421663687358159223e+03 1.07249620668324511217e-16
9.28808399701294547413e+03 9.91796788885699507787e-17
9.29195202900545336888e+03 9.75308730051962561502e-17
9.29582073436475548078e+03 9.18445055847733513554e-17
9.29969011460722686024e+03 9.03849711101411552318e-17
9.30356017125198559370e+03 8.58157799419636537898e-17
9.30743090582087825169e+03 8.45733108514457099865e-17
9.31130231983848352684e+03 9.00964165406502948454e-17
9.31517441483211587183e+03 6.10398571814069275501e-17
9.31904719233182549942e+03 6.72278231937263211752e-17
9.32292065387039474444e+03 6.96720243643434988736e-17
9.32679480098333442584e+03 8.75069963071970644798e-17
9.33066963520889112260e+03 5.79511850126136207040e-17
9.33454515808805081178e+03 5.59434368047411145077e-17
9.33842137116452795453e+03 5.48189617923587389514e-17
9.34229827598477277206e+03 6.74158657161620469917e-17
9.34617587409796396969e+03 6.41062729546797915501e-17
9.35005416705601965077e+03 5.61513099311895329369e-17
9.35393315641358640278e+03 5.82167826725649745550e-17
9.35781284372805021121e+03 6.15612564919850465108e-17
9.36169323055952554569e+03 5.52213504491518947923e-17
9.36557431847085899790e+03 5.00487374790045042573e-17
9.36945610902764383354e+03 4.92121696097426153813e-17
9.37333860379818361253e+03 5.75779832095272808041e-17
9.37722180435353948269e+03 4.74140403187236220340e-17
9.38110571226749016205e+03 8.07405260861403498565e-17
9.38499032911655376665e+03 3.99919253239522903678e-17
9.38887565647998053464e+03 5.02184396460752774270e-17
9.39276169593975646421e+03 5.60873420204304034954e-17
9.39664844908059603767e+03 5.72419389214677458556e-17
9.40053591748995313537e+03 5.98051562546483150456e-17
9.40442410275801375974e+03 4.93593431349353676660e-17
9.40831300647769239731e+03 5.77745407892461119680e-17
9.41220263024464293267e+03 6.16486726093006530919e-17
9.41609297565725137247e+03 4.46675210722249223973e-17
9.41998404431663584546e+03 6.66594518527047891387e-17
9.42387583782664660248e+03 6.08591918526133497021e-17
9.42776835779387329239e+03 3.94901771909279463972e-17
9.43166160582763041020e+03 4.82474643927479793252e-17
9.43555558353997548693e+03 6.52256616338421092003e-17
9.43945029254569453769e+03 4.24643244011748686661e-17
9.44334573446230206173e+03 4.40411896213824658400e-17
9.44724191091005559429e+03 5.34286255145703702984e-17
9.45113882351194479270e+03 4.00246438416589290187e-17
9.45503647389368416043e+03 3.74803711529257308847e-17
9.45893486368372759898e+03 3.31349023041888046801e-17
9.46283399451326840790e+03 5.23045764743070912073e-17
9.46673386801622109488e+03 4.26847206996923564677e-17
9.47063448582924684160e+03 2.29852571246997652769e-17
9.47453584959172439994e+03 3.65495674612026324769e-17
9.47843796094578283373e+03 4.09476927044579997350e-17
9.48234082153627241496e+03 4.92166441594564797743e-17
9.48624443301078645163e+03 4.15642431583074248025e-17
9.49014879701963945990e+03 4.90561199589764579861e-17
9.49405391521589262993e+03 3.92166964224785537587e-17
9.49795978925533199799e+03 4.34625257324068539289e-17
9.50186642079648299841e+03 3.15579488206220525519e-17
9.50577381150059591164e+03 3.45258185022266518428e-17
9.50968196303166769212e+03 3.25933752889230853735e-17
9.51359087705641650246e+03 2.33840563959887041906e-17
9.51750055524429626530e+03 3.91145726878173770719e-17
9.52141099926750030136e+03 2.87464506263060115626e-17
9.52532221080095405341e+03 3.78764882447324046307e-17
9.52923419152231144835e+03 2.90604194756545371558e-17
9.53314694311196217313e+03 3.14329460646133048964e-17
9.53706046725303167477e+03 2.74927526194942015611e-17
9.54097476563137752237e+03 2.56818924558365438438e-17
9.54488983993558940710e+03 3.34568572960803413976e-17
9.54880569185699278023e+03 3.26103559391107974026e-17
9.55272232308964521508e+03 2.97558123605653938210e-17
9.55663973533033640706e+03 3.46923489069170916240e-17
9.56055793027859544964e+03 2.32349815434618437839e-17
9.56447690963667628239e+03 2.65656791487402658095e-17
9.56839667510957224295e+03 2.53077666773508355451e-17
9.57231722840501242899e+03 3.44870381311311725431e-17
9.57623857123344714637e+03 3.13635909438003918214e-17
9.58016070530807701289e+03 2.09427276234597206557e-17
9.58408363234482749249e+03 2.04970058569397772606e-17
9.58800735406235253322e+03 1.95587931188956856556e-17
9.59193187218204911915e+03 3.57895122936925722311e-17
9.59585718842804271844e+03 3.31950971203311906109e-17
9.59978330452719092136e+03 2.91533359692183035926e-17
9.60371022220909071621e+03 3.40875875195792868137e-17
9.60763794320606757537e+03 3.18668269885533645066e-17
9.61156646925318273134e+03 3.52080648917377216241e-17
9.61549580208822953864e+03 2.36139035640576789141e-17
9.61942594345173711190e+03 2.58585334502339422823e-17
9.62335689508696304983e+03 3.01509098735130718472e-17
9.62728865873990434920e+03 3.11350760825366609065e-17
9.63122123615928649087e+03 2.56741417879761064372e-17
9.63515462909657435375e+03 2.46833331740197662355e-17
9.63908883930595766287e+03 2.41887214153978103477e-17
9.64302386854437281727e+03 2.28302760210944274976e-17
9.64695971857147378614e+03 2.15429599095507874446e-17
9.65089639114966121269e+03 3.17323628990152010301e-17
9.65483388804406058625e+03 2.56145264295258650587e-17
9.65877221102253679419e+03 2.96528532446060700214e-17
9.66271136185568684596e+03 2.91905444476776197332e-17
9.66665134231683623511e+03 2.99346238133034003302e-17
9.67059215418205349124e+03 2.62329702756825655129e-17
9.67453379923012835206e+03 3.06532100573642125063e-17
9.67847627924259722931e+03 2.36418700043919212162e-17
9.68241959600371774286e+03 2.36746511850953338636e-17
