3800.00000000001  1.852985E-15
3803.52033281327  1.784465E-15
3807.04066562654  1.839523E-15
3810.5609984398  1.889531E-15
3814.08133125306  1.945758E-15
3817.60166406632  1.917712E-15
3821.12199687959  1.940737E-15
3824.64232969285  2.022271E-15
3828.16266250611  2.098994E-15
3831.68299531938  2.095917E-15
3835.20332813264  2.021362E-15
3838.7236609459  1.972202E-15
3842.24399375916  1.862531E-15
3845.76432657243  2.094363E-15
3849.28465938569  2.098851E-15
3852.80499219895  1.977373E-15
3856.32532501222  2.065562E-15
3859.84565782548  2.042722E-15
3863.36599063874  2.016873E-15
3866.88632345201  1.836455E-15
3870.40665626527  1.824444E-15
3873.92698907853  1.998501E-15
3877.4473218918  1.907876E-15
3880.96765470506  2.021285E-15
3884.48798751832  1.976419E-15
3888.00832033158  1.828861E-15
3891.52865314485  1.898303E-15
3895.04898595811  1.897813E-15
3898.56931877137  1.982160E-15
3902.08965158464  2.102677E-15
3905.6099843979  2.158105E-15
3909.13031721116  2.166137E-15
3912.65065002442  1.892525E-15
3916.17098283769  1.899434E-15
3919.69131565095  1.916002E-15
3923.21164846421  1.870990E-15
3926.73198127748  1.850203E-15
3930.25231409074  1.926464E-15
3933.772646904  2.053668E-15
3937.29297971726  2.059115E-15
3940.81331253053  1.933740E-15
3944.33364534379  2.080171E-15
3947.85397815705  2.013528E-15
3951.37431097032  2.028471E-15
3954.89464378358  2.177955E-15
3958.41497659684  2.081330E-15
3961.93530941011  1.897674E-15
3965.45564222337  1.831639E-15
3968.97597503663  1.911053E-15
3972.49630784989  2.066472E-15
3976.01664066316  2.050450E-15
3979.53697347642  1.934183E-15
3983.05730628968  1.869773E-15
3986.57763910295  1.968715E-15
3990.09797191621  1.923420E-15
3993.61830472947  1.966651E-15
3997.13863754274  1.997370E-15
4000.658970356  1.917122E-15
4004.17930316926  1.919187E-15
4007.69963598252  1.872706E-15
4011.21996879579  1.842870E-15
4014.74030160905  1.973440E-15
4018.26063442231  1.995812E-15
4021.78096723558  2.016588E-15
4025.30130004884  1.921382E-15
4028.8216328621  1.987510E-15
4032.34196567536  2.154997E-15
4035.86229848863  2.072088E-15
4039.38263130189  1.932914E-15
4042.90296411515  2.139573E-15
4046.42329692842  2.071605E-15
4049.94362974168  1.901270E-15
4053.46396255494  1.922485E-15
4056.98429536821  1.996845E-15
4060.50462818147  1.966860E-15
4064.02496099473  1.990962E-15
4067.54529380799  1.891917E-15
4071.06562662126  1.879831E-15
4074.58595943452  2.047596E-15
4078.10629224778  1.830170E-15
4081.62662506105  1.870885E-15
4085.14695787431  1.987408E-15
4088.66729068757  1.961414E-15
4092.18762350083  1.893950E-15
4095.7079563141  2.129722E-15
4099.22828912736  2.085120E-15
4102.74862194062  2.145228E-15
4106.26895475389  2.056440E-15
4109.78928756715  1.978272E-15
4113.30962038041  2.033656E-15
4116.82995319368  2.011634E-15
4120.35028600694  2.028645E-15
4123.8706188202  2.161911E-15
4127.39095163346  2.136746E-15
4130.91128444673  2.113597E-15
4134.43161725999  2.008044E-15
4137.95195007325  2.005442E-15
4141.47228288652  2.017914E-15
4144.99261569978  1.903901E-15
4148.51294851304  2.003212E-15
4152.03328132631  1.998428E-15
4155.55361413957  1.845322E-15
4159.07394695283  1.816421E-15
4162.59427976609  1.853858E-15
4166.11461257936  1.947398E-15
4169.63494539262  1.914893E-15
4173.15527820588  1.933122E-15
4176.67561101915  1.988904E-15
4180.19594383241  1.964037E-15
4183.71627664567  1.945886E-15
4187.23660945893  1.834261E-15
4190.7569422722  1.969473E-15
4194.27727508546  1.983175E-15
4197.79760789872  1.897484E-15
4201.31794071199  1.846279E-15
4204.83827352525  1.854418E-15
4208.35860633851  1.815532E-15
4211.87893915177  1.799902E-15
4215.39927196504  1.793201E-15
4218.9196047783  1.733048E-15
4222.43993759156  1.737010E-15
4225.96027040483  1.762671E-15
4229.48060321809  1.770983E-15
4233.00093603135  1.839425E-15
4236.52126884462  1.818283E-15
4240.04160165788  1.744409E-15
4243.56193447114  1.781397E-15
4247.0822672844  1.921481E-15
4250.60260009767  1.841065E-15
4254.12293291093  1.719340E-15
4257.64326572419  1.774116E-15
4261.16359853746  1.819198E-15
4264.68393135072  1.868713E-15
4268.20426416398  1.772114E-15
4271.72459697725  1.743302E-15
4275.24492979051  1.788666E-15
4278.76526260377  1.829378E-15
4282.28559541703  1.792802E-15
4285.8059282303  1.772906E-15
4289.32626104356  1.768611E-15
4292.84659385682  1.888174E-15
4296.36692667009  1.984915E-15
4299.88725948335  1.966304E-15
4303.40759229661  1.853160E-15
4306.92792510987  1.916764E-15
4310.44825792314  1.872772E-15
4313.9685907364  1.798206E-15
4317.48892354966  1.781278E-15
4321.00925636293  1.731526E-15
4324.52958917619  1.775886E-15
4328.04992198945  1.743663E-15
4331.57025480272  1.714943E-15
4335.09058761598  1.778930E-15
4338.61092042924  1.712075E-15
4342.1312532425  1.658439E-15
4345.65158605577  1.662367E-15
4349.17191886903  1.718937E-15
4352.69225168229  1.809089E-15
4356.21258449556  1.779746E-15
4359.73291730882  1.688156E-15
4363.25325012208  1.738276E-15
4366.77358293535  1.725900E-15
4370.29391574861  1.791598E-15
4373.81424856187  1.844371E-15
4377.33458137513  1.929740E-15
4380.8549141884  1.890657E-15
4384.37524700166  1.834083E-15
4387.89557981492  1.788994E-15
4391.41591262819  1.746553E-15
4394.93624544145  1.783882E-15
4398.45657825471  1.782736E-15
4401.97691106797  1.708208E-15
4405.49724388124  1.624796E-15
4409.0175766945  1.649433E-15
4412.53790950776  1.669888E-15
4416.05824232102  1.766159E-15
4419.57857513429  1.807303E-15
4423.09890794755  1.785361E-15
4426.61924076081  1.666547E-15
4430.13957357408  1.574067E-15
4433.65990638734  1.599774E-15
4437.1802392006  1.725459E-15
4440.70057201387  1.748032E-15
4444.22090482713  1.712047E-15
4447.74123764039  1.649897E-15
4451.26157045365  1.704983E-15
4454.78190326692  1.699520E-15
4458.30223608018  1.667321E-15
4461.82256889344  1.738354E-15
4465.34290170671  1.694092E-15
4468.86323451997  1.647284E-15
4472.38356733323  1.743347E-15
4475.9039001465  1.749747E-15
4479.42423295976  1.693394E-15
4482.94456577302  1.724930E-15
4486.46489858628  1.737423E-15
4489.98523139955  1.706983E-15
4493.50556421281  1.678143E-15
4497.02589702607  1.800020E-15
4500.54622983934  1.821028E-15
4504.0665626526  1.718974E-15
4507.58689546586  1.669137E-15
4511.10722827912  1.635304E-15
4514.62756109239  1.537114E-15
4518.14789390565  1.610150E-15
4521.66822671891  1.643728E-15
4525.18855953218  1.604722E-15
4528.70889234544  1.589170E-15
4532.2292251587  1.636014E-15
4535.74955797196  1.584179E-15
4539.26989078523  1.522790E-15
4542.79022359849  1.603145E-15
4546.31055641175  1.628256E-15
4549.83088922502  1.520469E-15
4553.35122203828  1.563076E-15
4556.87155485154  1.570791E-15
4560.39188766481  1.515226E-15
4563.91222047807  1.588077E-15
4567.43255329133  1.576486E-15
4570.95288610459  1.572145E-15
4574.47321891786  1.566013E-15
4577.99355173112  1.573066E-15
4581.51388454438  1.594435E-15
4585.03421735765  1.601075E-15
4588.55455017091  1.554066E-15
4592.07488298417  1.492999E-15
4595.59521579744  1.478646E-15
4599.1155486107  1.499709E-15
4602.63588142396  1.571182E-15
4606.15621423722  1.584792E-15
4609.67654705049  1.495684E-15
4613.19687986375  1.459597E-15
4616.71721267701  1.472258E-15
4620.23754549028  1.436129E-15
4623.75787830354  1.451978E-15
4627.2782111168  1.526189E-15
4630.79854393006  1.511612E-15
4634.31887674333  1.452629E-15
4637.83920955659  1.503590E-15
4641.35954236985  1.576750E-15
4644.87987518312  1.643700E-15
4648.40020799638  1.681218E-15
4651.92054080964  1.610847E-15
4655.44087362291  1.526739E-15
4658.96120643617  1.513130E-15
4662.48153924943  1.511215E-15
4666.0018720627  1.545978E-15
4669.52220487596  1.594343E-15
4673.04253768922  1.574657E-15
4676.56287050248  1.513633E-15
4680.08320331575  1.489525E-15
4683.60353612901  1.541473E-15
4687.12386894227  1.584329E-15
4690.64420175554  1.519125E-15
4694.1645345688  1.499357E-15
4697.68486738206  1.480106E-15
4701.20520019532  1.507454E-15
4704.72553300859  1.498683E-15
4708.24586582185  1.495107E-15
4711.76619863511  1.528355E-15
4715.28653144838  1.550547E-15
4718.80686426164  1.574466E-15
4722.3271970749  1.560778E-15
4725.84752988817  1.546795E-15
4729.36786270143  1.543028E-15
4732.88819551469  1.455798E-15
4736.40852832795  1.463718E-15
4739.92886114122  1.462073E-15
4743.44919395448  1.495754E-15
4746.96952676774  1.524454E-15
4750.489859581  1.497422E-15
4754.01019239427  1.443449E-15
4757.53052520753  1.425099E-15
4761.05085802079  1.426436E-15
4764.57119083406  1.411175E-15
4768.09152364732  1.460357E-15
4771.61185646058  1.447722E-15
4775.13218927385  1.496510E-15
4778.65252208711  1.507834E-15
4782.17285490037  1.475305E-15
4785.69318771364  1.506508E-15
4789.2135205269  1.552290E-15
4792.73385334016  1.502502E-15
4796.25418615342  1.484919E-15
4799.77451896669  1.518812E-15
4803.29485177995  1.547311E-15
4806.81518459321  1.476880E-15
4810.33551740648  1.417916E-15
4813.85585021974  1.463128E-15
4817.376183033  1.488320E-15
4820.89651584626  1.436776E-15
4824.41684865953  1.451389E-15
4827.93718147279  1.478152E-15
4831.45751428605  1.496983E-15
4834.97784709932  1.527628E-15
4838.49817991258  1.548799E-15
4842.01851272584  1.543577E-15
4845.5388455391  1.535954E-15
4849.05917835237  1.523147E-15
4852.57951116563  1.515218E-15
4856.09984397889  1.553417E-15
4859.62017679216  1.551939E-15
4863.14050960542  1.474845E-15
4866.66084241868  1.471257E-15
4870.18117523195  1.463368E-15
4873.70150804521  1.450263E-15
4877.22184085847  1.420300E-15
4880.74217367173  1.448299E-15
4884.262506485  1.448928E-15
4887.78283929826  1.468389E-15
4891.30317211152  1.505443E-15
4894.82350492479  1.453721E-15
4898.34383773805  1.383970E-15
4901.86417055131  1.460361E-15
4905.38450336457  1.501001E-15
4908.90483617784  1.430741E-15
4912.4251689911  1.391959E-15
4915.94550180436  1.397747E-15
4919.46583461763  1.427133E-15
4922.98616743089  1.396427E-15
4926.50650024415  1.372404E-15
4930.02683305742  1.435446E-15
4933.54716587068  1.433726E-15
4937.06749868394  1.346901E-15
4940.5878314972  1.354605E-15
4944.10816431047  1.384813E-15
4947.62849712373  1.405154E-15
4951.14882993699  1.430225E-15
4954.66916275026  1.416319E-15
4958.18949556352  1.439036E-15
4961.70982837678  1.396707E-15
4965.23016119004  1.357671E-15
4968.75049400331  1.305420E-15
4972.27082681657  1.309278E-15
4975.79115962983  1.363356E-15
4979.3114924431  1.331693E-15
4982.83182525636  1.289655E-15
4986.35215806962  1.306736E-15
4989.87249088289  1.335459E-15
4993.39282369615  1.344978E-15
4996.91315650941  1.336422E-15
5000.43348932267  1.326369E-15
5003.95382213594  1.359459E-15
5007.4741549492  1.393181E-15
5010.99448776246  1.384027E-15
5014.51482057573  1.371585E-15
5018.03515338899  1.386988E-15
5021.55548620225  1.472042E-15
5025.07581901551  1.511511E-15
5028.59615182878  1.558023E-15
5032.11648464204  1.579104E-15
5035.6368174553  1.575019E-15
5039.15715026857  1.508676E-15
5042.67748308183  1.439157E-15
5046.19781589509  1.404726E-15
5049.71814870836  1.416176E-15
5053.23848152162  1.368857E-15
5056.75881433488  1.311176E-15
5060.27914714814  1.342383E-15
5063.79947996141  1.351354E-15
5067.31981277467  1.318921E-15
5070.84014558793  1.302538E-15
5074.3604784012  1.310733E-15
5077.88081121446  1.288656E-15
5081.40114402772  1.284208E-15
5084.92147684099  1.288776E-15
5088.44180965425  1.334969E-15
5091.96214246751  1.341315E-15
5095.48247528077  1.332884E-15
5099.00280809404  1.332698E-15
5102.5231409073  1.274741E-15
5106.04347372056  1.248865E-15
5109.56380653383  1.286736E-15
5113.08413934709  1.276653E-15
5116.60447216035  1.274462E-15
5120.12480497362  1.241939E-15
5123.64513778688  1.282023E-15
5127.16547060014  1.365403E-15
5130.6858034134  1.335395E-15
5134.20613622667  1.302175E-15
5137.72646903993  1.332101E-15
5141.24680185319  1.265461E-15
5144.76713466646  1.240398E-15
5148.28746747972  1.307487E-15
5151.80780029298  1.291219E-15
5155.32813310624  1.225597E-15
5158.84846591951  1.244243E-15
5162.36879873277  1.271449E-15
5165.88913154603  1.253462E-15
5169.4094643593  1.259130E-15
5172.92979717256  1.303341E-15
5176.45012998582  1.317858E-15
5179.97046279909  1.257467E-15
5183.49079561235  1.256955E-15
5187.01112842561  1.310974E-15
5190.53146123887  1.342941E-15
5194.05179405214  1.314592E-15
5197.5721268654  1.297937E-15
5201.09245967866  1.280742E-15
5204.61279249193  1.253347E-15
5208.13312530519  1.245169E-15
5211.65345811845  1.234445E-15
5215.17379093172  1.228675E-15
5218.69412374498  1.242325E-15
5222.21445655824  1.260424E-15
5225.7347893715  1.225225E-15
5229.25512218477  1.221175E-15
5232.77545499803  1.232408E-15
5236.29578781129  1.247181E-15
5239.81612062456  1.260328E-15
5243.33645343782  1.278091E-15
5246.85678625108  1.203828E-15
5250.37711906434  1.202538E-15
5253.89745187761  1.212452E-15
5257.41778469087  1.240345E-15
5260.93811750413  1.228159E-15
5264.4584503174  1.220975E-15
5267.97878313066  1.183135E-15
5271.49911594392  1.177566E-15
5275.01944875718  1.197716E-15
5278.53978157045  1.188697E-15
5282.06011438371  1.192657E-15
5285.58044719697  1.213254E-15
5289.10078001024  1.168903E-15
5292.6211128235  1.160580E-15
5296.14144563676  1.165864E-15
5299.66177845003  1.172846E-15
5303.18211126329  1.178969E-15
5306.70244407655  1.255343E-15
5310.22277688982  1.193072E-15
5313.74310970308  1.168859E-15
5317.26344251634  1.192186E-15
5320.7837753296  1.195888E-15
5324.30410814287  1.151629E-15
5327.82444095613  1.125007E-15
5331.34477376939  1.154105E-15
5334.86510658265  1.141221E-15
5338.38543939592  1.136680E-15
5341.90577220918  1.189029E-15
5345.42610502244  1.225871E-15
5348.94643783571  1.223504E-15
5352.46677064897  1.149677E-15
5355.98710346223  1.121507E-15
5359.50743627549  1.156784E-15
5363.02776908876  1.135056E-15
5366.54810190202  1.116438E-15
5370.06843471528  1.132260E-15
5373.58876752855  1.123320E-15
5377.10910034181  1.136811E-15
5380.62943315507  1.162105E-15
5384.14976596834  1.134199E-15
5387.6700987816  1.151713E-15
5391.19043159486  1.167757E-15
5394.71076440812  1.082809E-15
5398.23109722139  1.094477E-15
5401.75143003465  1.163823E-15
5405.27176284791  1.153845E-15
5408.79209566118  1.129147E-15
5412.31242847444  1.072065E-15
5415.8327612877  1.081619E-15
5419.35309410097  1.097322E-15
5422.87342691423  1.164416E-15
5426.39375972749  1.135531E-15
5429.91409254075  1.097170E-15
5433.43442535402  1.113415E-15
5436.95475816728  1.097156E-15
5440.47509098054  1.076175E-15
5443.99542379381  1.088598E-15
5447.51575660707  1.100286E-15
5451.03608942033  1.135270E-15
5454.55642223359  1.124716E-15
5458.07675504686  1.104313E-15
5461.59708786012  1.100081E-15
5465.11742067338  1.087857E-15
5468.63775348665  1.117034E-15
5472.15808629991  1.120944E-15
5475.67841911317  1.086894E-15
5479.19875192644  1.099435E-15
5482.7190847397  1.095897E-15
5486.23941755296  1.063754E-15
5489.75975036622  1.078343E-15
5493.28008317949  1.075673E-15
5496.80041599275  1.069043E-15
5500.32074880601  1.088648E-15
5503.84108161928  1.075249E-15
5507.36141443254  1.099705E-15
5510.8817472458  1.119311E-15
5514.40208005907  1.085497E-15
5517.92241287233  1.064271E-15
5521.44274568559  1.087087E-15
5524.96307849885  1.087656E-15
5528.48341131212  1.064820E-15
5532.00374412538  1.064722E-15
5535.52407693864  1.028402E-15
5539.04440975191  1.042943E-15
5542.56474256517  1.046692E-15
5546.08507537843  9.940763E-16
5549.60540819169  1.017522E-15
5553.12574100496  1.094662E-15
5556.64607381822  1.095211E-15
5560.16640663148  1.110251E-15
5563.68673944475  1.100095E-15
5567.20707225801  1.037075E-15
5570.72740507127  1.037561E-15
5574.24773788453  1.020336E-15
5577.7680706978  1.034618E-15
5581.28840351106  1.048342E-15
5584.80873632432  1.009247E-15
5588.32906913759  9.969134E-16
5591.84940195085  1.032424E-15
5595.36973476411  1.080347E-15
5598.89006757737  1.037691E-15
5602.41040039064  9.941368E-16
5605.9307332039  1.060228E-15
5609.45106601716  1.102345E-15
5612.97139883043  1.050722E-15
5616.49173164369  1.027744E-15
5620.01206445695  1.063328E-15
5623.53239727022  1.048164E-15
5627.05273008348  1.014656E-15
5630.57306289674  9.784322E-16
5634.09339571  1.005204E-15
5637.61372852327  1.014025E-15
5641.13406133653  9.949430E-16
5644.65439414979  1.018040E-15
5648.17472696306  1.005467E-15
5651.69505977632  9.668529E-16
5655.21539258958  9.671870E-16
5658.73572540285  9.929000E-16
5662.25605821611  1.004129E-15
5665.77639102937  1.008623E-15
5669.29672384263  9.977393E-16
5672.8170566559  9.851184E-16
5676.33738946916  1.017504E-15
5679.85772228242  1.015483E-15
5683.37805509569  9.777367E-16
5686.89838790895  9.483675E-16
5690.41872072221  9.680755E-16
5693.93905353548  9.675695E-16
5697.45938634874  1.003405E-15
5700.979719162  1.005328E-15
5704.50005197526  9.340611E-16
5708.02038478853  9.392079E-16
5711.54071760179  9.642607E-16
5715.06105041505  9.352219E-16
5718.58138322831  9.268322E-16
5722.10171604158  9.630386E-16
5725.62204885484  9.385567E-16
5729.1423816681  9.525069E-16
5732.66271448137  9.869654E-16
5736.18304729463  9.822138E-16
5739.70338010789  9.666060E-16
5743.22371292116  9.396458E-16
5746.74404573442  9.672879E-16
5750.26437854768  9.929283E-16
5753.78471136095  9.450227E-16
5757.30504417421  9.219073E-16
5760.82537698747  9.577302E-16
5764.34570980073  9.629047E-16
5767.866042614  9.271402E-16
5771.38637542726  9.871241E-16
5774.90670824052  9.769014E-16
5778.42704105379  8.915654E-16
5781.94737386705  9.160743E-16
5785.46770668031  9.768555E-16
5788.98803949357  9.569854E-16
5792.50837230684  9.146062E-16
5796.0287051201  9.213349E-16
5799.54903793336  9.687363E-16
5803.06937074663  9.860702E-16
5806.58970355989  9.440249E-16
5810.11003637315  9.222548E-16
5813.63036918641  9.314930E-16
5817.15070199968  9.940375E-16
5820.67103481294  9.594307E-16
5824.1913676262  9.345147E-16
5827.71170043947  9.469992E-16
5831.23203325273  9.669777E-16
5834.75236606599  9.657143E-16
5838.27269887926  9.620254E-16
5841.79303169252  9.421606E-16
5845.31336450578  9.327563E-16
5848.83369731905  9.245336E-16
5852.35403013231  9.027315E-16
5855.87436294557  8.920886E-16
5859.39469575883  8.929891E-16
5862.9150285721  8.806214E-16
5866.43536138536  8.979049E-16
5869.95569419862  8.986332E-16
5873.47602701188  8.477299E-16
5876.99635982515  8.432918E-16
5880.51669263841  9.205739E-16
5884.03702545167  9.009010E-16
5887.55735826494  8.016983E-16
5891.0776910782  8.301758E-16
5894.59802389146  8.244345E-16
5898.11835670473  8.089004E-16
5901.63868951799  8.636484E-16
5905.15902233125  8.742889E-16
5908.67935514452  8.772161E-16
5912.19968795778  8.757498E-16
5915.72002077104  8.565222E-16
5919.2403535843  8.571521E-16
5922.76068639757  8.547117E-16
5926.28101921083  8.658433E-16
5929.80135202409  8.891174E-16
5933.32168483735  8.897508E-16
5936.84201765062  8.715165E-16
5940.36235046388  8.463749E-16
5943.88268327714  9.088121E-16
5947.40301609041  8.887294E-16
5950.92334890367  8.422425E-16
5954.44368171693  8.910354E-16
5957.9640145302  9.051709E-16
5961.48434734346  9.107002E-16
5965.00468015672  9.065131E-16
5968.52501296998  8.572430E-16
5972.04534578325  8.420582E-16
5975.56567859651  8.647612E-16
5979.08601140977  8.603372E-16
5982.60634422304  8.675423E-16
5986.1266770363  8.719392E-16
5989.64700984956  8.405644E-16
5993.16734266283  8.110436E-16
5996.68767547609  8.304290E-16
6000.20800828935  8.877045E-16
6003.72834110261  8.744773E-16
6007.24867391588  8.625773E-16
6010.76900672914  9.181647E-16
6014.2893395424  8.845851E-16
6017.80967235567  8.495968E-16
6021.33000516893  8.525718E-16
6024.85033798219  8.104320E-16
6028.37067079546  8.307731E-16
6031.89100360872  9.030267E-16
6035.41133642198  9.053323E-16
6038.93166923524  9.065390E-16
6042.45200204851  9.123330E-16
6045.97233486177  8.735969E-16
6049.49266767503  8.352017E-16
6053.0130004883  8.277151E-16
6056.53333330156  8.183255E-16
6060.05366611482  8.338278E-16
6063.57399892809  8.524347E-16
6067.09433174135  8.387173E-16
6070.61466455461  8.422329E-16
6074.13499736787  8.886149E-16
6077.65533018114  9.193071E-16
6081.1756629944  9.629794E-16
6084.69599580766  1.002846E-15
6088.21632862093  9.632784E-16
6091.73666143419  9.431504E-16
6095.25699424745  9.524125E-16
6098.77732706071  9.415769E-16
6102.29765987398  9.234190E-16
6105.81799268724  9.309963E-16
6109.3383255005  9.414977E-16
6112.85865831376  9.189089E-16
6116.37899112703  8.779087E-16
6119.89932394029  8.702983E-16
6123.41965675355  8.889503E-16
6126.93998956682  8.880950E-16
6130.46032238008  8.577121E-16
6133.98065519334  8.450964E-16
6137.50098800661  8.292077E-16
6141.02132081987  8.699165E-16
6144.54165363313  8.546594E-16
6148.06198644639  8.413345E-16
6151.58231925966  8.327538E-16
6155.10265207292  8.601244E-16
6158.62298488618  8.844550E-16
6162.14331769945  8.581644E-16
6165.66365051271  8.665225E-16
6169.18398332597  8.399329E-16
6172.70431613924  8.466315E-16
6176.2246489525  8.412459E-16
6179.74498176576  8.486923E-16
6183.26531457903  8.400825E-16
6186.78564739229  8.128115E-16
6190.30598020555  8.315216E-16
6193.82631301881  8.090601E-16
6197.34664583208  7.810825E-16
6200.86697864534  8.047404E-16
6204.3873114586  7.985009E-16
6207.90764427187  7.874209E-16
6211.42797708513  7.991445E-16
6214.94830989839  8.005441E-16
6218.46864271165  8.211488E-16
6221.98897552492  8.402535E-16
6225.50930833818  8.376629E-16
6229.02964115144  7.695502E-16
6232.54997396471  7.799988E-16
6236.07030677797  8.444503E-16
6239.59063959123  8.932853E-16
6243.1109724045  8.777575E-16
6246.63130521776  8.138181E-16
6250.15163803102  7.658112E-16
6253.67197084428  7.604235E-16
6257.19230365755  7.751341E-16
6260.71263647081  7.603851E-16
6264.23296928407  7.782949E-16
6267.75330209733  7.845784E-16
6271.2736349106  7.657458E-16
6274.79396772386  7.749809E-16
6278.31430053713  7.896101E-16
6281.83463335039  7.769257E-16
6285.35496616365  7.454386E-16
6288.87529897691  7.612984E-16
6292.39563179018  8.071970E-16
6295.91596460344  8.052437E-16
6299.4362974167  8.008927E-16
6302.95663022996  7.955349E-16
6306.47696304323  7.561089E-16
6309.99729585649  7.623633E-16
6313.51762866975  7.733436E-16
6317.03796148302  7.633560E-16
6320.55829429628  7.439676E-16
6324.07862710954  7.470007E-16
6327.5989599228  7.645127E-16
6331.11929273607  7.527556E-16
6334.63962554933  7.458023E-16
6338.15995836259  7.278572E-16
6341.68029117586  6.844688E-16
6345.20062398912  7.636574E-16
6348.72095680238  8.674457E-16
6352.24128961565  8.746541E-16
6355.76162242891  8.055758E-16
6359.28195524217  7.463990E-16
6362.80228805543  7.192725E-16
6366.3226208687  7.605889E-16
6369.84295368196  7.632374E-16
6373.36328649522  7.608679E-16
6376.88361930849  7.583804E-16
6380.40395212175  7.601298E-16
6383.92428493501  7.344917E-16
6387.44461774828  6.960840E-16
6390.96495056154  7.241885E-16
6394.4852833748  7.564421E-16
6398.00561618806  7.273015E-16
6401.52594900133  7.073806E-16
6405.04628181459  7.430873E-16
6408.56661462785  7.271607E-16
6412.08694744112  7.465418E-16
6415.60728025438  7.733055E-16
6419.12761306764  8.290099E-16
6422.64794588091  7.885117E-16
6426.16827869417  7.421877E-16
6429.68861150743  7.461377E-16
6433.20894432069  7.401460E-16
6436.72927713396  7.079259E-16
6440.24960994722  7.027071E-16
6443.76994276048  7.045761E-16
6447.29027557375  6.932695E-16
6450.81060838701  7.148761E-16
6454.33094120027  7.498724E-16
6457.85127401353  7.141976E-16
6461.3716068268  7.067518E-16
6464.89193964006  7.363641E-16
6468.41227245332  7.302384E-16
6471.93260526659  7.165047E-16
6475.45293807985  7.372478E-16
6478.97327089311  7.478242E-16
6482.49360370637  6.971383E-16
6486.01393651964  6.588707E-16
6489.5342693329  6.791717E-16
6493.05460214617  7.165927E-16
6496.57493495943  7.344380E-16
6500.09526777269  7.423046E-16
6503.61560058595  7.382062E-16
6507.13593339922  7.118432E-16
6510.65626621248  6.891700E-16
6514.17659902574  7.265424E-16
6517.696931839  7.643400E-16
6521.21726465227  7.698104E-16
6524.73759746553  7.657485E-16
6528.25793027879  7.821754E-16
6531.77826309206  7.563508E-16
6535.29859590532  7.485584E-16
6538.81892871858  7.067832E-16
6542.33926153185  6.832492E-16
6545.85959434511  7.304003E-16
6549.37992715837  7.458236E-16
6552.90025997163  7.667963E-16
6556.4205927849  7.576704E-16
6559.94092559816  7.500597E-16
6563.46125841142  7.244149E-16
6566.98159122468  7.367381E-16
6570.50192403795  7.515994E-16
6574.02225685121  7.597041E-16
6577.54258966448  7.433634E-16
6581.06292247774  7.716555E-16
6584.583255291  7.714151E-16
6588.10358810426  7.394866E-16
6591.62392091753  7.377088E-16
6595.14425373079  7.190716E-16
6598.66458654405  7.114720E-16
6602.18491935732  7.203577E-16
6605.70525217058  7.281857E-16
6609.22558498384  7.345248E-16
6612.7459177971  7.190340E-16
6616.26625061037  6.890141E-16
6619.78658342363  6.572343E-16
6623.30691623689  6.516246E-16
6626.82724905016  6.854466E-16
6630.34758186342  6.926189E-16
6633.86791467668  6.787853E-16
6637.38824748994  6.663630E-16
6640.90858030321  6.753136E-16
6644.42891311647  7.052806E-16
6647.94924592973  7.001522E-16
6651.469578743  7.116170E-16
6654.98991155626  7.001398E-16
6658.51024436952  6.601928E-16
6662.03057718279  6.891066E-16
6665.55090999605  7.356831E-16
6669.07124280931  7.193737E-16
6672.59157562257  6.756266E-16
6676.11190843584  6.793730E-16
6679.6322412491  6.368705E-16
6683.15257406236  6.529397E-16
6686.67290687563  6.730064E-16
6690.19323968889  6.474997E-16
6693.71357250215  6.368913E-16
6697.23390531541  6.385043E-16
6700.75423812868  6.263482E-16
6704.27457094194  6.643823E-16
6707.7949037552  6.830431E-16
6711.31523656847  6.691099E-16
6714.83556938173  6.900007E-16
6718.35590219499  6.779818E-16
6721.87623500826  6.877173E-16
6725.39656782152  6.819028E-16
6728.91690063478  6.452216E-16
6732.43723344804  6.711493E-16
6735.95756626131  7.074081E-16
6739.47789907457  6.901180E-16
6742.99823188783  6.712645E-16
6746.51856470109  6.678119E-16
6750.03889751436  6.886276E-16
6753.55923032762  7.194717E-16
6757.07956314088  7.023275E-16
6760.59989595415  6.845203E-16
6764.12022876741  6.933726E-16
6767.64056158067  7.166789E-16
6771.16089439394  7.532230E-16
6774.6812272072  7.865958E-16
6778.20156002046  8.343597E-16
6781.72189283372  9.072349E-16
6785.24222564699  1.003718E-15
6788.76255846025  1.096171E-15
6792.28289127351  1.145567E-15
6795.80322408678  1.146288E-15
6799.32355690004  1.106764E-15
6802.8438897133  1.040829E-15
6806.36422252657  9.512752E-16
6809.88455533983  8.413549E-16
6813.40488815309  8.068165E-16
6816.92522096636  8.076233E-16
6820.44555377962  7.352053E-16
6823.96588659288  7.107895E-16
6827.48621940614  7.091141E-16
6831.00655221941  6.900961E-16
6834.52688503267  7.259095E-16
6838.04721784593  7.073963E-16
6841.5675506592  6.938677E-16
6845.08788347246  6.456171E-16
6848.60821628572  6.471419E-16
6852.12854909898  6.420374E-16
6855.64888191225  6.332835E-16
6859.16921472551  6.278048E-16
6862.68954753877  5.972317E-16
6866.20988035204  6.477101E-16
6869.7302131653  6.449357E-16
6873.25054597856  5.740686E-16
6876.77087879182  6.048346E-16
6880.29121160509  6.210763E-16
6883.81154441835  6.145053E-16
6887.33187723161  6.340332E-16
6890.85221004487  6.552518E-16
6894.37254285814  6.505178E-16
6897.8928756714  6.483790E-16
6901.41320848466  6.750181E-16
6904.93354129793  6.607074E-16
6908.45387411119  6.396379E-16
6911.97420692445  6.217388E-16
6915.49453973772  6.085583E-16
6919.01487255098  5.918585E-16
6922.53520536424  5.974260E-16
6926.05553817751  6.332729E-16
6929.57587099077  6.518675E-16
6933.09620380403  6.597870E-16
6936.61653661729  6.607397E-16
6940.13686943056  6.144934E-16
6943.65720224382  5.954079E-16
6947.17753505708  6.546213E-16
6950.69786787035  6.003933E-16
6954.21820068361  5.741289E-16
6957.73853349687  5.613815E-16
6961.25886631013  5.903241E-16
6964.7791991234  5.576749E-16
6968.29953193666  5.658447E-16
6971.81986474992  5.881448E-16
6975.34019756319  6.069775E-16
6978.86053037645  5.996198E-16
6982.38086318971  5.902798E-16
6985.90119600298  5.925935E-16
6989.42152881624  6.056048E-16
6992.9418616295  6.184845E-16
6996.46219444277  6.098276E-16
6999.98252725603  5.811412E-16
7003.50286006929  5.634805E-16
7007.02319288255  5.806321E-16
7010.54352569582  5.856163E-16
7014.06385850908  5.988995E-16
7017.58419132234  6.121956E-16
7021.10452413561  5.828298E-16
7024.62485694887  5.928020E-16
7028.14518976213  5.870643E-16
7031.66552257539  5.702044E-16
7035.18585538866  5.589082E-16
7038.70618820192  5.253408E-16
7042.22652101518  5.542948E-16
7045.74685382845  5.748917E-16
7049.26718664171  5.530479E-16
7052.78751945497  5.432311E-16
7056.30785226824  5.358609E-16
7059.8281850815  5.574412E-16
7063.34851789476  5.489287E-16
7066.86885070802  5.405574E-16
7070.38918352129  5.236369E-16
7073.90951633455  5.627704E-16
7077.42984914781  5.998681E-16
7080.95018196107  5.928685E-16
7084.47051477434  6.096934E-16
7087.9908475876  5.964305E-16
7091.51118040086  5.665529E-16
7095.03151321413  5.598299E-16
7098.55184602739  5.656670E-16
7102.07217884065  5.585431E-16
7105.59251165392  5.408729E-16
7109.11284446718  5.478544E-16
7112.63317728044  5.782342E-16
7116.15351009371  6.056152E-16
7119.67384290697  5.993478E-16
7123.19417572023  5.839950E-16
7126.71450853349  5.847979E-16
7130.23484134676  5.312676E-16
7133.75517416002  5.006074E-16
7137.27550697328  5.688246E-16
7140.79583978655  5.854356E-16
7144.31617259981  5.478668E-16
7147.83650541307  5.358720E-16
7151.35683822634  5.571150E-16
7154.8771710396  5.391898E-16
7158.39750385286  5.379145E-16
7161.91783666612  5.429642E-16
7165.43816947939  5.251985E-16
7168.95850229265  5.502506E-16
7172.47883510591  5.616477E-16
7175.99916791917  5.177830E-16
7179.51950073244  4.932593E-16
7183.0398335457  4.971424E-16
7186.56016635896  4.942636E-16
7190.08049917223  5.272790E-16
7193.60083198549  5.483457E-16
7197.12116479875  5.408499E-16
7200.64149761202  5.110036E-16
7204.16183042528  5.121964E-16
7207.68216323854  5.402378E-16
7211.2024960518  5.714397E-16
7214.72282886507  5.739100E-16
7218.24316167833  5.322054E-16
7221.76349449159  5.344759E-16
7225.28382730486  5.501980E-16
7228.80416011812  5.109588E-16
7232.32449293138  4.973653E-16
7235.84482574464  5.132748E-16
7239.36515855791  5.261997E-16
7242.88549137117  5.274113E-16
7246.40582418443  4.860787E-16
7249.9261569977  4.707783E-16
7253.44648981096  4.741450E-16
7256.96682262422  5.202971E-16
7260.48715543749  5.299391E-16
7264.00748825075  5.444989E-16
7267.52782106401  5.742549E-16
7271.04815387728  5.262022E-16
7274.56848669054  5.384080E-16
7278.0888195038  5.177604E-16
7281.60915231706  5.361619E-16
7285.12948513033  5.600626E-16
7288.64981794359  5.357985E-16
7292.17015075685  5.371727E-16
7295.69048357012  5.673725E-16
7299.21081638338  5.559546E-16
7302.73114919664  5.153482E-16
7306.2514820099  5.468269E-16
7309.77181482317  5.640140E-16
7313.29214763643  5.317788E-16
7316.81248044969  5.475259E-16
7320.33281326296  5.657344E-16
7323.85314607622  5.307874E-16
7327.37347888948  4.708371E-16
7330.89381170275  5.203923E-16
7334.41414451601  5.857573E-16
7337.93447732927  5.183160E-16
7341.45481014253  5.200681E-16
7344.9751429558  5.430093E-16
7348.49547576906  5.034207E-16
7352.01580858232  5.231983E-16
7355.53614139559  5.639066E-16
7359.05647420885  5.711672E-16
7362.57680702211  5.018065E-16
7366.09713983537  5.076957E-16
7369.61747264864  5.288759E-16
7373.1378054619  5.379927E-16
7376.65813827516  5.618181E-16
7380.17847108843  5.399509E-16
7383.69880390169  5.384369E-16
7387.21913671495  5.101823E-16
7390.73946952821  4.961749E-16
7394.25980234148  5.257871E-16
7397.78013515474  5.240456E-16
7401.300467968  4.963278E-16
7404.82080078127  4.960515E-16
7408.34113359453  4.980320E-16
7411.86146640779  5.085109E-16
7415.38179922105  5.303286E-16
7418.90213203432  5.075118E-16
7422.42246484758  4.944012E-16
7425.94279766084  4.666012E-16
7429.46313047411  5.101636E-16
7432.98346328737  5.411011E-16
7436.50379610063  4.937890E-16
7440.0241289139  4.966073E-16
7443.54446172716  5.023827E-16
7447.06479454042  4.887494E-16
7450.58512735369  5.456488E-16
7454.10546016695  5.350448E-16
7457.62579298021  5.163187E-16
7461.14612579347  5.328699E-16
7464.66645860674  5.328378E-16
7468.18679142  5.142770E-16
7471.70712423326  5.058635E-16
7475.22745704653  4.873488E-16
7478.74778985979  4.785817E-16
7482.26812267305  4.818630E-16
7485.78845548632  4.856364E-16
7489.30878829958  4.903222E-16
7492.82912111284  4.961066E-16
7496.3494539261  5.262800E-16
7499.86978673937  5.263495E-16
7503.39011955263  4.726042E-16
7506.91045236589  4.781933E-16
7510.43078517916  5.216536E-16
7513.95111799242  5.358492E-16
7517.47145080568  5.481680E-16
7520.99178361894  5.422462E-16
7524.51211643221  5.244153E-16
7528.03244924547  5.692967E-16
7531.55278205873  5.614469E-16
7535.073114872  5.651257E-16
7538.59344768526  5.695209E-16
7542.11378049852  5.095301E-16
7545.63411331178  4.991698E-16
7549.15444612505  5.163831E-16
7552.67477893831  5.195480E-16
7556.19511175157  5.107330E-16
7559.71544456484  5.037476E-16
7563.2357773781  4.558864E-16
7566.75611019136  4.410217E-16
7570.27644300463  4.503400E-16
7573.79677581789  4.440782E-16
7577.31710863115  4.674239E-16
7580.83744144441  4.669943E-16
7584.35777425768  4.219819E-16
7587.87810707094  4.055266E-16
7591.3984398842  4.070193E-16
7594.91877269747  4.189990E-16
7598.43910551073  5.118527E-16
7601.95943832399  5.433964E-16
7605.47977113725  4.988453E-16
7609.00010395052  5.027549E-16
7612.52043676378  4.805561E-16
7616.04076957704  4.533973E-16
7619.56110239031  4.068553E-16
7623.08143520357  3.909590E-16
7626.60176801683  4.186048E-16
7630.12210083009  4.783675E-16
7633.64243364336  5.013325E-16
7637.16276645662  4.758228E-16
7640.68309926988  4.553583E-16
7644.20343208315  4.327832E-16
7647.72376489641  4.553387E-16
7651.24409770967  4.922286E-16
7654.76443052293  4.781382E-16
7658.2847633362  4.666292E-16
7661.80509614946  4.650863E-16
7665.32542896272  4.716852E-16
7668.84576177599  4.800346E-16
7672.36609458925  4.660295E-16
7675.88642740251  4.764706E-16
7679.40676021578  4.597164E-16
7682.92709302904  4.831681E-16
7686.4474258423  4.606017E-16
7689.96775865557  4.517075E-16
7693.48809146883  4.713814E-16
7697.00842428209  4.589749E-16
7700.52875709535  4.748779E-16
7704.04908990862  4.661194E-16
7707.56942272188  4.613021E-16
7711.08975553514  4.432340E-16
7714.61008834841  4.250257E-16
7718.13042116167  3.879218E-16
7721.65075397493  3.961172E-16
7725.17108678819  4.349500E-16
7728.69141960146  4.432325E-16
7732.21175241472  4.701595E-16
7735.73208522798  4.733512E-16
7739.25241804125  4.661311E-16
7742.77275085451  5.199672E-16
7746.29308366777  5.274387E-16
7749.81341648104  4.862097E-16
7753.3337492943  4.750683E-16
7756.85408210756  4.554165E-16
7760.37441492082  4.176633E-16
7763.89474773409  5.104501E-16
7767.41508054735  5.241073E-16
7770.93541336061  4.600641E-16
7774.45574617388  4.492916E-16
7777.97607898714  4.425453E-16
7781.4964118004  4.423685E-16
7785.01674461366  4.681156E-16
7788.53707742693  4.412723E-16
7792.05741024019  4.301101E-16
7795.57774305345  5.091759E-16
7799.09807586672  5.579677E-16
7802.61840867998  4.935534E-16
7806.13874149324  4.414350E-16
7809.6590743065  4.573832E-16
7813.17940711977  5.034101E-16
7816.69973993303  5.075304E-16
7820.22007274629  4.371695E-16
7823.74040555956  4.446137E-16
7827.26073837282  4.813650E-16
7830.78107118608  4.352040E-16
7834.30140399935  4.349699E-16
7837.82173681261  4.365696E-16
7841.34206962587  4.715642E-16
7844.86240243913  4.817124E-16
7848.3827352524  5.116589E-16
7851.90306806566  4.729542E-16
7855.42340087892  4.089363E-16
7858.94373369219  4.187828E-16
7862.46406650545  4.469285E-16
7865.98439931871  4.456349E-16
7869.50473213197  4.079075E-16
7873.02506494524  4.632128E-16
7876.5453977585  4.952794E-16
7880.06573057176  4.748016E-16
7883.58606338503  4.573782E-16
7887.10639619829  4.086589E-16
7890.62672901155  4.388709E-16
7894.14706182482  4.301912E-16
7897.66739463808  3.425718E-16
7901.18772745134  4.304242E-16
7904.70806026461  4.504397E-16
7908.22839307787  3.959058E-16
7911.74872589113  4.169997E-16
7915.26905870439  4.818662E-16
7918.78939151765  5.022751E-16
7922.30972433092  4.539374E-16
7925.83005714418  4.856488E-16
7929.35038995745  4.250242E-16
7932.87072277071  3.967073E-16
7936.39105558397  4.177915E-16
7939.91138839723  4.181447E-16
7943.4317212105  3.855287E-16
7946.95205402376  3.681547E-16
7950.47238683702  4.208365E-16
7953.99271965028  4.437052E-16
7957.51305246355  3.768851E-16
7961.03338527681  3.786712E-16
7964.55371809008  4.634416E-16
7968.07405090334  4.642959E-16
7971.5943837166  4.228055E-16
7975.11471652986  4.154686E-16
7978.63504934313  4.161859E-16
7982.15538215639  4.595427E-16
7985.67571496965  4.652964E-16
7989.19604778291  4.550809E-16
7992.71638059618  4.425767E-16
7996.23671340944  4.416164E-16
7999.7570462227  4.503983E-16
8003.27737903597  4.262601E-16
8006.79771184923  4.222299E-16
8010.31804466249  4.215860E-16
8013.83837747576  4.366369E-16
8017.35871028902  4.812900E-16
8020.87904310228  4.943788E-16
8024.39937591555  4.319571E-16
8027.91970872881  3.885173E-16
8031.44004154207  4.070081E-16
8034.96037435533  4.211261E-16
8038.4807071686  4.407281E-16
8042.00103998186  4.320401E-16
8045.52137279512  4.408834E-16
8049.04170560839  4.637475E-16
8052.56203842165  4.769816E-16
8056.08237123491  4.789047E-16
8059.60270404817  4.288637E-16
8063.12303686144  4.372848E-16
8066.6433696747  4.348257E-16
8070.16370248796  4.258701E-16
8073.68403530123  4.810386E-16
8077.20436811449  4.637434E-16
8080.72470092775  4.272689E-16
8084.24503374102  4.556060E-16
8087.76536655428  4.895618E-16
8091.28569936754  4.554532E-16
8094.8060321808  4.205843E-16
8098.32636499407  4.373329E-16
8101.84669780733  4.380312E-16
8105.36703062059  4.529173E-16
8108.88736343386  4.598733E-16
8112.40769624712  4.550718E-16
8115.92802906038  4.439115E-16
8119.44836187364  4.206978E-16
8122.96869468691  4.280026E-16
8126.48902750017  4.718407E-16
8130.00936031343  4.643873E-16
8133.5296931267  4.793049E-16
8137.05002593996  4.681928E-16
8140.57035875322  4.605554E-16
8144.09069156648  4.445647E-16
8147.61102437975  4.249249E-16
8151.13135719301  4.356908E-16
8154.65169000627  4.509934E-16
8158.17202281954  4.226372E-16
8161.6923556328  4.075135E-16
8165.21268844606  4.534923E-16
8168.73302125932  4.660804E-16
8172.25335407259  3.999928E-16
8175.77368688585  3.448027E-16
8179.29401969911  4.277834E-16
8182.81435251238  4.372753E-16
8186.33468532564  3.858543E-16
8189.8550181389  4.380902E-16
8193.37535095217  4.113678E-16
8196.89568376543  3.774356E-16
8200.41601657869  4.158431E-16
8203.93634939196  4.271282E-16
8207.45668220522  4.320636E-16
8210.97701501848  4.226374E-16
8214.49734783174  4.119000E-16
8218.01768064501  4.155149E-16
8221.53801345827  3.702393E-16
8225.05834627153  3.435498E-16
8228.5786790848  3.908367E-16
8232.09901189806  4.109704E-16
8235.61934471132  4.193934E-16
8239.13967752459  4.498045E-16
8242.66001033785  4.607243E-16
8246.18034315111  4.237357E-16
8249.70067596437  4.699575E-16
8253.22100877764  4.703651E-16
8256.7413415909  4.350232E-16
8260.26167440416  4.084098E-16
8263.78200721743  4.480954E-16
8267.30234003069  4.578664E-16
8270.82267284395  4.154936E-16
8274.34300565721  4.175709E-16
8277.86333847048  4.875739E-16
8281.38367128374  4.869910E-16
8284.904004097  4.183458E-16
8288.42433691027  4.049650E-16
8291.94466972353  3.734241E-16
8295.46500253679  3.360572E-16
8298.98533535006  4.130162E-16
8302.50566816332  4.653171E-16
8306.02600097658  4.170295E-16
8309.54633378984  4.303116E-16
8313.06666660311  4.197224E-16
8316.58699941637  4.365046E-16
8320.10733222963  4.164708E-16
8323.6276650429  3.887993E-16
8327.14799785616  4.254530E-16
8330.66833066942  5.086650E-16
8334.18866348269  5.250152E-16
8337.70899629595  3.938420E-16
8341.22932910921  3.247220E-16
8344.74966192247  3.882198E-16
8348.26999473574  4.213349E-16
8351.790327549  4.136635E-16
8355.31066036226  3.947579E-16
8358.83099317553  4.140255E-16
8362.35132598879  4.122578E-16
8365.87165880205  4.378657E-16
8369.39199161531  4.268129E-16
8372.91232442858  3.760123E-16
8376.43265724184  3.663366E-16
8379.9529900551  3.959631E-16
8383.47332286837  3.927177E-16
8386.99365568163  4.135517E-16
8390.51398849489  3.838756E-16
8394.03432130816  3.593101E-16
8397.55465412142  4.368429E-16
8401.07498693468  4.296525E-16
8404.59531974794  3.537115E-16
8408.11565256121  3.605340E-16
8411.63598537447  4.052697E-16
8415.15631818773  4.386688E-16
8418.676651001  3.673443E-16
8422.19698381426  3.876755E-16
8425.71731662752  3.097916E-16
8429.23764944078  4.159538E-16
8432.75798225405  3.922291E-16
8436.27831506731  3.525572E-16
8439.79864788057  3.671065E-16
8443.31898069384  3.710477E-16
8446.8393135071  4.002201E-16
8450.35964632036  4.229999E-16
8453.87997913362  3.981445E-16
8457.40031194689  3.825783E-16
8460.92064476015  4.199075E-16
8464.44097757341  4.351326E-16
8467.96131038668  3.864758E-16
8471.48164319994  3.754332E-16
8475.0019760132  3.877974E-16
8478.52230882647  3.709268E-16
8482.04264163973  4.250385E-16
8485.56297445299  4.610328E-16
8489.08330726625  3.662951E-16
8492.60364007952  3.499520E-16
8496.12397289278  4.325896E-16
8499.64430570604  4.294242E-16
8503.16463851931  4.092129E-16
8506.68497133257  3.816041E-16
8510.20530414583  3.503656E-16
8513.72563695909  3.387186E-16
8517.24596977236  3.487345E-16
8520.76630258562  3.813101E-16
8524.28663539888  3.637181E-16
8527.80696821215  3.463376E-16
8531.32730102541  3.599755E-16
8534.84763383867  3.161024E-16
8538.36796665193  3.619159E-16
8541.8882994652  4.468614E-16
8545.40863227846  3.709849E-16
8548.92896509172  3.576459E-16
8552.44929790499  4.093313E-16
8555.96963071825  3.490940E-16
8559.48996353151  3.323500E-16
8563.01029634478  3.838620E-16
8566.53062915804  3.817348E-16
8570.0509619713  3.694661E-16
8573.57129478456  3.572070E-16
8577.09162759783  3.605042E-16
8580.61196041109  3.958709E-16
8584.13229322435  3.490523E-16
8587.65262603762  3.414440E-16
8591.17295885088  3.345612E-16
8594.69329166414  3.032613E-16
8598.21362447741  3.333105E-16
8601.73395729067  3.524749E-16
8605.25429010393  3.549744E-16
8608.77462291719  3.246308E-16
8612.29495573046  3.991855E-16
8615.81528854372  4.545855E-16
8619.33562135698  3.695146E-16
8622.85595417024  3.524649E-16
8626.37628698351  4.006571E-16
8629.89661979677  4.005372E-16
8633.41695261003  3.754378E-16
8636.9372854233  2.824015E-16
8640.45761823656  3.345679E-16
8643.97795104982  3.902672E-16
8647.49828386309  4.223454E-16
8651.01861667635  4.041539E-16
8654.53894948961  3.647291E-16
8658.05928230288  2.954693E-16
8661.57961511614  3.240312E-16
8665.0999479294  3.312320E-16
8668.62028074266  3.197349E-16
8672.14061355593  3.535077E-16
8675.66094636919  3.710295E-16
8679.18127918245  3.471107E-16
8682.70161199571  3.095913E-16
8686.22194480898  3.499145E-16
8689.74227762224  4.062733E-16
8693.2626104355  3.333317E-16
8696.78294324877  2.735227E-16
8700.30327606203  3.112454E-16
8703.82360887529  3.838076E-16
8707.34394168856  3.595503E-16
8710.86427450182  2.959164E-16
8714.38460731508  2.998796E-16
8717.90494012834  3.369879E-16
8721.42527294161  3.795332E-16
8724.94560575487  3.933003E-16
8728.46593856813  3.661862E-16
8731.9862713814  3.584697E-16
8735.50660419466  3.473747E-16
8739.02693700792  3.250532E-16
8742.54726982118  3.332941E-16
8746.06760263445  3.365269E-16
8749.58793544771  4.001965E-16
8753.10826826097  3.518322E-16
8756.62860107424  3.945766E-16
8760.1489338875  4.425971E-16
8763.66926670076  4.411225E-16
8767.18959951403  4.210313E-16
8770.70993232729  4.156579E-16
8774.23026514055  3.905684E-16
8777.75059795382  3.340330E-16
8781.27093076708  2.865857E-16
8784.79126358034  2.671809E-16
8788.3115963936  2.883920E-16
8791.83192920687  2.727532E-16
8795.35226202013  3.218732E-16
8798.87259483339  3.286237E-16
8802.39292764665  4.091581E-16
8805.91326045992  4.119533E-16
8809.43359327318  3.638952E-16
8812.95392608645  3.577791E-16
8816.47425889971  3.611891E-16
8819.99459171297  3.832290E-16
8823.51492452623  4.237951E-16
8827.0352573395  3.693099E-16
8830.55559015276  3.488562E-16
8834.07592296602  4.573808E-16
8837.59625577929  3.971474E-16
8841.11658859255  3.265430E-16
8844.63692140581  2.758456E-16
8848.15725421907  2.829735E-16
8851.67758703234  2.998067E-16
8855.1979198456  3.120770E-16
8858.71825265886  3.625374E-16
8862.23858547213  3.437236E-16
8865.75891828539  3.108442E-16
8869.27925109865  2.958981E-16
8872.79958391191  3.099613E-16
8876.31991672518  3.625094E-16
8879.84024953844  3.648031E-16
8883.3605823517  3.586901E-16
8886.88091516497  3.748111E-16
8890.40124797823  4.378979E-16
8893.92158079149  3.942125E-16
8897.44191360476  4.111193E-16
8900.96224641802  3.548986E-16
8904.48257923128  3.522280E-16
8908.00291204454  3.305183E-16
8911.52324485781  3.105527E-16
8915.04357767107  3.082726E-16
8918.56391048433  2.593763E-16
8922.0842432976  1.824947E-16
8925.60457611086  1.801025E-16
8929.12490892412  3.342826E-16
8932.64524173739  4.258765E-16
8936.16557455065  3.718369E-16
8939.68590736391  3.156948E-16
8943.20624017717  3.714328E-16
8946.72657299044  3.446433E-16
8950.2469058037  2.806794E-16
8953.76723861696  3.032393E-16
8957.28757143023  3.362001E-16
8960.80790424349  3.486826E-16
8964.32823705675  4.079496E-16
8967.84856987001  4.093303E-16
8971.36890268328  3.024621E-16
8974.88923549654  2.801902E-16
8978.4095683098  3.072624E-16
8981.92990112306  2.846704E-16
8985.45023393633  2.690361E-16
8988.97056674959  2.542352E-16
8992.49089956285  2.374529E-16
8996.01123237612  2.824987E-16
8999.53156518938  3.359119E-16
9003.05189800264  3.811230E-16
9006.57223081591  3.870784E-16
9010.09256362917  3.363527E-16
9013.61289644243  3.054871E-16
9017.1332292557  3.035455E-16
9020.65356206896  2.992022E-16
9024.17389488222  3.050997E-16
9027.69422769548  3.037425E-16
9031.21456050875  3.144048E-16
9034.73489332201  3.421601E-16
9038.25522613527  3.767126E-16
9041.77555894854  3.568479E-16
9045.2958917618  2.900495E-16
9048.81622457506  2.796701E-16
9052.33655738832  3.176035E-16
9055.85689020159  3.171080E-16
9059.37722301485  2.988226E-16
9062.89755582811  3.005604E-16
9066.41788864138  2.930636E-16
9069.93822145464  2.727343E-16
9073.4585542679  2.515065E-16
9076.97888708116  2.550158E-16
9080.49921989443  2.887398E-16
9084.01955270769  3.204788E-16
9087.53988552095  3.481109E-16
9091.06021833422  3.099511E-16
9094.58055114748  3.243331E-16
9098.10088396074  3.791665E-16
9101.62121677401  3.427784E-16
9105.14154958727  3.376349E-16
9108.66188240053  2.973209E-16
9112.18221521379  2.230605E-16
9115.70254802706  2.014624E-16
9119.22288084032  2.007748E-16
9122.74321365358  2.193036E-16
9126.26354646685  2.806504E-16
9129.78387928011  3.130725E-16
9133.30421209337  2.757398E-16
9136.82454490663  2.218426E-16
9140.3448777199  2.527118E-16
9143.86521053316  3.298879E-16
9147.38554334642  2.854191E-16
9150.90587615969  2.197212E-16
9154.42620897295  2.759331E-16
9157.94654178621  2.711395E-16
9161.46687459947  2.895095E-16
9164.98720741274  3.221164E-16
9168.507540226  2.546985E-16
9172.02787303926  2.484894E-16
9175.54820585253  2.669671E-16
9179.06853866579  2.388525E-16
9182.58887147905  2.569672E-16
9186.10920429232  2.627449E-16
9189.62953710558  2.389645E-16
9193.14986991884  2.787493E-16
9196.6702027321  3.021549E-16
9200.19053554537  3.214238E-16
9203.71086835863  2.972818E-16
9207.23120117189  2.755307E-16
9210.75153398516  2.981965E-16
9214.27186679842  2.889258E-16
9217.79219961168  2.765922E-16
9221.31253242494  3.053931E-16
9224.83286523821  2.912721E-16
9228.35319805147  2.588730E-16
9231.87353086474  3.072503E-16
9235.393863678  3.433200E-16
9238.91419649126  2.827923E-16
9242.43452930452  1.828570E-16
9245.95486211778  2.348999E-16
9249.47519493105  2.731486E-16
9252.99552774431  2.292077E-16
9256.51586055757  2.892376E-16
9260.03619337084  3.330829E-16
9263.5565261841  2.706412E-16
9267.07685899736  3.093657E-16
9270.59719181063  3.531118E-16
9274.11752462389  2.814712E-16
9277.63785743715  2.383649E-16
9281.15819025041  2.879352E-16
9284.67852306368  3.138919E-16
9288.19885587694  2.697241E-16
9291.7191886902  2.589950E-16
9295.23952150347  2.652802E-16
9298.75985431673  2.294669E-16
9302.28018712999  1.976751E-16
9305.80051994326  2.183192E-16
9309.32085275652  3.063007E-16
9312.84118556978  4.272827E-16
9316.36151838304  4.260992E-16
9319.88185119631  2.736799E-16
9323.40218400957  2.709495E-16
9326.92251682283  2.911732E-16
9330.4428496361  2.023014E-16
9333.96318244936  1.598719E-16
9337.48351526262  2.224142E-16
9341.00384807589  2.191853E-16
9344.52418088915  1.843579E-16
9348.04451370241  2.857075E-16
9351.56484651567  2.951085E-16
9355.08517932894  2.157062E-16
9358.6055121422  2.470114E-16
9362.12584495546  2.328247E-16
9365.64617776873  2.353315E-16
9369.16651058199  1.952051E-16
9372.68684339525  2.751985E-16
9376.20717620851  3.703022E-16
9379.72750902178  2.811330E-16
9383.24784183504  2.232013E-16
9386.7681746483  1.926614E-16
9390.28850746157  1.842926E-16
9393.80884027483  6.068061E-17
9397.32917308809  2.422367E-16
9400.84950590135  4.032940E-16
9404.36983871462  4.699203E-16
9407.89017152788  5.141113E-16
9411.41050434115  3.746779E-16
9414.93083715441  2.297869E-16
9418.45116996767  2.959956E-16
9421.97150278093  3.235181E-16
9425.4918355942  3.344837E-16
9429.01216840746  4.303333E-16
9432.53250122072  3.038135E-16
9436.05283403398  1.745862E-16
9439.57316684725  2.837541E-16
9443.09349966051  3.486311E-16
9446.61383247377  4.527381E-16
9450.13416528704  4.706571E-16
9453.6544981003  2.481032E-16
9457.17483091356  3.157831E-16
9460.69516372683  5.383717E-16
9464.21549654009  3.626217E-16
9467.73582935335  2.093809E-16
9471.25616216662  3.702900E-17
9474.77649497988  1.486821E-16
9478.29682779314  3.088363E-16
9481.8171606064  2.420702E-16
9485.33749341967  2.269590E-16
9488.85782623293  3.493297E-16
9492.37815904619  3.510253E-16
9495.89849185946  1.829309E-16
9499.41882467272  1.990529E-17
9502.93915748598  1.883733E-16
9506.45949029924  2.860316E-16
9509.97982311251  1.166765E-16
9513.50015592577  8.538529E-17
9517.02048873903  2.904641E-16
9520.5408215523  4.179721E-16
9524.06115436556  3.478540E-16
9527.58148717882  3.335455E-16
9531.10181999208  4.461541E-16
9534.62215280535  3.793264E-16
9538.14248561861  3.206956E-16
9541.66281843187  2.867434E-16
9545.18315124514  3.352327E-16
9548.7034840584  4.105527E-16
9552.22381687166  4.291560E-16
9555.74414968492  3.631077E-16
9559.26448249819  3.853028E-16
9562.78481531145  3.880449E-16
9566.30514812471  1.704633E-16
9569.82548093798  3.337888E-16
9573.34581375124  4.501926E-16
9576.8661465645  4.776223E-16
9580.38647937777  4.494312E-16
9583.90681219103  4.528244E-16
9587.42714500429  4.230689E-16
9590.94747781755  3.700857E-16
9594.46781063082  3.242306E-16
9597.98814344408  2.670178E-16
9601.50847625734  2.832228E-16
9605.02880907061  1.542321E-16
9608.54914188387  1.913011E-16
9612.06947469713  2.835828E-16
9615.58980751039  3.923123E-16
9619.11014032366  4.025647E-16
9622.63047313692  3.190293E-16
9626.15080595019  1.965667E-16
9629.67113876345  1.738529E-16
9633.19147157671  3.362709E-16
9636.71180438997  3.045477E-16
