3600.0 5.1473e-17
3601.525 3.6349e-17
3603.05 1.7243e-17
3604.575 5.6899e-17
3606.1 7.9235e-17
3607.625 5.6267e-17
3609.15 3.26e-17
3610.675 3.9624e-17
3612.2 4.2012e-17
3613.725 3.4194e-17
3615.25 2.3602e-17
3616.775 4.2288e-17
3618.3 4.4334e-17
3619.825 5.314e-17
3621.35 3.6467e-17
3622.875 4.7239e-17
3624.4 2.2822e-17
3625.925 4.354e-17
3627.45 4.6586e-17
3628.975 4.5642e-17
3630.5 4.9125e-17
3632.025 5.4025e-17
3633.55 3.8323e-17
3635.075 5.9957e-17
3636.6 3.8653e-17
3638.125 1.8573e-17
3639.65 5.6229e-17
3641.175 5.1302e-17
3642.7 3.5312e-17
3644.225 6.5585e-17
3645.75 4.7361e-17
3647.275 4.8897e-17
3648.8 6.4622e-17
3650.325 2.9979e-17
3651.85 2.1601e-17
3653.375 5.958e-17
3654.9 5.3309e-17
3656.425 5.3911e-17
3657.95 2.0504e-17
3659.475 2.361e-17
3661.0 2.9688e-17
3662.525 3.175e-17
3664.05 3.1486e-17
3665.575 2.216e-17
3667.1 2.1693e-17
3668.625 3.3414e-17
3670.15 4.1217e-17
3671.675 4.4276e-17
3673.2 3.8693e-17
3674.725 4.2119e-17
3676.25 6.3605e-17
3677.775 6.0695e-17
3679.3 3.9728e-17
3680.825 2.5434e-17
3682.35 2.163e-17
3683.875 3.0091e-17
3685.4 3.9199e-17
3686.925 2.245e-17
3688.45 4.7833e-17
3689.975 4.7229e-17
3691.5 5.4488e-17
3693.025 3.871e-17
3694.55 3.5204e-17
3696.075 4.0174e-17
3697.6 4.5485e-17
3699.125 3.678e-17
3700.65 4.0961e-17
3702.175 3.1735e-17
3703.7 2.1649e-17
3705.225 2.8443e-17
3706.75 2.9692e-17
3708.275 2.6979e-17
3709.8 2.382e-17
3711.325 2.7967e-17
3712.85 4.0423e-17
3714.375 4.615e-17
3715.9 4.5965e-17
3717.425 3.5632e-17
3718.95 4.7631e-17
3720.475 6.1585e-17
3722.0 4.1148e-17
3723.525 2.661e-17
3725.05 4.5844e-17
3726.575 3.6128e-17
3728.1 4.0631e-17
3729.625 3.3303e-17
3731.15 7.3e-18
3732.675 1.4106e-17
3734.2 4.1547e-17
3735.725 4.0663e-17
3737.25 2.6846e-17
3738.775 2.4328e-17
3740.3 8.6761e-18
3741.825 2.9272e-17
3743.35 4.44e-17
3744.875 5.1519e-17
3746.4 5.159e-17
3747.925 3.9231e-17
3749.45 3.6841e-17
3750.975 5.9985e-17
3752.5 5.1423e-17
3754.025 3.4165e-17
3755.55 4.2335e-17
3757.075 5.0943e-17
3758.6 4.544e-17
3760.125 3.4885e-17
3761.65 2.6491e-17
3763.175 3.9356e-17
3764.7 4.5104e-17
3766.225 5.1866e-17
3767.75 4.8663e-17
3769.275 5.3357e-17
3770.8 4.8983e-17
3772.325 4.7661e-17
3773.85 4.4107e-17
3775.375 3.7253e-17
3776.9 4.0246e-17
3778.425 4.1743e-17
3779.95 2.6983e-17
3781.475 4.9147e-17
3783.0 4.1292e-17
3784.525 3.568e-17
3786.05 5.2977e-17
3787.575 4.4964e-17
3789.1 2.3888e-17
3790.625 2.442e-17
3792.15 3.4669e-17
3793.675 5.1365e-17
3795.2 5.0504e-17
3796.725 4.372e-17
3798.25 2.8269e-17
3799.775 4.0629e-17
3801.3 3.7148e-17
3802.825 2.7124e-17
3804.35 3.7697e-17
3805.875 5.6816e-17
3807.4 4.6101e-17
3808.925 3.5768e-17
3810.45 3.7003e-17
3811.975 4.6825e-17
3813.5 5.6869e-17
3815.025 3.6916e-17
3816.55 2.5779e-17
3818.075 1.4951e-17
3819.6 2.8266e-17
3821.125 4.1943e-17
3822.65 4.0265e-17
3824.175 3.727e-17
3825.7 4.8008e-17
3827.225 5.0346e-17
3828.75 2.7985e-17
3830.275 5.2594e-17
3831.8 2.9327e-17
3833.325 4.1762e-17
3834.85 5.0608e-17
3836.375 4.2049e-17
3837.9 4.3401e-17
3839.425 4.4648e-17
3840.95 3.3463e-17
3842.475 5.1649e-17
3844.0 5.3913e-17
3845.525 4.9465e-17
3847.05 3.9804e-17
3848.575 3.7832e-17
3850.1 4.6769e-17
3851.625 3.5882e-17
3853.15 3.572e-17
3854.675 5.0961e-17
3856.2 4.5474e-17
3857.725 5.542e-17
3859.25 6.5313e-17
3860.775 4.0219e-17
3862.3 4.4774e-17
3863.825 4.6143e-17
3865.35 3.4256e-17
3866.875 5.0947e-17
3868.4 4.8471e-17
3869.925 5.0284e-17
3871.45 3.8069e-17
3872.975 4.6435e-17
3874.5 6.0618e-17
3876.025 3.4314e-17
3877.55 3.7819e-17
3879.075 3.947e-17
3880.6 5.0017e-17
3882.125 5.7191e-17
3883.65 3.8e-17
3885.175 3.4737e-17
3886.7 5.1532e-17
3888.225 5.0587e-17
3889.75 3.4784e-17
3891.275 5.7383e-17
3892.8 4.4977e-17
3894.325 5.4299e-17
3895.85 3.1125e-17
3897.375 3.4322e-17
3898.9 4.8756e-17
3900.425 6.5336e-17
3901.95 5.9843e-17
3903.475 5.5612e-17
3905.0 4.2652e-17
3906.525 5.1033e-17
3908.05 5.1563e-17
3909.575 4.7107e-17
3911.1 4.1035e-17
3912.625 3.2995e-17
3914.15 4.8731e-17
3915.675 4.7313e-17
3917.2 5.0561e-17
3918.725 5.1105e-17
3920.25 4.0645e-17
3921.775 4.4689e-17
3923.3 4.0101e-17
3924.825 4.6958e-17
3926.35 5.3491e-17
3927.875 4.4553e-17
3929.4 4.3629e-17
3930.925 3.0284e-17
3932.45 3.2403e-17
3933.975 3.7335e-17
3935.5 5.1335e-17
3937.025 4.9994e-17
3938.55 3.6878e-17
3940.075 3.6173e-17
3941.6 3.8881e-17
3943.125 4.6844e-17
3944.65 5.1218e-17
3946.175 4.7757e-17
3947.7 5.4688e-17
3949.225 4.8236e-17
3950.75 4.6903e-17
3952.275 3.8396e-17
3953.8 4.6808e-17
3955.325 4.6944e-17
3956.85 4.2049e-17
3958.375 3.9856e-17
3959.9 4.808e-17
3961.425 3.6315e-17
3962.95 3.0993e-17
3964.475 4.2766e-17
3966.0 3.3384e-17
3967.525 3.1139e-17
3969.05 2.7594e-17
3970.575 4.7046e-17
3972.1 5.3223e-17
3973.625 5.5297e-17
3975.15 5.6038e-17
3976.675 5.7214e-17
3978.2 3.9385e-17
3979.725 3.9593e-17
3981.25 3.6226e-17
3982.775 3.9873e-17
3984.3 3.3712e-17
3985.825 3.4794e-17
3987.35 4.102e-17
3988.875 5.0041e-17
3990.4 4.6902e-17
3991.925 5.6462e-17
3993.45 5.4797e-17
3994.975 4.025e-17
3996.5 3.842e-17
3998.025 5.2628e-17
3999.55 5.6914e-17
4001.075 4.6136e-17
4002.6 1.7215e-17
4004.125 3.3671e-17
4005.65 4.3141e-17
4007.175 4.4153e-17
4008.7 4.3582e-17
4010.225 4.2103e-17
4011.75 2.4455e-17
4013.275 2.988e-17
4014.8 4.1565e-17
4016.325 3.6851e-17
4017.85 3.8856e-17
4019.375 3.7353e-17
4020.9 5.0568e-17
4022.425 4.1635e-17
4023.95 2.9262e-17
4025.475 3.9996e-17
4027.0 5.729e-17
4028.525 3.8455e-17
4030.05 3.23e-17
4031.575 3.8987e-17
4033.1 2.6373e-17
4034.625 2.9333e-17
4036.15 2.7959e-17
4037.675 4.0134e-17
4039.2 4.2269e-17
4040.725 4.6573e-17
4042.25 3.9227e-17
4043.775 3.8646e-17
4045.3 4.8997e-17
4046.825 2.4457e-17
4048.35 1.3943e-17
4049.875 2.6135e-17
4051.4 2.9261e-17
4052.925 3.7386e-17
4054.45 4.3299e-17
4055.975 5.0967e-17
4057.5 3.7292e-17
4059.025 4.1452e-17
4060.55 4.876e-17
4062.075 6.0072e-17
4063.6 4.0138e-17
4065.125 3.9778e-17
4066.65 5.0489e-17
4068.175 4.8717e-17
4069.7 4.0491e-17
4071.225 3.6301e-17
4072.75 3.0268e-17
4074.275 2.2507e-17
4075.8 4.1059e-17
4077.325 3.6752e-17
4078.85 3.4499e-17
4080.375 4.0149e-17
4081.9 5.6133e-17
4083.425 5.0619e-17
4084.95 3.4616e-17
4086.475 3.7511e-17
4088.0 4.5688e-17
4089.525 3.8914e-17
4091.05 2.857e-17
4092.575 3.2311e-17
4094.1 4.8504e-17
4095.625 4.4818e-17
4097.15 3.8863e-17
4098.675 3.4271e-17
4100.2 4.3873e-17
4101.725 3.324e-17
4103.25 2.3949e-17
4104.775 3.5969e-17
4106.3 4.3742e-17
4107.825 5.0977e-17
4109.35 4.0687e-17
4110.875 3.766e-17
4112.4 3.4428e-17
4113.925 4.3433e-17
4115.45 4.243e-17
4116.975 4.7359e-17
4118.5 5.1231e-17
4120.025 2.8092e-17
4121.55 3.3452e-17
4123.075 3.4869e-17
4124.6 2.8991e-17
4126.125 2.6367e-17
4127.65 3.0152e-17
4129.175 3.1643e-17
4130.7 4.3442e-17
4132.225 3.842e-17
4133.75 3.5291e-17
4135.275 3.6865e-17
4136.8 3.9329e-17
4138.325 4.2587e-17
4139.85 4.6696e-17
4141.375 4.5035e-17
4142.9 3.7258e-17
4144.425 3.0281e-17
4145.95 3.2358e-17
4147.475 4.1859e-17
4149.0 3.4551e-17
4150.525 3.2898e-17
4152.05 3.1498e-17
4153.575 3.5413e-17
4155.1 3.8396e-17
4156.625 3.6705e-17
4158.15 3.4488e-17
4159.675 5.5295e-17
4161.2 5.2958e-17
4162.725 4.9424e-17
4164.25 5.1311e-17
4165.775 3.495e-17
4167.3 3.128e-17
4168.825 3.6929e-17
4170.35 3.8449e-17
4171.875 5.5377e-17
4173.4 4.0757e-17
4174.925 4.0709e-17
4176.45 3.7102e-17
4177.975 3.7676e-17
4179.5 3.4177e-17
4181.025 4.249e-17
4182.55 4.4355e-17
4184.075 4.2846e-17
4185.6 4.1039e-17
4187.125 3.7244e-17
4188.65 3.774e-17
4190.175 4.5002e-17
4191.7 5.3746e-17
4193.225 5.0607e-17
4194.75 5.3792e-17
4196.275 3.6189e-17
4197.8 3.9928e-17
4199.325 4.4839e-17
4200.85 3.2613e-17
4202.375 3.79e-17
4203.9 4.6595e-17
4205.425 4.4902e-17
4206.95 4.7165e-17
4208.475 4.0963e-17
4210.0 4.3067e-17
4211.525 3.643e-17
4213.05 4.2599e-17
4214.575 5.4583e-17
4216.1 2.9397e-17
4217.625 2.9849e-17
4219.15 4.6715e-17
4220.675 3.179e-17
4222.2 3.8268e-17
4223.725 3.612e-17
4225.25 3.6646e-17
4226.775 3.9966e-17
4228.3 2.8283e-17
4229.825 3.3583e-17
4231.35 3.5508e-17
4232.875 3.169e-17
4234.4 3.9016e-17
4235.925 5.1073e-17
4237.45 4.684e-17
4238.975 3.9931e-17
4240.5 3.0353e-17
4242.025 4.2597e-17
4243.55 3.228e-17
4245.075 1.9622e-17
4246.6 1.7817e-17
4248.125 3.2524e-17
4249.65 5.0084e-17
4251.175 6.0086e-17
4252.7 5.7958e-17
4254.225 4.5204e-17
4255.75 2.6321e-17
4257.275 3.2126e-17
4258.8 4.3695e-17
4260.325 3.9171e-17
4261.85 3.3092e-17
4263.375 2.0634e-17
4264.9 3.2932e-17
4266.425 4.0665e-17
4267.95 4.0672e-17
4269.475 5.1311e-17
4271.0 3.6316e-17
4272.525 3.2517e-17
4274.05 3.5371e-17
4275.575 3.9354e-17
4277.1 3.5847e-17
4278.625 3.1843e-17
4280.15 3.8292e-17
4281.675 3.9912e-17
4283.2 4.4874e-17
4284.725 4.6383e-17
4286.25 4.7499e-17
4287.775 4.0394e-17
4289.3 3.7435e-17
4290.825 4.9755e-17
4292.35 4.199e-17
4293.875 2.4072e-17
4295.4 5.0649e-17
4296.925 5.4848e-17
4298.45 3.5952e-17
4299.975 3.9051e-17
4301.5 4.7385e-17
4303.025 4.2084e-17
4304.55 3.5447e-17
4306.075 4.1421e-17
4307.6 3.5733e-17
4309.125 3.1552e-17
4310.65 2.7658e-17
4312.175 4.4458e-17
4313.7 4.46e-17
4315.225 4.4195e-17
4316.75 4.5665e-17
4318.275 4.2416e-17
4319.8 5.0558e-17
4321.325 4.518e-17
4322.85 4.671e-17
4324.375 4.845e-17
4325.9 4.9409e-17
4327.425 4.6358e-17
4328.95 4.3174e-17
4330.475 3.3505e-17
4332.0 3.734e-17
4333.525 5.7117e-17
4335.05 6.4488e-17
4336.575 5.3738e-17
4338.1 5.6787e-17
4339.625 5.3485e-17
4341.15 3.6081e-17
4342.675 4.5267e-17
4344.2 3.4024e-17
4345.725 2.4697e-17
4347.25 3.3315e-17
4348.775 5.0466e-17
4350.3 4.9506e-17
4351.825 5.2903e-17
4353.35 4.1396e-17
4354.875 2.9926e-17
4356.4 2.1036e-18
4357.925 3.5685e-17
4359.45 4.418e-17
4360.975 3.4165e-17
4362.5 3.2252e-17
4364.025 5.5103e-17
4365.55 4.8227e-17
4367.075 3.9757e-17
4368.6 4.1303e-17
4370.125 4.5861e-17
4371.65 3.7974e-17
4373.175 5.7072e-17
4374.7 5.8122e-17
4376.225 3.4477e-17
4377.75 3.8893e-17
4379.275 4.1148e-17
4380.8 2.4307e-17
4382.325 4.047e-17
4383.85 4.8339e-17
4385.375 5.0762e-17
4386.9 3.639e-17
4388.425 3.3457e-17
4389.95 3.314e-17
4391.475 3.5854e-17
4393.0 3.9943e-17
4394.525 4.7641e-17
4396.05 4.4277e-17
4397.575 3.0159e-17
4399.1 4.1971e-17
4400.625 4.3584e-17
4402.15 3.3955e-17
4403.675 2.6695e-17
4405.2 3.6352e-17
4406.725 3.0342e-17
4408.25 3.6384e-17
4409.775 5.8744e-17
4411.3 3.5621e-17
4412.825 4.7835e-17
4414.35 5.0327e-17
4415.875 4.3133e-17
4417.4 4.7856e-17
4418.925 6.3259e-17
4420.45 4.1662e-17
4421.975 2.3492e-17
4423.5 3.9171e-17
4425.025 3.4163e-17
4426.55 4.2605e-17
4428.075 5.2969e-17
4429.6 3.7692e-17
4431.125 4.2446e-17
4432.65 3.4632e-17
4434.175 3.3155e-17
4435.7 4.6303e-17
4437.225 4.8231e-17
4438.75 3.8513e-17
4440.275 3.6926e-17
4441.8 3.5276e-17
4443.325 4.6343e-17
4444.85 4.8e-17
4446.375 3.6119e-17
4447.9 3.4571e-17
4449.425 3.0963e-17
4450.95 2.0393e-17
4452.475 3.5108e-17
4454.0 3.5938e-17
4455.525 3.5024e-17
4457.05 3.4662e-17
4458.575 2.2465e-17
4460.1 3.6713e-17
4461.625 3.088e-17
4463.15 4.0142e-17
4464.675 4.9248e-17
4466.2 4.5841e-17
4467.725 4.34e-17
4469.25 5.6562e-17
4470.775 3.5692e-17
4472.3 2.9607e-17
4473.825 1.7258e-17
4475.35 3.0188e-17
4476.875 3.1944e-17
4478.4 3.8046e-17
4479.925 4.2736e-17
4481.45 2.5337e-17
4482.975 3.4879e-17
4484.5 3.7246e-17
4486.025 4.4937e-17
4487.55 4.7184e-17
4489.075 4.6201e-17
4490.6 3.4583e-17
4492.125 1.3144e-17
4493.65 3.6717e-17
4495.175 3.6903e-17
4496.7 4.2973e-17
4498.225 4.2389e-17
4499.75 3.8283e-17
4501.275 3.2863e-17
4502.8 2.5626e-17
4504.325 2.8508e-17
4505.85 4.5293e-17
4507.375 5.4897e-17
4508.9 6.0388e-17
4510.425 4.1388e-17
4511.95 4.2673e-17
4513.475 4.2876e-17
4515.0 2.6233e-17
4516.525 3.5103e-17
4518.05 4.5802e-17
4519.575 4.6002e-17
4521.1 1.8774e-17
4522.625 2.4779e-17
4524.15 3.3402e-17
4525.675 2.8019e-17
4527.2 2.6358e-17
4528.725 1.8693e-17
4530.25 4.0115e-17
4531.775 5.2626e-17
4533.3 3.9894e-17
4534.825 3.3853e-17
4536.35 3.9455e-17
4537.875 5.1398e-17
4539.4 2.0658e-17
4540.925 3.1275e-17
4542.45 2.9387e-17
4543.975 2.7396e-17
4545.5 3.9308e-17
4547.025 4.5997e-17
4548.55 3.8126e-17
4550.075 3.3256e-17
4551.6 2.5093e-17
4553.125 3.5041e-17
4554.65 4.3013e-17
4556.175 3.3044e-17
4557.7 3.5309e-17
4559.225 4.0539e-17
4560.75 3.6827e-17
4562.275 3.6681e-17
4563.8 5.0052e-17
4565.325 4.56e-17
4566.85 4.5449e-17
4568.375 4.1619e-17
4569.9 5.1353e-17
4571.425 3.1967e-17
4572.95 2.911e-17
4574.475 4.624e-17
4576.0 4.6031e-17
4577.525 4.709e-17
4579.05 6.3315e-17
4580.575 6.3637e-17
4582.1 5.4042e-17
4583.625 4.386e-17
4585.15 5.5101e-17
4586.675 5.3142e-17
4588.2 5.5424e-17
4589.725 6.1e-17
4591.25 6.2525e-17
4592.775 5.3864e-17
4594.3 4.8257e-17
4595.825 3.1257e-17
4597.35 3.1849e-17
4598.875 5.2229e-17
4600.4 3.5564e-17
4601.925 4.6881e-17
4603.45 3.6145e-17
4604.975 4.3345e-17
4606.5 4.8842e-17
4608.025 3.7376e-17
4609.55 4.007e-17
4611.075 4.3081e-17
4612.6 4.8136e-17
4614.125 2.6942e-17
4615.65 4.488e-17
4617.175 3.4114e-17
4618.7 3.3777e-17
4620.225 3.7153e-17
4621.75 4.0056e-17
4623.275 5.5585e-17
4624.8 5.469e-17
4626.325 3.9895e-17
4627.85 3.6093e-17
4629.375 4.7479e-17
4630.9 3.1107e-17
4632.425 3.2228e-17
4633.95 3.0653e-17
4635.475 4.6445e-17
4637.0 5.1583e-17
4638.525 4.4822e-17
4640.05 3.8452e-17
4641.575 3.7945e-17
4643.1 4.2505e-17
4644.625 5.2134e-17
4646.15 3.5182e-17
4647.675 4.7566e-17
4649.2 4.6176e-17
4650.725 4.3165e-17
4652.25 4.2238e-17
4653.775 2.8584e-17
4655.3 2.6961e-17
4656.825 3.3838e-17
4658.35 2.4592e-17
4659.875 4.1547e-17
4661.4 4.1778e-17
4662.925 3.1872e-17
4664.45 4.5867e-17
4665.975 4.3359e-17
4667.5 3.1561e-17
4669.025 3.943e-17
4670.55 3.9776e-17
4672.075 3.658e-17
4673.6 3.3317e-17
4675.125 2.6451e-17
4676.65 1.8013e-17
4678.175 3.5182e-17
4679.7 4.3143e-17
4681.225 3.5506e-17
4682.75 3.3416e-17
4684.275 3.8575e-17
4685.8 3.6947e-17
4687.325 3.5747e-17
4688.85 3.3637e-17
4690.375 4.2463e-17
4691.9 4.21e-17
4693.425 4.663e-17
4694.95 4.2085e-17
4696.475 3.9372e-17
4698.0 3.7314e-17
4699.525 3.3745e-17
4701.05 4.1322e-17
4702.575 2.8114e-17
4704.1 4.2945e-17
4705.625 4.6042e-17
4707.15 4.3209e-17
4708.675 4.2716e-17
4710.2 4.1552e-17
4711.725 2.5974e-17
4713.25 3.2926e-17
4714.775 4.4348e-17
4716.3 3.775e-17
4717.825 3.4044e-17
4719.35 3.1935e-17
4720.875 2.7007e-17
4722.4 2.6354e-17
4723.925 3.1638e-17
4725.45 3.9218e-17
4726.975 3.5512e-17
4728.5 2.9696e-17
4730.025 3.2765e-17
4731.55 3.7661e-17
4733.075 2.9181e-17
4734.6 2.2582e-17
4736.125 4.2782e-17
4737.65 3.6942e-17
4739.175 3.5754e-17
4740.7 4.124e-17
4742.225 3.8602e-17
4743.75 2.9491e-17
4745.275 4.5455e-17
4746.8 4.2146e-17
4748.325 4.7863e-17
4749.85 2.6392e-17
4751.375 3.2652e-17
4752.9 3.1341e-17
4754.425 3.535e-17
4755.95 4.4282e-17
4757.475 4.6824e-17
4759.0 4.1369e-17
4760.525 3.7936e-17
4762.05 2.9821e-17
4763.575 2.5577e-17
4765.1 3.4768e-17
4766.625 3.6016e-17
4768.15 3.3958e-17
4769.675 3.9184e-17
4771.2 3.8471e-17
4772.725 3.4918e-17
4774.25 3.9675e-17
4775.775 4.4974e-17
4777.3 4.3186e-17
4778.825 4.048e-17
4780.35 3.3756e-17
4781.875 3.1154e-17
4783.4 3.1482e-17
4784.925 4.0761e-17
4786.45 4.0983e-17
4787.975 3.6543e-17
4789.5 2.8877e-17
4791.025 3.5705e-17
4792.55 4.0395e-17
4794.075 2.7898e-17
4795.6 3.5408e-17
4797.125 4.1877e-17
4798.65 3.8466e-17
4800.175 2.7011e-17
4801.7 4.8732e-17
4803.225 4.1723e-17
4804.75 3.1414e-17
4806.275 4.0491e-17
4807.8 2.8483e-17
4809.325 3.5357e-17
4810.85 4.4685e-17
4812.375 3.4292e-17
4813.9 3.7621e-17
4815.425 3.7446e-17
4816.95 3.5285e-17
4818.475 5.3032e-17
4820.0 5.1971e-17
4821.525 3.6331e-17
4823.05 4.2065e-17
4824.575 4.6544e-17
4826.1 3.9508e-17
4827.625 4.7256e-17
4829.15 3.4467e-17
4830.675 2.966e-17
4832.2 3.4839e-17
4833.725 3.9699e-17
4835.25 4.8504e-17
4836.775 4.0137e-17
4838.3 3.7716e-17
4839.825 3.4561e-17
4841.35 3.7095e-17
4842.875 3.3304e-17
4844.4 3.4491e-17
4845.925 2.793e-17
4847.45 2.9469e-17
4848.975 3.7975e-17
4850.5 3.8665e-17
4852.025 3.7741e-17
4853.55 3.7321e-17
4855.075 4.3136e-17
4856.6 3.894e-17
4858.125 2.5399e-17
4859.65 2.7109e-17
4861.175 2.3963e-17
4862.7 3.5344e-17
4864.225 3.2303e-17
4865.75 3.1502e-17
4867.275 6.4214e-17
4868.8 4.2041e-17
4870.325 3.0089e-17
4871.85 3.209e-17
4873.375 3.5319e-17
4874.9 2.8726e-17
4876.425 3.2806e-17
4877.95 2.7068e-17
4879.475 2.778e-17
4881.0 3.0906e-17
4882.525 3.6986e-17
4884.05 3.4975e-17
4885.575 4.1291e-17
4887.1 4.6029e-17
4888.625 4.0636e-17
4890.15 3.7015e-17
4891.675 3.3739e-17
4893.2 2.8933e-17
4894.725 3.2421e-17
4896.25 3.1532e-17
4897.775 4.5637e-17
4899.3 4.3402e-17
4900.825 4.4926e-17
4902.35 4.0754e-17
4903.875 3.5726e-17
4905.4 3.5296e-17
4906.925 3.9969e-17
4908.45 4.7561e-17
4909.975 3.7478e-17
4911.5 3.3268e-17
4913.025 3.1589e-17
4914.55 3.8581e-17
4916.075 1.7557e-17
4917.6 2.2235e-17
4919.125 4.8202e-17
4920.65 4.4348e-17
4922.175 2.9114e-17
4923.7 3.0386e-17
4925.225 3.9406e-17
4926.75 4.3191e-17
4928.275 3.7759e-17
4929.8 1.9508e-17
4931.325 3.0069e-17
4932.85 3.3593e-17
4934.375 3.961e-17
4935.9 3.7363e-17
4937.425 3.4622e-17
4938.95 3.2125e-17
4940.475 3.6034e-17
4942.0 4.2897e-17
4943.525 3.4976e-17
4945.05 3.848e-17
4946.575 4.444e-17
4948.1 3.7632e-17
4949.625 3.5313e-17
4951.15 3.9136e-17
4952.675 2.6211e-17
4954.2 3.4894e-17
4955.725 2.3806e-17
4957.25 3.2983e-17
4958.775 4.509e-17
4960.3 4.2461e-17
4961.825 2.5355e-17
4963.35 4.5072e-17
4964.875 4.7794e-17
4966.4 4.5439e-17
4967.925 3.1378e-17
4969.45 3.6017e-17
4970.975 3.9672e-17
4972.5 3.5474e-17
4974.025 2.7434e-17
4975.55 2.5859e-17
4977.075 2.9663e-17
4978.6 4.3257e-17
4980.125 4.2609e-17
4981.65 3.1656e-17
4983.175 4.2428e-17
4984.7 2.6686e-17
4986.225 2.3003e-17
4987.75 2.3182e-17
4989.275 4.3182e-17
4990.8 4.2652e-17
4992.325 3.7241e-17
4993.85 4.6578e-17
4995.375 4.5376e-17
4996.9 3.5581e-17
4998.425 3.6686e-17
4999.95 3.0317e-17
5001.475 3.2963e-17
5003.0 2.5419e-17
5004.525 2.3284e-17
5006.05 3.3447e-17
5007.575 4.1313e-17
5009.1 2.9671e-17
5010.625 3.5543e-17
5012.15 3.8372e-17
5013.675 2.8648e-17
5015.2 3.9126e-17
5016.725 3.5858e-17
5018.25 2.4855e-17
5019.775 2.8518e-17
5021.3 3.6295e-17
5022.825 2.8257e-17
5024.35 3.6607e-17
5025.875 4.0361e-17
5027.4 4.0263e-17
5028.925 4.2785e-17
5030.45 3.8479e-17
5031.975 2.8542e-17
5033.5 2.246e-17
5035.025 2.8754e-17
5036.55 2.9652e-17
5038.075 4.5537e-17
5039.6 3.4187e-17
5041.125 4.0249e-17
5042.65 4.0669e-17
5044.175 3.5263e-17
5045.7 3.4563e-17
5047.225 4.036e-17
5048.75 4.3132e-17
5050.275 4.2592e-17
5051.8 4.4251e-17
5053.325 3.6499e-17
5054.85 3.9037e-17
5056.375 4.5e-17
5057.9 5.2229e-17
5059.425 4.8048e-17
5060.95 3.4656e-17
5062.475 2.7945e-17
5064.0 3.5434e-17
5065.525 2.5032e-17
5067.05 2.4953e-17
5068.575 3.7545e-17
5070.1 2.9291e-17
5071.625 2.5057e-17
5073.15 4.3292e-17
5074.675 3.5691e-17
5076.2 3.5561e-17
5077.725 3.3536e-17
5079.25 3.1658e-17
5080.775 3.828e-17
5082.3 4.0106e-17
5083.825 4.2095e-17
5085.35 4.2196e-17
5086.875 4.8121e-17
5088.4 4.8395e-17
5089.925 3.8828e-17
5091.45 4.4625e-17
5092.975 3.7478e-17
5094.5 4.1306e-17
5096.025 5.4372e-17
5097.55 4.9571e-17
5099.075 4.3305e-17
5100.6 3.7257e-17
5102.125 3.5874e-17
5103.65 4.288e-17
5105.175 5.825e-17
5106.7 4.2648e-17
5108.225 4.925e-17
5109.75 3.3322e-17
5111.275 4.2227e-17
5112.8 4.6316e-17
5114.325 4.8813e-17
5115.85 4.5012e-17
5117.375 4.8454e-17
5118.9 5.7907e-17
5120.425 5.4114e-17
5121.95 5.7368e-17
5123.475 4.878e-17
5125.0 5.8333e-17
5126.525 6.4657e-17
5128.05 6.167e-17
5129.575 7.4017e-17
5131.1 6.7106e-17
5132.625 6.9055e-17
5134.15 4.8229e-17
5135.675 6.5138e-17
5137.2 6.8484e-17
5138.725 5.6439e-17
5140.25 4.8955e-17
5141.775 5.1796e-17
5143.3 5.8119e-17
5144.825 5.9011e-17
5146.35 6.1429e-17
5147.875 6.8652e-17
5149.4 5.628e-17
5150.925 5.3594e-17
5152.45 3.5601e-17
5153.975 2.0018e-17
5155.5 3.7434e-17
5157.025 4.5421e-17
5158.55 4.0785e-17
5160.075 3.5084e-17
5161.6 4.1919e-17
5163.125 4.6784e-17
5164.65 4.4129e-17
5166.175 5.4989e-17
5167.7 4.1506e-17
5169.225 3.159e-17
5170.75 4.075e-17
5172.275 2.7999e-17
5173.8 2.1379e-17
5175.325 3.4748e-17
5176.85 4.7296e-17
5178.375 4.2332e-17
5179.9 4.9656e-17
5181.425 4.3508e-17
5182.95 3.6126e-17
5184.475 4.3472e-17
5186.0 2.8051e-17
5187.525 3.0573e-17
5189.05 4.4494e-17
5190.575 3.984e-17
5192.1 3.5979e-17
5193.625 3.0028e-17
5195.15 3.1135e-17
5196.675 4.5702e-17
5198.2 2.8466e-17
5199.725 2.248e-17
5201.25 3.5881e-17
5202.775 3.8719e-17
5204.3 3.7776e-17
5205.825 4.0374e-17
5207.35 3.1874e-17
5208.875 3.7725e-17
5210.4 4.0193e-17
5211.925 3.5813e-17
5213.45 5.6972e-17
5214.975 4.1467e-17
5216.5 2.7851e-17
5218.025 3.9517e-17
5219.55 3.9579e-17
5221.075 4.1132e-17
5222.6 4.5508e-17
5224.125 3.2651e-17
5225.65 2.626e-17
5227.175 3.7304e-17
5228.7 4.4621e-17
5230.225 2.844e-17
5231.75 2.0288e-17
5233.275 3.652e-17
5234.8 4.412e-17
5236.325 3.3005e-17
5237.85 4.5022e-17
5239.375 4.9175e-17
5240.9 4.2715e-17
5242.425 3.7533e-17
5243.95 3.1272e-17
5245.475 2.4151e-17
5247.0 4.1465e-17
5248.525 2.8078e-17
5250.05 3.5575e-17
5251.575 4.5959e-17
5253.1 4.9935e-17
5254.625 5.014e-17
5256.15 4.6806e-17
5257.675 4.4881e-17
5259.2 4.2412e-17
5260.725 4.2702e-17
5262.25 3.1093e-17
5263.775 3.5212e-17
5265.3 4.3257e-17
5266.825 4.2349e-17
5268.35 4.25e-17
5269.875 4.1599e-17
5271.4 3.2471e-17
5272.925 3.3655e-17
5274.45 4.3269e-17
5275.975 4.5032e-17
5277.5 3.4147e-17
5279.025 2.9789e-17
5280.55 3.8649e-17
5282.075 4.6272e-17
5283.6 2.8978e-17
5285.125 4.6696e-17
5286.65 4.4941e-17
5288.175 2.8103e-17
5289.7 3.9154e-17
5291.225 3.0472e-17
5292.75 2.7797e-17
5294.275 4.0415e-17
5295.8 2.2658e-17
5297.325 2.2334e-17
5298.85 3.2098e-17
5300.375 3.9222e-17
5301.9 3.7862e-17
5303.425 3.0126e-17
5304.95 2.3015e-17
5306.475 3.633e-17
5308.0 4.778e-17
5309.525 6.6187e-17
5311.05 5.1926e-17
5312.575 3.2843e-17
5314.1 4.218e-17
5315.625 5.6207e-17
5317.15 2.7261e-17
5318.675 2.9525e-17
5320.2 3.4571e-17
5321.725 3.0434e-17
5323.25 3.4698e-17
5324.775 3.8569e-17
5326.3 4.1291e-17
5327.825 2.7713e-17
5329.35 3.0258e-17
5330.875 3.6469e-17
5332.4 3.4844e-17
5333.925 4.4958e-17
5335.45 4.0215e-17
5336.975 4.3168e-17
5338.5 3.8981e-17
5340.025 3.8414e-17
5341.55 3.4062e-17
5343.075 3.6224e-17
5344.6 4.3283e-17
5346.125 3.6823e-17
5347.65 4.2465e-17
5349.175 4.4117e-17
5350.7 2.8685e-17
5352.225 3.7268e-17
5353.75 3.1048e-17
5355.275 4.7532e-17
5356.8 5.0274e-17
5358.325 3.027e-17
5359.85 3.7865e-17
5361.375 4.3549e-17
5362.9 3.9453e-17
5364.425 2.6933e-17
5365.95 3.8265e-17
5367.475 5.6732e-17
5369.0 4.3048e-17
5370.525 2.8582e-17
5372.05 3.4087e-17
5373.575 1.5459e-17
5375.1 3.5416e-17
5376.625 3.2941e-17
5378.15 3.6779e-17
5379.675 3.6901e-17
5381.2 2.9325e-17
5382.725 3.5621e-17
5384.25 3.5261e-17
5385.775 2.9756e-17
5387.3 3.7293e-17
5388.825 4.2117e-17
5390.35 3.6843e-17
5391.875 3.9316e-17
5393.4 4.4374e-17
5394.925 2.5202e-17
5396.45 2.559e-17
5397.975 3.6311e-17
5399.5 2.4841e-17
5401.025 8.7464e-18
5402.55 4.7046e-17
5404.075 3.9483e-17
5405.6 2.9799e-17
5407.125 2.5906e-17
5408.65 3.2206e-17
5410.175 3.8009e-17
5411.7 2.1245e-17
5413.225 5.0594e-17
5414.75 5.6161e-17
5416.275 5.3719e-17
5417.8 3.7819e-17
5419.325 2.8719e-17
5420.85 5.996e-17
5422.375 6.5827e-17
5423.9 4.0651e-17
5425.425 2.4904e-17
5426.95 3.9278e-17
5428.475 3.9421e-17
5430.0 3.4554e-17
5431.525 4.147e-17
5433.05 3.6632e-17
5434.575 3.2328e-17
5436.1 2.6786e-17
5437.625 4.5405e-17
5439.15 3.2846e-17
5440.675 1.9342e-17
5442.2 2.382e-17
5443.725 5.5186e-17
5445.25 3.2584e-17
5446.775 4.2757e-17
5448.3 5.3859e-17
5449.825 2.3541e-17
5451.35 2.573e-17
5452.875 2.5589e-17
5454.4 3.41e-17
5455.925 4.4195e-17
5457.45 1.1824e-17
5458.975 4.1552e-18
5460.5 4.7426e-17
5462.025 4.4459e-17
5463.55 2.4675e-17
5465.075 3.5648e-17
5466.6 3.5036e-17
5468.125 6.6795e-17
5469.65 2.1173e-17
5471.175 1.5351e-17
5472.7 3.6171e-17
5474.225 5.1157e-17
5475.75 6.3535e-17
5477.275 5.1825e-17
5478.8 6.1554e-17
5480.325 4.942e-17
5481.85 3.7265e-17
5483.375 2.5329e-17
5484.9 3.1279e-17
5486.425 3.9564e-17
5487.95 3.0428e-17
5489.475 2.4851e-17
5491.0 4.9159e-17
5492.525 4.465e-17
5494.05 4.7329e-17
5495.575 2.8662e-17
5497.1 2.6855e-17
5498.625 3.9847e-17
5500.15 4.2497e-17
5501.675 3.7674e-17
5503.2 3.6334e-17
5504.725 3.7576e-17
5506.25 4.2122e-17
5507.775 4.4028e-17
5509.3 4.1075e-17
5510.825 3.0998e-17
5512.35 2.9124e-17
5513.875 2.6803e-17
5515.4 3.9969e-17
5516.925 4.0359e-17
5518.45 5.2509e-17
5519.975 4.9582e-17
5521.5 4.3277e-17
5523.025 4.4972e-17
5524.55 3.4401e-17
5526.075 3.5919e-17
5527.6 3.5054e-17
5529.125 5.5933e-17
5530.65 6.4739e-17
5532.175 5.2036e-17
5533.7 4.1398e-17
5535.225 4.8826e-17
5536.75 5.0703e-17
5538.275 4.626e-17
5539.8 3.5748e-17
5541.325 2.8758e-17
5542.85 4.5315e-17
5544.375 4.774e-17
5545.9 4.7122e-17
5547.425 4.839e-17
5548.95 4.8719e-17
5550.475 4.6466e-17
5552.0 4.4365e-17
5553.525 4.2618e-17
5555.05 5.027e-17
5556.575 4.2596e-17
5558.1 4.5282e-17
5559.625 4.6042e-17
5561.15 4.9384e-17
5562.675 3.5791e-17
5564.2 3.8077e-17
5565.725 3.0816e-17
5567.25 3.8793e-17
5568.775 4.5142e-17
5570.3 3.0307e-17
5571.825 4.8499e-17
5573.35 5.5802e-17
5574.875 5.7559e-17
5576.4 8.6749e-17
5577.925 5.9127e-17
5579.45 2.2303e-17
5580.975 4.3887e-17
5582.5 4.4274e-17
5584.025 4.8784e-17
5585.55 3.0986e-17
5587.075 3.6572e-17
5588.6 4.5047e-17
5590.125 5.0552e-17
5591.65 5.638e-17
5593.175 4.8283e-17
5594.7 4.782e-17
5596.225 4.2636e-17
5597.75 4.0838e-17
5599.275 2.4351e-17
5600.8 2.934e-17
5602.325 4.0739e-17
5603.85 4.5643e-17
5605.375 3.7789e-17
5606.9 3.3807e-17
5608.425 3.6518e-17
5609.95 3.3631e-17
5611.475 3.7928e-17
5613.0 3.9354e-17
5614.525 3.9424e-17
5616.05 4.5805e-17
5617.575 3.8392e-17
5619.1 4.1225e-17
5620.625 4.6232e-17
5622.15 4.511e-17
5623.675 4.0071e-17
5625.2 4.6565e-17
5626.725 4.1834e-17
5628.25 3.162e-17
5629.775 2.9405e-17
5631.3 2.0128e-17
5632.825 2.5076e-17
5634.35 4.166e-17
5635.875 4.5563e-17
5637.4 4.7041e-17
5638.925 4.2243e-17
5640.45 3.2914e-17
5641.975 4.2669e-17
5643.5 5.3695e-17
5645.025 3.7926e-17
5646.55 3.4749e-17
5648.075 4.3056e-17
5649.6 3.626e-17
5651.125 4.1976e-17
5652.65 3.6985e-17
5654.175 2.6191e-17
5655.7 3.204e-17
5657.225 4.5205e-17
5658.75 3.6287e-17
5660.275 3.815e-17
5661.8 4.5225e-17
5663.325 4.0897e-17
5664.85 3.9757e-17
5666.375 3.4379e-17
5667.9 3.2237e-17
5669.425 3.5399e-17
5670.95 3.6043e-17
5672.475 3.5148e-17
5674.0 3.0591e-17
5675.525 2.6005e-17
5677.05 2.6669e-17
5678.575 3.1562e-17
5680.1 2.8665e-17
5681.625 3.0216e-17
5683.15 4.0522e-17
5684.675 3.228e-17
5686.2 2.4646e-17
5687.725 4.2722e-17
5689.25 5.5024e-17
5690.775 4.5358e-17
5692.3 3.5188e-17
5693.825 2.8719e-17
5695.35 3.5859e-17
5696.875 4.0675e-17
5698.4 2.7912e-17
5699.925 3.3208e-17
5701.45 3.3011e-17
5702.975 3.4051e-17
5704.5 4.0127e-17
5706.025 3.9748e-17
5707.55 3.8925e-17
5709.075 3.8974e-17
5710.6 3.5998e-17
5712.125 3.5249e-17
5713.65 3.943e-17
5715.175 3.6842e-17
5716.7 3.1551e-17
5718.225 2.8983e-17
5719.75 3.8591e-17
5721.275 4.3571e-17
5722.8 3.8922e-17
5724.325 3.5421e-17
5725.85 3.4338e-17
5727.375 3.4804e-17
5728.9 3.8286e-17
5730.425 3.8426e-17
5731.95 3.0927e-17
5733.475 3.497e-17
5735.0 3.7466e-17
5736.525 3.4218e-17
5738.05 3.1944e-17
5739.575 3.1923e-17
5741.1 3.2849e-17
5742.625 3.4738e-17
5744.15 3.2471e-17
5745.675 3.2256e-17
5747.2 3.4183e-17
5748.725 3.8561e-17
5750.25 3.2529e-17
5751.775 3.5243e-17
5753.3 3.8057e-17
5754.825 3.3521e-17
5756.35 3.2418e-17
5757.875 2.7467e-17
5759.4 2.4933e-17
5760.925 3.0593e-17
5762.45 3.6981e-17
5763.975 3.1924e-17
5765.5 3.0426e-17
5767.025 4.5762e-17
5768.55 4.8435e-17
5770.075 4.4352e-17
5771.6 4.5464e-17
5773.125 4.04e-17
5774.65 4.4574e-17
5776.175 4.7339e-17
5777.7 3.1888e-17
5779.225 2.7056e-17
5780.75 3.2928e-17
5782.275 3.2142e-17
5783.8 2.9236e-17
5785.325 3.0107e-17
5786.85 3.1457e-17
5788.375 4.3635e-17
5789.9 4.1541e-17
5791.425 3.3601e-17
5792.95 4.2472e-17
5794.475 2.8325e-17
5796.0 3.2537e-17
5797.525 3.7519e-17
5799.05 3.1976e-17
5800.575 3.6361e-17
5802.1 3.3362e-17
5803.625 3.269e-17
5805.15 3.072e-17
5806.675 2.7285e-17
5808.2 2.8293e-17
5809.725 3.3774e-17
5811.25 3.7661e-17
5812.775 3.4642e-17
5814.3 3.211e-17
5815.825 3.485e-17
5817.35 3.4175e-17
5818.875 3.5779e-17
5820.4 4.3026e-17
5821.925 3.6098e-17
5823.45 3.3743e-17
5824.975 4.528e-17
5826.5 4.4716e-17
5828.025 3.1972e-17
5829.55 3.0955e-17
5831.075 3.8935e-17
5832.6 4.4056e-17
5834.125 4.3228e-17
5835.65 4.1655e-17
5837.175 4.0977e-17
5838.7 3.6875e-17
5840.225 3.6767e-17
5841.75 4.9963e-17
5843.275 4.3127e-17
5844.8 3.7761e-17
5846.325 3.6785e-17
5847.85 2.7801e-17
5849.375 3.6117e-17
5850.9 4.4633e-17
5852.425 3.6157e-17
5853.95 3.7074e-17
5855.475 3.3749e-17
5857.0 3.0959e-17
5858.525 2.898e-17
5860.05 3.6459e-17
5861.575 4.0227e-17
5863.1 3.3422e-17
5864.625 3.2738e-17
5866.15 3.5941e-17
5867.675 4.44e-17
5869.2 4.0455e-17
5870.725 4.6188e-17
5872.25 5.484e-17
5873.775 4.7267e-17
5875.3 3.9818e-17
5876.825 3.9579e-17
5878.35 3.8511e-17
5879.875 3.9869e-17
5881.4 3.4747e-17
5882.925 1.4242e-17
5884.45 2.9715e-17
5885.975 6.8916e-17
5887.5 4.0861e-17
5889.025 5.4809e-17
5890.55 7.7004e-17
5892.075 6.6768e-17
5893.6 4.33e-17
5895.125 8.1817e-17
5896.65 8.6445e-17
5898.175 1.9686e-17
5899.7 5.2383e-18
5901.225 2.5053e-17
5902.75 2.5167e-17
5904.275 2.2562e-17
5905.8 1.7784e-17
5907.325 3.0607e-17
5908.85 4.1861e-17
5910.375 3.6797e-17
5911.9 3.059e-17
5913.425 3.16e-17
5914.95 3.9947e-17
5916.475 4.4501e-17
5918.0 3.8534e-17
5919.525 3.3038e-17
5921.05 2.6368e-17
5922.575 3.1418e-17
5924.1 5.0948e-17
5925.625 5.6273e-17
5927.15 4.4098e-17
5928.675 3.9511e-17
5930.2 3.1415e-17
5931.725 3.2253e-17
5933.25 3.83e-17
5934.775 4.4691e-17
5936.3 4.0972e-17
5937.825 3.4539e-17
5939.35 3.4671e-17
5940.875 3.6342e-17
5942.4 4.3296e-17
5943.925 3.7618e-17
5945.45 3.223e-17
5946.975 3.3605e-17
5948.5 3.4419e-17
5950.025 3.1398e-17
5951.55 4.0258e-17
5953.075 4.0694e-17
5954.6 3.4585e-17
5956.125 4.737e-17
5957.65 3.9521e-17
5959.175 2.7326e-17
5960.7 3.4441e-17
5962.225 4.0761e-17
5963.75 4.0619e-17
5965.275 3.213e-17
5966.8 3.1756e-17
5968.325 3.6328e-17
5969.85 3.8767e-17
5971.375 4.0342e-17
5972.9 4.8187e-17
5974.425 4.8686e-17
5975.95 4.2825e-17
5977.475 3.9107e-17
5979.0 3.2151e-17
5980.525 3.642e-17
5982.05 3.7775e-17
5983.575 3.4614e-17
5985.1 2.408e-17
5986.625 2.9269e-17
5988.15 3.4414e-17
5989.675 2.4844e-17
5991.2 3.2361e-17
5992.725 3.6254e-17
5994.25 2.5209e-17
5995.775 2.8523e-17
5997.3 3.6951e-17
5998.825 3.4998e-17
6000.35 3.1522e-17
6001.875 3.4679e-17
6003.4 3.9483e-17
6004.925 3.4987e-17
6006.45 2.3621e-17
6007.975 2.4519e-17
6009.5 3.5102e-17
6011.025 3.556e-17
6012.55 3.0561e-17
6014.075 3.2385e-17
6015.6 2.9198e-17
6017.125 2.9288e-17
6018.65 3.2626e-17
6020.175 3.5337e-17
6021.7 4.0583e-17
6023.225 4.3809e-17
6024.75 4.1031e-17
6026.275 4.1443e-17
6027.8 3.5619e-17
6029.325 3.2693e-17
6030.85 3.9591e-17
6032.375 4.1467e-17
6033.9 3.744e-17
6035.425 4.2964e-17
6036.95 3.7264e-17
6038.475 3.133e-17
6040.0 3.8405e-17
6041.525 3.2048e-17
6043.05 2.5344e-17
6044.575 2.5184e-17
6046.1 2.8691e-17
6047.625 4.0707e-17
6049.15 5.0224e-17
6050.675 3.8519e-17
6052.2 2.7949e-17
6053.725 3.4648e-17
6055.25 3.4705e-17
6056.775 3.6247e-17
6058.3 3.3013e-17
6059.825 2.8366e-17
6061.35 3.1865e-17
6062.875 3.5005e-17
6064.4 3.5605e-17
6065.925 3.6186e-17
6067.45 3.2551e-17
6068.975 2.3957e-17
6070.5 3.2184e-17
6072.025 3.3955e-17
6073.55 2.8889e-17
6075.075 3.4088e-17
6076.6 3.8122e-17
6078.125 3.4261e-17
6079.65 3.7317e-17
6081.175 3.6564e-17
6082.7 2.9434e-17
6084.225 3.5379e-17
6085.75 3.7918e-17
6087.275 3.1488e-17
6088.8 3.2782e-17
6090.325 3.2745e-17
6091.85 3.7763e-17
6093.375 4.1653e-17
6094.9 4.1042e-17
6096.425 3.6103e-17
6097.95 3.4102e-17
6099.475 3.7457e-17
6101.0 3.5535e-17
6102.525 3.7362e-17
6104.05 3.5676e-17
6105.575 3.1438e-17
6107.1 3.3245e-17
6108.625 3.2432e-17
6110.15 3.6838e-17
6111.675 3.8137e-17
6113.2 2.4987e-17
6114.725 2.2188e-17
6116.25 2.6169e-17
6117.775 2.5932e-17
6119.3 4.1304e-17
6120.825 4.3126e-17
6122.35 3.6864e-17
6123.875 3.5194e-17
6125.4 3.2475e-17
6126.925 3.11e-17
6128.45 3.6825e-17
6129.975 4.0319e-17
6131.5 3.3211e-17
6133.025 3.356e-17
6134.55 3.9521e-17
6136.075 3.9187e-17
6137.6 3.8008e-17
6139.125 3.7478e-17
6140.65 3.0439e-17
6142.175 2.6e-17
6143.7 3.0386e-17
6145.225 2.9146e-17
6146.75 2.8462e-17
6148.275 2.8885e-17
6149.8 3.1447e-17
6151.325 4.169e-17
6152.85 3.9569e-17
6154.375 3.2778e-17
6155.9 4.4746e-17
6157.425 4.3849e-17
6158.95 4.0621e-17
6160.475 3.8916e-17
6162.0 2.9975e-17
6163.525 3.1233e-17
6165.05 4.2001e-17
6166.575 3.8702e-17
6168.1 3.1141e-17
6169.625 3.471e-17
6171.15 3.4366e-17
6172.675 3.6734e-17
6174.2 3.274e-17
6175.725 2.9479e-17
6177.25 4.0162e-17
6178.775 4.2037e-17
6180.3 3.2815e-17
6181.825 3.277e-17
6183.35 3.0917e-17
6184.875 2.8976e-17
6186.4 3.2662e-17
6187.925 3.7123e-17
6189.45 3.5654e-17
6190.975 3.7263e-17
6192.5 3.5363e-17
6194.025 3.8149e-17
6195.55 3.3063e-17
6197.075 2.6475e-17
6198.6 3.2213e-17
6200.125 3.2606e-17
6201.65 2.7407e-17
6203.175 2.9587e-17
6204.7 3.8763e-17
6206.225 4.1177e-17
6207.75 3.343e-17
6209.275 3.9276e-17
6210.8 3.8453e-17
6212.325 3.3597e-17
6213.85 4.137e-17
6215.375 3.5556e-17
6216.9 3.0157e-17
6218.425 3.231e-17
6219.95 3.2196e-17
6221.475 3.6552e-17
6223.0 4.2038e-17
6224.525 3.7914e-17
6226.05 3.8062e-17
6227.575 4.1165e-17
6229.1 3.8767e-17
6230.625 4.2134e-17
6232.15 3.6326e-17
6233.675 3.4555e-17
6235.2 3.2542e-17
6236.725 3.4327e-17
6238.25 2.5816e-17
6239.775 2.4498e-17
6241.3 3.5489e-17
6242.825 3.7449e-17
6244.35 3.2316e-17
6245.875 2.9559e-17
6247.4 2.6461e-17
6248.925 2.8472e-17
6250.45 2.5863e-17
6251.975 3.1816e-17
6253.5 3.1831e-17
6255.025 2.5106e-17
6256.55 3.1897e-17
6258.075 3.9729e-17
6259.6 3.9703e-17
6261.125 3.5685e-17
6262.65 3.7401e-17
6264.175 3.7888e-17
6265.7 3.4163e-17
6267.225 2.9116e-17
6268.75 2.5635e-17
6270.275 2.6718e-17
6271.8 3.1494e-17
6273.325 3.1496e-17
6274.85 4.0171e-17
6276.375 4.1625e-17
6277.9 3.4135e-17
6279.425 3.0269e-17
6280.95 2.5234e-17
6282.475 3.0402e-17
6284.0 2.9635e-17
6285.525 3.1709e-17
6287.05 4.4123e-17
6288.575 3.9756e-17
6290.1 2.8534e-17
6291.625 3.211e-17
6293.15 2.9289e-17
6294.675 2.4878e-17
6296.2 2.7998e-17
6297.725 4.7652e-17
6299.25 4.3226e-17
6300.775 3.5805e-17
6302.3 3.1638e-17
6303.825 2.7513e-17
6305.35 3.3883e-17
6306.875 3.9401e-17
6308.4 2.7396e-17
6309.925 2.062e-17
6311.45 2.6347e-17
6312.975 3.2299e-17
6314.5 3.8342e-17
6316.025 4.2229e-17
6317.55 3.969e-17
6319.075 3.5958e-17
6320.6 3.479e-17
6322.125 3.62e-17
6323.65 3.8441e-17
6325.175 3.7544e-17
6326.7 3.3528e-17
6328.225 3.5359e-17
6329.75 3.3237e-17
6331.275 2.7823e-17
6332.8 2.8044e-17
6334.325 2.9714e-17
6335.85 2.8116e-17
6337.375 3.8592e-17
6338.9 3.9507e-17
6340.425 3.0138e-17
6341.95 3.3162e-17
6343.475 3.2584e-17
6345.0 3.0852e-17
6346.525 3.2099e-17
6348.05 3.0969e-17
6349.575 3.6904e-17
6351.1 3.6165e-17
6352.625 3.122e-17
6354.15 3.5175e-17
6355.675 4.2633e-17
6357.2 3.1798e-17
6358.725 3.1444e-17
6360.25 3.8927e-17
6361.775 4.3325e-17
6363.3 4.444e-17
6364.825 4.2624e-17
6366.35 2.9925e-17
6367.875 2.8685e-17
6369.4 3.1799e-17
6370.925 3.5942e-17
6372.45 3.7209e-17
6373.975 3.4466e-17
6375.5 3.0539e-17
6377.025 2.6949e-17
6378.55 2.8859e-17
6380.075 2.8924e-17
6381.6 3.2017e-17
6383.125 3.5208e-17
6384.65 3.804e-17
6386.175 3.554e-17
6387.7 3.4478e-17
6389.225 3.0871e-17
6390.75 2.9594e-17
6392.275 3.2874e-17
6393.8 2.7325e-17
6395.325 2.8627e-17
6396.85 3.1789e-17
6398.375 3.1727e-17
6399.9 3.2158e-17
6401.425 3.1516e-17
6402.95 2.94e-17
6404.475 3.322e-17
6406.0 2.972e-17
6407.525 2.9322e-17
6409.05 2.6958e-17
6410.575 2.6064e-17
6412.1 3.3072e-17
6413.625 3.6445e-17
6415.15 2.7768e-17
6416.675 3.406e-17
6418.2 3.9929e-17
6419.725 3.5218e-17
6421.25 2.9913e-17
6422.775 2.7343e-17
6424.3 1.723e-17
6425.825 1.9024e-17
6427.35 2.94e-17
6428.875 3.0199e-17
6430.4 2.4945e-17
6431.925 2.2788e-17
6433.45 2.0363e-17
6434.975 1.8615e-17
6436.5 2.3931e-17
6438.025 2.7748e-17
6439.55 3.1217e-17
6441.075 3.6685e-17
6442.6 3.5942e-17
6444.125 3.6901e-17
6445.65 3.526e-17
6447.175 3.3867e-17
6448.7 3.2885e-17
6450.225 2.761e-17
6451.75 2.954e-17
6453.275 2.8392e-17
6454.8 2.052e-17
6456.325 2.6578e-17
6457.85 3.7771e-17
6459.375 3.659e-17
6460.9 3.1861e-17
6462.425 2.8248e-17
6463.95 2.8029e-17
6465.475 2.8815e-17
6467.0 3.3043e-17
6468.525 2.8341e-17
6470.05 2.7783e-17
6471.575 2.8569e-17
6473.1 2.7783e-17
6474.625 3.4825e-17
6476.15 3.5907e-17
6477.675 3.0194e-17
6479.2 3.1324e-17
6480.725 3.1328e-17
6482.25 2.8591e-17
6483.775 3.2054e-17
6485.3 3.2854e-17
6486.825 3.0886e-17
6488.35 3.1719e-17
6489.875 3.1926e-17
6491.4 3.4127e-17
6492.925 3.5226e-17
6494.45 3.273e-17
6495.975 3.3278e-17
6497.5 3.5862e-17
6499.025 3.1657e-17
6500.55 3.2464e-17
6502.075 3.8749e-17
6503.6 3.2209e-17
6505.125 2.8165e-17
6506.65 3.4852e-17
6508.175 3.6705e-17
6509.7 3.1844e-17
6511.225 2.9599e-17
6512.75 2.9037e-17
6514.275 2.8087e-17
6515.8 2.979e-17
6517.325 3.3513e-17
6518.85 3.6471e-17
6520.375 3.5698e-17
6521.9 3.1698e-17
6523.425 3.0568e-17
6524.95 3.4514e-17
6526.475 3.402e-17
6528.0 3.4346e-17
6529.525 3.2952e-17
6531.05 3.1989e-17
6532.575 3.8305e-17
6534.1 3.6436e-17
6535.625 3.0662e-17
6537.15 2.8435e-17
6538.675 2.7057e-17
6540.2 2.8868e-17
6541.725 3.1589e-17
6543.25 2.8027e-17
6544.775 2.5807e-17
6546.3 3.2885e-17
6547.825 3.284e-17
6549.35 3.6136e-17
6550.875 4.3374e-17
6552.4 3.3125e-17
6553.925 2.8628e-17
6555.45 3.2394e-17
6556.975 3.2139e-17
6558.5 3.9872e-17
6560.025 4.2494e-17
6561.55 3.1421e-17
6563.075 3.6168e-17
6564.6 4.5562e-17
6566.125 4.2405e-17
6567.65 4.1684e-17
6569.175 4.491e-17
6570.7 3.9354e-17
6572.225 3.8956e-17
6573.75 4.0033e-17
6575.275 3.1312e-17
6576.8 3.4975e-17
6578.325 3.8092e-17
6579.85 2.9231e-17
6581.375 2.9251e-17
6582.9 3.1454e-17
6584.425 2.5876e-17
6585.95 3.0377e-17
6587.475 3.1794e-17
6589.0 2.7998e-17
6590.525 2.9977e-17
6592.05 3.4462e-17
6593.575 3.0882e-17
6595.1 3.0018e-17
6596.625 3.3447e-17
6598.15 3.1703e-17
6599.675 2.8286e-17
6601.2 2.8164e-17
6602.725 3.3697e-17
6604.25 3.7057e-17
6605.775 3.2737e-17
6607.3 2.9963e-17
6608.825 3.5527e-17
6610.35 3.7453e-17
6611.875 3.3292e-17
6613.4 3.3228e-17
6614.925 3.2922e-17
6616.45 2.9512e-17
6617.975 2.4754e-17
6619.5 2.5969e-17
6621.025 3.1138e-17
6622.55 3.2006e-17
6624.075 2.9762e-17
6625.6 2.7136e-17
6627.125 3.0567e-17
6628.65 3.3163e-17
6630.175 3.053e-17
6631.7 2.9675e-17
6633.225 2.7393e-17
6634.75 3.0123e-17
6636.275 3.3696e-17
6637.8 2.7848e-17
6639.325 2.7889e-17
6640.85 3.2114e-17
6642.375 2.9352e-17
6643.9 2.552e-17
6645.425 2.706e-17
6646.95 3.0277e-17
6648.475 3.472e-17
6650.0 3.4205e-17
6651.525 2.8858e-17
6653.05 3.0109e-17
6654.575 3.1122e-17
6656.1 3.01e-17
6657.625 2.9972e-17
6659.15 3.1398e-17
6660.675 2.7432e-17
6662.2 2.6901e-17
6663.725 2.9186e-17
6665.25 2.7597e-17
6666.775 2.9739e-17
6668.3 3.1964e-17
6669.825 3.0911e-17
6671.35 2.9503e-17
6672.875 2.7192e-17
6674.4 2.9405e-17
6675.925 3.4848e-17
6677.45 3.3961e-17
6678.975 3.372e-17
6680.5 3.5119e-17
6682.025 3.2381e-17
6683.55 2.6448e-17
6685.075 2.7362e-17
6686.6 3.3151e-17
6688.125 3.4597e-17
6689.65 3.3331e-17
6691.175 3.0382e-17
6692.7 3.2558e-17
6694.225 3.5421e-17
6695.75 3.4089e-17
6697.275 2.8347e-17
6698.8 2.6609e-17
6700.325 3.2519e-17
6701.85 3.5912e-17
6703.375 2.8728e-17
6704.9 2.2184e-17
6706.425 2.652e-17
6707.95 3.3547e-17
6709.475 3.5402e-17
6711.0 3.7176e-17
6712.525 3.0462e-17
6714.05 2.6052e-17
6715.575 3.0562e-17
6717.1 3.564e-17
6718.625 3.4359e-17
6720.15 3.353e-17
6721.675 3.2811e-17
6723.2 3.4474e-17
6724.725 3.2974e-17
6726.25 2.6322e-17
6727.775 2.7695e-17
6729.3 3.317e-17
6730.825 3.1989e-17
6732.35 3.3478e-17
6733.875 3.3505e-17
6735.4 3.1347e-17
6736.925 3.1791e-17
6738.45 3.1914e-17
6739.975 3.4429e-17
6741.5 3.5837e-17
6743.025 3.3701e-17
6744.55 3.1475e-17
6746.075 3.3075e-17
6747.6 3.1033e-17
6749.125 2.709e-17
6750.65 3.343e-17
6752.175 3.6657e-17
6753.7 3.4667e-17
6755.225 3.265e-17
6756.75 2.9534e-17
6758.275 2.7169e-17
6759.8 2.9024e-17
6761.325 3.2853e-17
6762.85 3.5184e-17
6764.375 3.3382e-17
6765.9 3.2068e-17
6767.425 3.3207e-17
6768.95 3.5259e-17
6770.475 3.4152e-17
6772.0 3.3986e-17
6773.525 3.5238e-17
6775.05 3.2315e-17
6776.575 2.7417e-17
6778.1 2.5325e-17
6779.625 2.6767e-17
6781.15 2.8435e-17
6782.675 2.9559e-17
6784.2 2.9699e-17
6785.725 3.31e-17
6787.25 3.5913e-17
6788.775 3.0669e-17
6790.3 3.047e-17
6791.825 3.3067e-17
6793.35 3.3433e-17
6794.875 3.4172e-17
6796.4 3.2282e-17
6797.925 3.2302e-17
6799.45 3.4319e-17
6800.975 3.2149e-17
6802.5 2.8521e-17
6804.025 3.1498e-17
6805.55 3.155e-17
6807.075 2.9343e-17
6808.6 2.9193e-17
6810.125 3.0055e-17
6811.65 3.2133e-17
6813.175 2.9997e-17
6814.7 2.8066e-17
6816.225 2.935e-17
6817.75 3.4639e-17
6819.275 3.6263e-17
6820.8 2.9437e-17
6822.325 2.5702e-17
6823.85 2.7097e-17
6825.375 2.8951e-17
6826.9 3.0239e-17
6828.425 3.3568e-17
6829.95 3.575e-17
6831.475 2.8668e-17
6833.0 2.6583e-17
6834.525 3.4973e-17
6836.05 3.6671e-17
6837.575 3.4509e-17
6839.1 3.508e-17
6840.625 3.3758e-17
6842.15 2.9048e-17
6843.675 3.1153e-17
6845.2 3.2606e-17
6846.725 3.0584e-17
6848.25 3.1861e-17
6849.775 3.2959e-17
6851.3 3.6239e-17
6852.825 3.8954e-17
6854.35 3.2335e-17
6855.875 2.8104e-17
6857.4 3.0439e-17
6858.925 3.2893e-17
6860.45 3.4197e-17
6861.975 3.6762e-17
6863.5 3.5072e-17
6865.025 2.8376e-17
6866.55 2.8967e-17
6868.075 2.7221e-17
6869.6 2.8297e-17
6871.125 3.9831e-17
6872.65 4.2827e-17
6874.175 3.6558e-17
6875.7 4.2687e-17
6877.225 4.3083e-17
6878.75 4.0072e-17
6880.275 3.9036e-17
6881.8 3.873e-17
6883.325 3.7387e-17
6884.85 3.861e-17
6886.375 4.0382e-17
6887.9 3.5435e-17
6889.425 3.5394e-17
6890.95 4.1679e-17
6892.475 4.3559e-17
6894.0 4.6242e-17
6895.525 4.8331e-17
6897.05 4.6413e-17
6898.575 5.2047e-17
6900.1 5.4538e-17
6901.625 4.7579e-17
6903.15 4.9687e-17
6904.675 5.0064e-17
6906.2 4.8164e-17
6907.725 5.4966e-17
6909.25 6.2815e-17
6910.775 6.2187e-17
6912.3 6.2062e-17
6913.825 6.499e-17
6915.35 7.0721e-17
6916.875 7.5791e-17
6918.4 8.2311e-17
6919.925 9.1143e-17
6921.45 1.0186e-16
6922.975 1.125e-16
6924.5 1.163e-16
6926.025 1.0438e-16
6927.55 9.4762e-17
6929.075 8.8226e-17
6930.6 7.9613e-17
6932.125 7.2217e-17
6933.65 6.8069e-17
6935.175 6.7838e-17
6936.7 6.4439e-17
6938.225 5.8203e-17
6939.75 5.3695e-17
6941.275 5.5279e-17
6942.8 5.1497e-17
6944.325 4.7768e-17
6945.85 4.1227e-17
6947.375 4.133e-17
6948.9 4.1717e-17
6950.425 4.0977e-17
6951.95 3.7983e-17
6953.475 3.7354e-17
6955.0 3.8198e-17
6956.525 3.8891e-17
6958.05 4.1475e-17
6959.575 4.0919e-17
6961.1 3.81e-17
6962.625 3.3036e-17
6964.15 3.2592e-17
6965.675 3.3714e-17
6967.2 3.673e-17
6968.725 3.7924e-17
6970.25 3.2609e-17
6971.775 2.7979e-17
6973.3 3.4242e-17
6974.825 3.7841e-17
6976.35 3.5179e-17
6977.875 3.5022e-17
6979.4 3.297e-17
6980.925 3.2179e-17
6982.45 2.9315e-17
6983.975 2.5396e-17
6985.5 2.7743e-17
6987.025 2.8155e-17
6988.55 2.2885e-17
6990.075 2.4192e-17
6991.6 2.8966e-17
6993.125 3.4473e-17
6994.65 3.5854e-17
6996.175 3.3411e-17
6997.7 3.4156e-17
6999.225 3.5098e-17
7000.75 3.1986e-17
7002.275 3.2389e-17
7003.8 3.7834e-17
7005.325 3.5857e-17
7006.85 3.164e-17
7008.375 3.2642e-17
7009.9 3.2994e-17
7011.425 3.3481e-17
7012.95 3.3668e-17
7014.475 3.0219e-17
7016.0 2.5613e-17
7017.525 2.7961e-17
7019.05 3.1436e-17
7020.575 3.0793e-17
7022.1 3.384e-17
7023.625 3.4356e-17
7025.15 2.7744e-17
7026.675 2.6578e-17
7028.2 2.6998e-17
7029.725 2.6632e-17
7031.25 2.8918e-17
7032.775 2.9459e-17
7034.3 2.773e-17
7035.825 2.8454e-17
7037.35 3.0245e-17
7038.875 2.6648e-17
7040.4 2.7214e-17
7041.925 3.4135e-17
7043.45 3.5747e-17
7044.975 3.1099e-17
7046.5 2.5923e-17
7048.025 2.7134e-17
7049.55 3.1943e-17
7051.075 3.3858e-17
7052.6 3.5676e-17
7054.125 3.5408e-17
7055.65 3.1533e-17
7057.175 2.8542e-17
7058.7 2.773e-17
7060.225 2.7066e-17
7061.75 3.0208e-17
7063.275 3.3629e-17
7064.8 3.1352e-17
7066.325 2.9844e-17
7067.85 2.9587e-17
7069.375 2.7628e-17
7070.9 2.8153e-17
7072.425 3.044e-17
7073.95 2.8569e-17
7075.475 2.7269e-17
7077.0 3.3348e-17
7078.525 3.4754e-17
7080.05 3.1436e-17
7081.575 3.0753e-17
7083.1 2.8149e-17
7084.625 2.8199e-17
7086.15 2.9359e-17
7087.675 3.0801e-17
7089.2 3.3007e-17
7090.725 3.0402e-17
7092.25 2.9088e-17
7093.775 2.9021e-17
7095.3 2.7362e-17
7096.825 2.8852e-17
7098.35 2.7384e-17
7099.875 2.5103e-17
7101.4 2.7895e-17
7102.925 3.1409e-17
7104.45 3.0237e-17
7105.975 2.7552e-17
7107.5 3.0186e-17
7109.025 3.4018e-17
7110.55 3.158e-17
7112.075 3.0446e-17
7113.6 3.1183e-17
7115.125 3.4493e-17
7116.65 3.4134e-17
7118.175 2.838e-17
7119.7 2.7792e-17
7121.225 3.0694e-17
7122.75 3.079e-17
7124.275 2.7793e-17
7125.8 2.8156e-17
7127.325 2.9104e-17
7128.85 3.3137e-17
7130.375 3.2041e-17
7131.9 2.618e-17
7133.425 2.6958e-17
7134.95 2.9244e-17
7136.475 2.8036e-17
7138.0 2.7591e-17
7139.525 2.8341e-17
7141.05 2.6279e-17
7142.575 2.5478e-17
7144.1 2.9058e-17
7145.625 3.2339e-17
7147.15 3.2547e-17
7148.675 3.1918e-17
7150.2 2.8895e-17
7151.725 2.8559e-17
7153.25 3.1436e-17
7154.775 3.0773e-17
7156.3 2.9641e-17
7157.825 2.9007e-17
7159.35 2.9016e-17
7160.875 3.3237e-17
7162.4 3.3273e-17
7163.925 2.5929e-17
7165.45 2.2774e-17
7166.975 2.6953e-17
7168.5 2.8073e-17
7170.025 3.1174e-17
7171.55 2.8397e-17
7173.075 2.7706e-17
7174.6 2.6816e-17
7176.125 2.5985e-17
7177.65 2.5614e-17
7179.175 2.7938e-17
7180.7 3.1752e-17
7182.225 2.8575e-17
7183.75 3.1339e-17
7185.275 3.3697e-17
7186.8 3.3746e-17
7188.325 3.9996e-17
7189.85 3.4072e-17
7191.375 2.5996e-17
7192.9 2.6506e-17
7194.425 2.8697e-17
7195.95 2.7883e-17
7197.475 2.7255e-17
7199.0 2.7918e-17
7200.525 2.9239e-17
7202.05 3.0257e-17
7203.575 3.0787e-17
7205.1 2.9404e-17
7206.625 2.8354e-17
7208.15 2.9644e-17
7209.675 3.0326e-17
7211.2 2.9205e-17
7212.725 2.5545e-17
7214.25 2.6568e-17
7215.775 3.148e-17
7217.3 2.8813e-17
7218.825 2.4907e-17
7220.35 2.7046e-17
7221.875 2.8976e-17
7223.4 2.8408e-17
7224.925 2.7148e-17
7226.45 2.8483e-17
7227.975 2.893e-17
7229.5 2.8988e-17
7231.025 3.0532e-17
7232.55 2.4088e-17
7234.075 2.0671e-17
7235.6 3.2791e-17
7237.125 4.447e-17
7238.65 4.3162e-17
7240.175 3.6756e-17
7241.7 3.6438e-17
7243.225 3.7565e-17
7244.75 3.4173e-17
7246.275 2.6649e-17
7247.8 1.7677e-17
7249.325 1.9883e-17
7250.85 2.9945e-17
7252.375 3.7734e-17
7253.9 3.6599e-17
7255.425 3.3894e-17
7256.95 2.5967e-17
7258.475 2.5143e-17
7260.0 2.8104e-17
7261.525 2.506e-17
7263.05 2.4035e-17
7264.575 3.1159e-17
7266.1 3.1827e-17
7267.625 2.7802e-17
7269.15 2.6127e-17
7270.675 2.7217e-17
7272.2 2.6396e-17
7273.725 3.0509e-17
7275.25 3.1898e-17
7276.775 2.5338e-17
7278.3 2.8844e-17
7279.825 2.355e-17
7281.35 3.1121e-17
7282.875 3.9303e-17
7284.4 3.2721e-17
7285.925 2.3837e-17
7287.45 2.3358e-17
7288.975 2.5441e-17
7290.5 2.7267e-17
7292.025 3.0992e-17
7293.55 3.2407e-17
7295.075 3.4148e-17
7296.6 3.38e-17
7298.125 2.8676e-17
7299.65 2.8897e-17
7301.175 2.7036e-17
7302.7 2.962e-17
7304.225 3.0586e-17
7305.75 2.4441e-17
7307.275 2.1283e-17
7308.8 2.3266e-17
7310.325 1.8996e-17
7311.85 2.2906e-17
7313.375 3.1866e-17
7314.9 3.4514e-17
7316.425 3.8847e-17
7317.95 3.6933e-17
7319.475 2.9488e-17
7321.0 2.7097e-17
7322.525 2.7491e-17
7324.05 2.8934e-17
7325.575 3.3637e-17
7327.1 2.9881e-17
7328.625 2.7086e-17
7330.15 3.2315e-17
7331.675 3.0731e-17
7333.2 2.656e-17
7334.725 3.7317e-17
7336.25 4.6616e-17
7337.775 4.2912e-17
7339.3 3.9736e-17
7340.825 3.1753e-17
7342.35 2.1113e-17
7343.875 2.4673e-17
7345.4 2.9274e-17
7346.925 2.4353e-17
7348.45 2.0595e-17
7349.975 2.3465e-17
7351.5 2.876e-17
7353.025 3.1277e-17
7354.55 3.404e-17
7356.075 3.3044e-17
7357.6 3.0715e-17
7359.125 3.1559e-17
7360.65 2.9392e-17
7362.175 2.2759e-17
7363.7 1.9542e-17
7365.225 2.5965e-17
7366.75 3.5858e-17
7368.275 3.4706e-17
7369.8 2.5764e-17
7371.325 2.3803e-17
7372.85 2.3734e-17
7374.375 2.5981e-17
7375.9 3.0863e-17
7377.425 2.9698e-17
7378.95 2.6061e-17
7380.475 2.6394e-17
7382.0 2.9384e-17
7383.525 2.8148e-17
7385.05 2.4544e-17
7386.575 2.2442e-17
7388.1 2.5625e-17
7389.625 3.0595e-17
7391.15 3.0136e-17
7392.675 2.4855e-17
7394.2 2.134e-17
7395.725 2.6904e-17
7397.25 2.9431e-17
7398.775 2.9055e-17
7400.3 2.8156e-17
7401.825 2.9369e-17
7403.35 3.0488e-17
7404.875 2.6591e-17
7406.4 2.485e-17
7407.925 2.5688e-17
7409.45 2.6486e-17
7410.975 2.8603e-17
7412.5 2.9926e-17
7414.025 2.9809e-17
7415.55 3.0509e-17
7417.075 2.5942e-17
7418.6 2.3645e-17
7420.125 2.6246e-17
7421.65 2.7153e-17
7423.175 2.6318e-17
7424.7 2.9695e-17
7426.225 2.9398e-17
7427.75 3.0231e-17
7429.275 3.5518e-17
7430.8 3.4547e-17
7432.325 2.8193e-17
7433.85 2.8095e-17
7435.375 2.7302e-17
7436.9 2.7408e-17
7438.425 2.818e-17
7439.95 2.8906e-17
7441.475 2.5469e-17
7443.0 2.607e-17
7444.525 2.7578e-17
7446.05 2.3085e-17
7447.575 2.5267e-17
7449.1 2.7139e-17
7450.625 2.9704e-17
7452.15 3.1642e-17
7453.675 2.8771e-17
7455.2 2.4313e-17
7456.725 2.659e-17
7458.25 2.8002e-17
7459.775 2.6529e-17
7461.3 2.5549e-17
7462.825 2.6533e-17
7464.35 2.681e-17
7465.875 2.9022e-17
7467.4 2.5436e-17
7468.925 2.4721e-17
7470.45 2.6652e-17
7471.975 2.9389e-17
7473.5 3.2981e-17
7475.025 2.8136e-17
7476.55 2.5962e-17
7478.075 2.6084e-17
7479.6 2.9061e-17
7481.125 3.4406e-17
7482.65 3.3408e-17
7484.175 2.731e-17
7485.7 2.4899e-17
7487.225 2.7529e-17
7488.75 2.9352e-17
7490.275 2.9987e-17
7491.8 2.8397e-17
7493.325 2.578e-17
7494.85 2.6161e-17
7496.375 2.9467e-17
7497.9 2.6785e-17
7499.425 2.3534e-17
7500.95 2.8507e-17
7502.475 3.1372e-17
7504.0 2.8957e-17
7505.525 3.0687e-17
7507.05 3.0331e-17
7508.575 2.4367e-17
7510.1 2.3273e-17
7511.625 2.5639e-17
7513.15 2.7643e-17
7514.675 2.8425e-17
7516.2 2.5473e-17
7517.725 2.2519e-17
7519.25 2.6155e-17
7520.775 3.3259e-17
7522.3 3.7101e-17
7523.825 3.417e-17
7525.35 2.8776e-17
7526.875 2.6081e-17
7528.4 2.1939e-17
7529.925 2.0798e-17
7531.45 2.497e-17
7532.975 2.841e-17
7534.5 2.9785e-17
7536.025 3.0133e-17
7537.55 2.9996e-17
7539.075 2.8712e-17
7540.6 2.8809e-17
7542.125 2.7746e-17
7543.65 2.4205e-17
7545.175 2.4792e-17
7546.7 2.6471e-17
7548.225 2.439e-17
7549.75 2.5787e-17
7551.275 2.6822e-17
7552.8 2.3498e-17
7554.325 2.5511e-17
7555.85 3.0136e-17
7557.375 3.1802e-17
7558.9 3.4067e-17
7560.425 3.0451e-17
7561.95 2.7896e-17
7563.475 3.0564e-17
7565.0 3.0538e-17
7566.525 2.9497e-17
7568.05 3.2149e-17
7569.575 3.0871e-17
7571.1 2.9234e-17
7572.625 3.0587e-17
7574.15 2.5907e-17
7575.675 2.3381e-17
7577.2 2.4484e-17
7578.725 2.9482e-17
7580.25 3.1231e-17
7581.775 3.0252e-17
7583.3 3.1786e-17
7584.825 3.3837e-17
7586.35 3.3635e-17
7587.875 3.2765e-17
7589.4 2.7974e-17
7590.925 2.1377e-17
7592.45 2.2439e-17
7593.975 2.7798e-17
7595.5 2.1649e-17
7597.025 1.9897e-17
7598.55 1.4199e-17
7600.075 1.8701e-17
7601.6 3.5295e-17
7603.125 3.1636e-17
7604.65 2.0773e-17
7606.175 3.2143e-17
7607.7 2.9888e-17
7609.225 2.9439e-17
7610.75 2.0652e-17
7612.275 3.191e-17
7613.8 5.3439e-17
7615.325 5.0973e-17
7616.85 4.597e-17
7618.375 4.3586e-17
7619.9 4.2368e-17
7621.425 4.3018e-17
7622.95 4.9412e-17
7624.475 4.0463e-17
7626.0 3.1997e-17
7627.525 3.676e-17
7629.05 4.1865e-17
7630.575 3.5748e-17
7632.1 2.7721e-17
7633.625 2.7983e-17
7635.15 2.4126e-17
7636.675 3.0376e-17
7638.2 4.2631e-17
7639.725 3.9112e-17
7641.25 3.6875e-17
7642.775 4.0546e-17
7644.3 3.7688e-17
7645.825 3.165e-17
7647.35 3.2382e-17
7648.875 3.1083e-17
7650.4 2.4055e-17
7651.925 2.711e-17
7653.45 2.973e-17
7654.975 2.9886e-17
7656.5 3.0254e-17
7658.025 2.7504e-17
7659.55 2.7463e-17
7661.075 3.3463e-17
7662.6 3.64e-17
7664.125 2.7017e-17
7665.65 2.1509e-17
7667.175 2.5354e-17
7668.7 2.9603e-17
7670.225 3.4817e-17
7671.75 3.3072e-17
7673.275 2.7223e-17
7674.8 2.4805e-17
7676.325 2.5841e-17
7677.85 2.7375e-17
7679.375 2.7097e-17
7680.9 2.7805e-17
7682.425 2.6095e-17
7683.95 2.7043e-17
7685.475 2.997e-17
7687.0 2.8875e-17
7688.525 2.9755e-17
7690.05 2.8934e-17
7691.575 2.9847e-17
7693.1 2.8898e-17
7694.625 2.4333e-17
7696.15 2.9331e-17
7697.675 3.2201e-17
7699.2 3.5307e-17
7700.725 3.3805e-17
7702.25 3.0902e-17
7703.775 2.779e-17
7705.3 2.4569e-17
7706.825 2.9e-17
7708.35 3.2631e-17
7709.875 2.9103e-17
7711.4 1.9877e-17
7712.925 2.2556e-17
7714.45 3.4337e-17
7715.975 3.1099e-17
7717.5 3.0873e-17
7719.025 3.377e-17
7720.55 3.5919e-17
7722.075 3.7123e-17
7723.6 2.9616e-17
7725.125 2.6223e-17
7726.65 2.5392e-17
7728.175 2.4637e-17
7729.7 2.6812e-17
7731.225 2.428e-17
7732.75 2.4104e-17
7734.275 2.1562e-17
7735.8 2.201e-17
7737.325 2.9414e-17
7738.85 3.2782e-17
7740.375 2.6032e-17
7741.9 2.1604e-17
7743.425 2.5208e-17
7744.95 2.8412e-17
7746.475 3.0328e-17
7748.0 3.1413e-17
7749.525 3.2051e-17
7751.05 2.862e-17
7752.575 2.0481e-17
7754.1 2.0365e-17
7755.625 2.6367e-17
7757.15 2.7645e-17
7758.675 2.8678e-17
7760.2 3.3342e-17
7761.725 2.5763e-17
7763.25 2.0845e-17
7764.775 2.117e-17
7766.3 2.2438e-17
7767.825 2.6467e-17
7769.35 2.7542e-17
7770.875 2.7116e-17
7772.4 2.9119e-17
7773.925 2.9509e-17
7775.45 2.6164e-17
7776.975 2.9226e-17
7778.5 3.8495e-17
7780.025 3.4816e-17
7781.55 2.5311e-17
7783.075 2.4022e-17
7784.6 2.8169e-17
7786.125 2.585e-17
7787.65 2.2778e-17
7789.175 2.991e-17
7790.7 2.9718e-17
7792.225 2.4588e-17
7793.75 2.3391e-17
7795.275 2.2765e-17
7796.8 2.1248e-17
7798.325 2.1721e-17
7799.85 2.4237e-17
7801.375 2.4486e-17
7802.9 2.4382e-17
7804.425 3.0963e-17
7805.95 3.3961e-17
7807.475 2.5644e-17
7809.0 2.3104e-17
7810.525 2.5406e-17
7812.05 2.1971e-17
7813.575 2.1216e-17
7815.1 2.246e-17
7816.625 2.5746e-17
7818.15 2.8494e-17
7819.675 2.4239e-17
7821.2 2.7553e-17
7822.725 2.7289e-17
7824.25 1.6378e-17
7825.775 1.6586e-17
7827.3 2.1654e-17
7828.825 2.2387e-17
7830.35 2.1613e-17
7831.875 2.7558e-17
7833.4 2.8381e-17
7834.925 3.2414e-17
7836.45 3.5664e-17
7837.975 3.0998e-17
7839.5 2.3535e-17
7841.025 2.2786e-17
7842.55 2.6459e-17
7844.075 2.4571e-17
7845.6 2.164e-17
7847.125 2.3349e-17
7848.65 4.2372e-17
7850.175 4.805e-17
7851.7 2.8838e-17
7853.225 3.0682e-17
7854.75 3.3741e-17
7856.275 2.6999e-17
7857.8 2.1826e-17
7859.325 3.1803e-17
7860.85 3.2312e-17
7862.375 2.6091e-17
7863.9 2.9098e-17
7865.425 3.335e-17
7866.95 3.6855e-17
7868.475 3.4708e-17
7870.0 3.7953e-17
7871.525 2.9744e-17
7873.05 2.0222e-17
7874.575 2.2107e-17
7876.1 2.1186e-17
7877.625 2.0499e-17
7879.15 1.7358e-17
7880.675 2.1951e-17
7882.2 2.0675e-17
7883.725 2.1791e-17
7885.25 2.9507e-17
7886.775 2.5713e-17
7888.3 2.1202e-17
7889.825 2.8672e-17
7891.35 3.2224e-17
7892.875 2.305e-17
7894.4 2.452e-17
7895.925 2.8033e-17
7897.45 2.8629e-17
7898.975 2.535e-17
7900.5 2.434e-17
7902.025 2.5493e-17
7903.55 2.7173e-17
7905.075 2.6122e-17
7906.6 2.0076e-17
7908.125 2.4234e-17
7909.65 4.0427e-17
7911.175 3.8748e-17
7912.7 4.1154e-17
7914.225 4.301e-17
7915.75 2.7073e-17
7917.275 2.1566e-17
7918.8 2.4345e-17
7920.325 3.3579e-17
7921.85 3.4581e-17
7923.375 2.5501e-17
7924.9 2.54e-17
7926.425 3.0595e-17
7927.95 3.3232e-17
7929.475 3.5718e-17
7931.0 3.1773e-17
7932.525 2.2767e-17
7934.05 2.005e-17
7935.575 2.7962e-17
7937.1 2.9896e-17
7938.625 2.5838e-17
7940.15 2.9555e-17
7941.675 2.7334e-17
7943.2 2.2347e-17
7944.725 2.7818e-17
7946.25 3.421e-17
7947.775 3.1353e-17
7949.3 2.4034e-17
7950.825 2.0822e-17
7952.35 2.1046e-17
7953.875 2.0971e-17
7955.4 2.2984e-17
7956.925 2.3422e-17
7958.45 2.162e-17
7959.975 2.4885e-17
7961.5 3.2368e-17
7963.025 3.5448e-17
7964.55 3.8375e-17
7966.075 3.6924e-17
7967.6 2.6821e-17
7969.125 2.8876e-17
7970.65 2.9649e-17
7972.175 2.5741e-17
7973.7 2.5822e-17
7975.225 2.8075e-17
7976.75 3.2643e-17
7978.275 3.5444e-17
7979.8 3.2986e-17
7981.325 3.4131e-17
7982.85 2.9257e-17
7984.375 2.6668e-17
7985.9 2.6818e-17
7987.425 2.2039e-17
7988.95 2.2895e-17
7990.475 2.9466e-17
7992.0 3.402e-17
7993.525 3.4038e-17
7995.05 2.723e-17
7996.575 2.1174e-17
7998.1 2.1169e-17
7999.625 3.0532e-17
8001.15 3.1717e-17
8002.675 2.9671e-17
8004.2 2.9135e-17
8005.725 2.7864e-17
8007.25 2.6573e-17
8008.775 2.713e-17
8010.3 2.6134e-17
8011.825 2.9474e-17
8013.35 2.891e-17
8014.875 2.3035e-17
8016.4 2.4626e-17
8017.925 2.508e-17
8019.45 2.2612e-17
8020.975 2.3038e-17
8022.5 3.2695e-17
8024.025 3.4722e-17
8025.55 2.8922e-17
8027.075 2.8137e-17
8028.6 2.8606e-17
8030.125 2.4229e-17
8031.65 2.4461e-17
8033.175 2.5118e-17
8034.7 2.4518e-17
8036.225 2.2868e-17
8037.75 2.3248e-17
8039.275 2.6549e-17
8040.8 2.3912e-17
8042.325 2.2456e-17
8043.85 2.4135e-17
8045.375 2.4972e-17
8046.9 2.6606e-17
8048.425 2.8387e-17
8049.95 2.7235e-17
8051.475 2.6795e-17
8053.0 2.6068e-17
8054.525 2.2025e-17
8056.05 2.1538e-17
8057.575 2.8442e-17
8059.1 3.122e-17
8060.625 2.556e-17
8062.15 2.8139e-17
8063.675 2.9369e-17
8065.2 2.2902e-17
8066.725 2.232e-17
8068.25 2.3902e-17
8069.775 2.5077e-17
8071.3 2.5983e-17
8072.825 2.4737e-17
8074.35 2.121e-17
8075.875 2.0473e-17
8077.4 2.285e-17
8078.925 2.3484e-17
8080.45 2.2208e-17
8081.975 2.4849e-17
8083.5 2.5548e-17
8085.025 2.5461e-17
8086.55 2.4119e-17
8088.075 2.4303e-17
8089.6 2.4931e-17
8091.125 2.4341e-17
8092.65 2.401e-17
8094.175 2.269e-17
8095.7 2.3874e-17
8097.225 2.7002e-17
8098.75 2.5193e-17
8100.275 2.6718e-17
8101.8 2.533e-17
8103.325 2.2431e-17
8104.85 2.3278e-17
8106.375 2.7151e-17
8107.9 2.7347e-17
8109.425 2.0595e-17
8110.95 2.086e-17
8112.475 2.8296e-17
8114.0 2.7656e-17
8115.525 2.5392e-17
8117.05 2.4258e-17
8118.575 2.1892e-17
8120.1 2.3864e-17
8121.625 2.6908e-17
8123.15 2.7302e-17
8124.675 2.491e-17
8126.2 2.7449e-17
8127.725 2.8189e-17
8129.25 2.5198e-17
8130.775 2.0028e-17
8132.3 2.3189e-17
8133.825 2.6064e-17
8135.35 3.0313e-17
8136.875 2.6768e-17
8138.4 2.6404e-17
8139.925 2.3501e-17
8141.45 2.5552e-17
8142.975 2.6498e-17
8144.5 2.5586e-17
8146.025 2.5143e-17
8147.55 2.4829e-17
8149.075 2.8694e-17
8150.6 2.8238e-17
8152.125 2.2675e-17
8153.65 2.3279e-17
8155.175 2.3966e-17
8156.7 2.3746e-17
8158.225 2.337e-17
8159.75 2.4592e-17
8161.275 2.1985e-17
8162.8 1.838e-17
8164.325 2.0373e-17
8165.85 2.2853e-17
8167.375 2.5072e-17
8168.9 2.6161e-17
8170.425 2.6886e-17
8171.95 2.6874e-17
8173.475 2.0926e-17
8175.0 1.7533e-17
8176.525 2.1013e-17
8178.05 2.6349e-17
8179.575 3.3398e-17
8181.1 2.8455e-17
8182.625 2.0187e-17
8184.15 2.4499e-17
8185.675 2.7136e-17
8187.2 2.5826e-17
8188.725 2.4137e-17
8190.25 2.6721e-17
8191.775 2.3929e-17
8193.3 1.5007e-17
8194.825 2.372e-17
8196.35 3.1699e-17
8197.875 2.9013e-17
8199.4 2.301e-17
8200.925 2.1526e-17
8202.45 2.5632e-17
8203.975 2.2872e-17
8205.5 2.2328e-17
8207.025 2.1111e-17
8208.55 2.348e-17
8210.075 2.1752e-17
8211.6 1.4263e-17
8213.125 1.8681e-17
8214.65 2.091e-17
8216.175 1.9365e-17
8217.7 2.051e-17
8219.225 2.4158e-17
8220.75 2.1522e-17
8222.275 2.1595e-17
8223.8 2.5814e-17
8225.325 2.4152e-17
8226.85 2.9922e-17
8228.375 3.4846e-17
8229.9 3.0934e-17
8231.425 3.3035e-17
8232.95 3.3432e-17
8234.475 2.936e-17
8236.0 2.6367e-17
8237.525 2.2261e-17
8239.05 2.2559e-17
8240.575 2.3069e-17
8242.1 2.631e-17
8243.625 3.23e-17
8245.15 3.2008e-17
8246.675 2.9683e-17
8248.2 2.8615e-17
8249.725 2.8715e-17
8251.25 2.4634e-17
8252.775 2.0716e-17
8254.3 2.2955e-17
8255.825 2.867e-17
8257.35 2.4654e-17
8258.875 2.3854e-17
8260.4 2.3887e-17
8261.925 2.525e-17
8263.45 2.3197e-17
8264.975 2.5574e-17
8266.5 2.6483e-17
8268.025 2.0959e-17
8269.55 2.2802e-17
8271.075 2.606e-17
8272.6 2.9231e-17
8274.125 2.8982e-17
8275.65 1.776e-17
8277.175 1.9792e-17
8278.7 2.996e-17
8280.225 2.9532e-17
8281.75 2.4425e-17
8283.275 2.1187e-17
8284.8 3.2021e-17
8286.325 3.5617e-17
8287.85 2.7971e-17
8289.375 2.5432e-17
8290.9 1.969e-17
8292.425 1.8913e-17
8293.95 1.9128e-17
8295.475 2.7181e-17
8297.0 2.8344e-17
8298.525 2.4089e-17
8300.05 2.7165e-17
8301.575 2.0809e-17
8303.1 1.6431e-17
8304.625 2.4011e-17
8306.15 3.0517e-17
8307.675 2.9603e-17
8309.2 2.8151e-17
8310.725 2.8226e-17
8312.25 2.9084e-17
8313.775 2.9817e-17
8315.3 2.0857e-17
8316.825 1.723e-17
8318.35 2.5336e-17
8319.875 2.6217e-17
8321.4 2.5944e-17
8322.925 2.85e-17
8324.45 2.4392e-17
8325.975 2.211e-17
8327.5 2.4991e-17
8329.025 2.7599e-17
8330.55 2.7693e-17
8332.075 2.4465e-17
8333.6 2.4156e-17
8335.125 2.6328e-17
8336.65 2.4224e-17
8338.175 1.347e-17
8339.7 3.0332e-17
8341.225 6.6387e-17
8342.75 4.9776e-17
8344.275 3.3689e-17
8345.8 4.1489e-17
8347.325 2.5764e-17
8348.85 1.9887e-17
8350.375 2.2426e-17
8351.9 3.1217e-17
8353.425 3.2274e-17
8354.95 2.0098e-17
8356.475 2.1357e-17
8358.0 2.141e-17
8359.525 2.8541e-17
8361.05 3.1017e-17
8362.575 2.3691e-17
8364.1 3.0783e-17
8365.625 3.4877e-17
8367.15 2.4811e-17
8368.675 1.8352e-17
8370.2 1.7742e-17
8371.725 1.7842e-17
8373.25 2.0724e-17
8374.775 1.9149e-17
8376.3 1.642e-17
8377.825 1.8652e-17
8379.35 1.9582e-17
8380.875 2.3484e-17
8382.4 3.5898e-17
8383.925 3.2153e-17
8385.45 2.1724e-17
8386.975 2.0116e-17
8388.5 2.1186e-17
8390.025 2.2779e-17
8391.55 1.9679e-17
8393.075 2.0043e-17
8394.6 3.7288e-17
8396.125 3.8925e-17
8397.65 2.8807e-17
8399.175 3.7922e-17
8400.7 2.3498e-17
8402.225 8.8674e-18
8403.75 1.8743e-17
8405.275 2.6776e-17
8406.8 2.4543e-17
8408.325 2.2014e-17
8409.85 2.1744e-17
8411.375 3.0195e-17
8412.9 3.3476e-17
8414.425 2.7823e-17
8415.95 2.3499e-17
8417.475 1.861e-17
8419.0 1.7742e-17
8420.525 2.4948e-17
8422.05 2.7974e-17
8423.575 2.2012e-17
8425.1 2.94e-17
8426.625 4.2445e-17
8428.15 3.7367e-17
8429.675 3.2823e-17
8431.2 2.9533e-17
8432.725 2.0489e-17
8434.25 1.7996e-17
8435.775 2.1819e-17
8437.3 2.5886e-17
8438.825 2.3294e-17
8440.35 2.0215e-17
8441.875 2.3133e-17
8443.4 2.2187e-17
8444.925 1.872e-17
8446.45 2.26e-17
8447.975 2.8486e-17
8449.5 2.4976e-17
8451.025 2.1125e-17
8452.55 2.9239e-17
8454.075 2.6915e-17
8455.6 2.49e-17
8457.125 2.5817e-17
8458.65 2.1037e-17
8460.175 2.8901e-17
8461.7 4.2675e-17
8463.225 3.2795e-17
8464.75 3.5971e-17
8466.275 4.1992e-17
8467.8 2.0607e-17
8469.325 2.1361e-17
8470.85 2.4911e-17
8472.375 2.2639e-17
8473.9 1.9901e-17
8475.425 2.3122e-17
8476.95 2.0219e-17
8478.475 2.5201e-17
8480.0 2.522e-17
8481.525 2.1427e-17
8483.05 2.3472e-17
8484.575 2.6309e-17
8486.1 2.2804e-17
8487.625 2.2415e-17
8489.15 2.9813e-17
8490.675 3.4743e-17
8492.2 2.8693e-17
8493.725 2.8019e-17
8495.25 2.7102e-17
8496.775 1.9362e-17
8498.3 1.4928e-17
8499.825 1.9912e-17
8501.35 2.6776e-17
8502.875 3.1149e-17
8504.4 3.4361e-17
8505.925 3.4225e-17
8507.45 2.4573e-17
8508.975 1.7994e-17
8510.5 2.1947e-17
8512.025 2.7678e-17
8513.55 2.54e-17
8515.075 2.1167e-17
8516.6 2.3199e-17
8518.125 2.5866e-17
8519.65 2.5921e-17
8521.175 2.5483e-17
8522.7 2.3927e-17
8524.225 2.1531e-17
8525.75 2.186e-17
8527.275 2.4803e-17
8528.8 2.5675e-17
8530.325 2.5758e-17
8531.85 2.5424e-17
8533.375 2.5701e-17
8534.9 2.8505e-17
8536.425 3.1542e-17
8537.95 2.811e-17
8539.475 2.1533e-17
8541.0 2.1149e-17
8542.525 2.0179e-17
8544.05 2.1694e-17
8545.575 2.8042e-17
8547.1 3.0455e-17
8548.625 2.9268e-17
8550.15 2.0076e-17
8551.675 1.5257e-17
8553.2 2.069e-17
8554.725 2.251e-17
8556.25 2.2676e-17
8557.775 2.2212e-17
8559.3 2.1549e-17
8560.825 2.4332e-17
8562.35 2.5772e-17
8563.875 2.4902e-17
8565.4 2.318e-17
8566.925 2.0594e-17
8568.45 2.1976e-17
8569.975 2.0274e-17
8571.5 1.9156e-17
8573.025 2.5105e-17
8574.55 2.9267e-17
8576.075 2.8492e-17
8577.6 2.6262e-17
8579.125 2.6636e-17
8580.65 2.5224e-17
8582.175 2.254e-17
8583.7 2.3313e-17
8585.225 1.9446e-17
8586.75 1.9319e-17
8588.275 2.164e-17
8589.8 2.0687e-17
8591.325 2.3453e-17
8592.85 2.7421e-17
8594.375 2.3647e-17
8595.9 1.9555e-17
8597.425 1.7066e-17
8598.95 2.1587e-17
8600.475 2.3726e-17
8602.0 2.4482e-17
8603.525 2.298e-17
8605.05 2.2525e-17
8606.575 2.3627e-17
8608.1 2.4666e-17
8609.625 2.428e-17
8611.15 2.5876e-17
8612.675 2.8119e-17
8614.2 2.807e-17
8615.725 2.4888e-17
8617.25 2.0545e-17
8618.775 2.3943e-17
8620.3 3.5115e-17
8621.825 3.1175e-17
8623.35 2.0778e-17
8624.875 2.5278e-17
8626.4 2.5456e-17
8627.925 1.8046e-17
8629.45 1.4395e-17
8630.975 1.9557e-17
8632.5 2.4145e-17
8634.025 2.0133e-17
8635.55 1.6842e-17
8637.075 2.5341e-17
8638.6 2.7868e-17
8640.125 2.5533e-17
8641.65 2.3091e-17
8643.175 1.638e-17
8644.7 1.9352e-17
8646.225 2.2766e-17
8647.75 2.2734e-17
8649.275 2.6182e-17
8650.8 3.2521e-17
8652.325 3.7768e-17
8653.85 3.1771e-17
8655.375 2.9205e-17
8656.9 3.1719e-17
8658.425 2.0294e-17
8659.95 1.5089e-17
8661.475 2.627e-17
8663.0 3.1911e-17
8664.525 3.4052e-17
8666.05 2.8298e-17
8667.575 1.9326e-17
8669.1 2.561e-17
8670.625 3.3307e-17
8672.15 2.2318e-17
8673.675 2.0202e-17
8675.2 2.539e-17
8676.725 2.9752e-17
8678.25 2.9814e-17
8679.775 2.1159e-17
8681.3 2.0142e-17
8682.825 2.0274e-17
8684.35 2.4849e-17
8685.875 2.7798e-17
8687.4 2.4064e-17
8688.925 2.4275e-17
8690.45 2.2533e-17
8691.975 1.6456e-17
8693.5 1.8455e-17
8695.025 2.143e-17
8696.55 2.2538e-17
8698.075 2.4808e-17
8699.6 2.4549e-17
8701.125 2.1578e-17
8702.65 2.1145e-17
8704.175 2.4166e-17
8705.7 2.8586e-17
8707.225 2.7912e-17
8708.75 2.7214e-17
8710.275 2.5767e-17
8711.8 2.7533e-17
8713.325 2.5163e-17
8714.85 1.9119e-17
8716.375 2.0669e-17
8717.9 2.4316e-17
8719.425 2.4213e-17
8720.95 2.5122e-17
8722.475 2.7108e-17
8724.0 2.7323e-17
8725.525 2.2169e-17
8727.05 2.0169e-17
8728.575 2.253e-17
8730.1 2.2978e-17
8731.625 2.2175e-17
8733.15 2.1465e-17
8734.675 2.4441e-17
8736.2 2.9748e-17
8737.725 2.8953e-17
8739.25 2.6374e-17
8740.775 2.3613e-17
8742.3 2.6442e-17
8743.825 2.7045e-17
8745.35 2.5659e-17
8746.875 2.4848e-17
8748.4 2.2424e-17
8749.925 2.4593e-17
8751.45 2.7145e-17
8752.975 2.4415e-17
8754.5 2.57e-17
8756.025 3.5039e-17
8757.55 4.418e-17
8759.075 4.1589e-17
8760.6 2.5764e-17
8762.125 1.7519e-17
8763.65 1.4828e-17
8765.175 7.7214e-18
8766.7 1.8305e-17
8768.225 3.2374e-17
8769.75 1.8805e-17
8771.275 7.4532e-18
8772.8 2.0514e-17
8774.325 3.8772e-17
8775.85 4.7797e-17
8777.375 3.8964e-17
8778.9 2.9033e-17
8780.425 2.3704e-17
8781.95 1.6986e-17
8783.475 1.7242e-17
8785.0 1.5581e-17
8786.525 2.2126e-17
8788.05 3.0462e-17
8789.575 3.3939e-17
8791.1 3.8909e-17
8792.625 2.7982e-17
8794.15 1.8362e-17
8795.675 2.2944e-17
8797.2 2.4937e-17
8798.725 2.1477e-17
8800.25 2.1033e-17
8801.775 2.0001e-17
8803.3 1.9719e-17
8804.825 2.3597e-17
8806.35 2.4077e-17
8807.875 2.1298e-17
8809.4 1.8765e-17
8810.925 2.6167e-17
8812.45 2.2146e-17
8813.975 2.3224e-17
8815.5 2.3864e-17
8817.025 2.2889e-17
8818.55 2.4316e-17
8820.075 2.148e-17
8821.6 2.7149e-17
8823.125 5.723e-17
8824.65 5.9206e-17
8826.175 5.7983e-17
8827.7 4.1924e-17
8829.225 -4.8847e-18
8830.75 1.1883e-18
8832.275 3.1438e-17
8833.8 2.897e-17
8835.325 3.124e-17
8836.85 4.2522e-17
8838.375 1.5287e-17
8839.9 1.2387e-17
8841.425 2.6333e-17
8842.95 2.4903e-17
8844.475 2.1372e-17
8846.0 2.4257e-17
8847.525 2.2976e-17
8849.05 2.522e-17
8850.575 2.2139e-17
8852.1 1.6014e-17
8853.625 1.9222e-17
8855.15 2.514e-17
8856.675 2.2905e-17
8858.2 1.9541e-17
8859.725 1.9925e-17
8861.25 2.1308e-17
8862.775 3.071e-17
8864.3 4.1919e-17
8865.825 4.0803e-17
8867.35 3.3737e-17
8868.875 2.5315e-17
8870.4 2.206e-17
8871.925 2.1481e-17
8873.45 1.9566e-17
8874.975 2.2832e-17
8876.5 2.4068e-17
8878.025 1.8284e-17
8879.55 1.8293e-17
8881.075 4.0853e-17
8882.6 5.4003e-17
8884.125 4.0037e-17
8885.65 4.1229e-17
8887.175 2.5784e-17
8888.7 -1.81e-19
8890.225 1.5088e-17
8891.75 2.3523e-17
8893.275 2.3689e-17
8894.8 2.2952e-17
8896.325 1.9267e-17
8897.85 2.3709e-17
8899.375 3.5255e-17
8900.9 3.359e-17
8902.425 2.9359e-17
8903.95 3.0637e-17
8905.475 2.3337e-17
8907.0 1.8622e-17
8908.525 2.0645e-17
8910.05 2.3575e-17
8911.575 2.3466e-17
8913.1 2.2935e-17
8914.625 3.6467e-17
8916.15 4.7628e-17
8917.675 3.4044e-17
8919.2 4.0667e-17
8920.725 3.4015e-17
8922.25 7.9663e-18
8923.775 1.4965e-17
8925.3 2.1915e-17
8926.825 2.5243e-17
8928.35 2.284e-17
8929.875 2.2489e-17
8931.4 2.1096e-17
8932.925 2.5869e-17
8934.45 2.3641e-17
8935.975 2.1057e-17
8937.5 2.6334e-17
8939.025 4.3003e-17
8940.55 3.9009e-17
8942.075 2.843e-17
8943.6 2.7912e-17
8945.125 1.5539e-17
8946.65 1.1721e-17
8948.175 2.0745e-17
8949.7 1.8935e-17
8951.225 1.2679e-17
8952.75 2.1736e-17
8954.275 3.609e-17
8955.8 2.9286e-17
8957.325 3.7188e-17
8958.85 3.1572e-17
8960.375 3.2475e-18
8961.9 4.0487e-18
8963.425 2.022e-17
8964.95 2.7982e-17
8966.475 3.0911e-17
8968.0 2.9083e-17
8969.525 2.258e-17
8971.05 1.9129e-17
8972.575 2.5038e-17
8974.1 2.7618e-17
8975.625 2.2715e-17
8977.15 2.0446e-17
8978.675 2.4079e-17
8980.2 2.6565e-17
8981.725 2.2935e-17
8983.25 1.6489e-17
8984.775 2.0314e-17
8986.3 3.0076e-17
8987.825 3.0674e-17
8989.35 2.0971e-17
8990.875 1.5332e-17
8992.4 2.2052e-17
8993.925 2.0274e-17
8995.45 2.0873e-17
8996.975 3.7202e-17
8998.5 3.8661e-17
9000.025 2.1839e-17
9001.55 2.6254e-17
9003.075 2.4125e-17
9004.6 1.3158e-17
9006.125 1.6799e-17
9007.65 1.7586e-17
9009.175 1.6647e-17
9010.7 1.9032e-17
9012.225 2.231e-17
9013.75 1.793e-17
9015.275 1.4094e-17
9016.8 1.8463e-17
9018.325 2.0305e-17
9019.85 1.7223e-17
9021.375 1.9828e-17
9022.9 2.373e-17
9024.425 2.3858e-17
9025.95 2.0091e-17
9027.475 1.9546e-17
9029.0 1.9119e-17
9030.525 1.726e-17
9032.05 2.4034e-17
9033.575 2.5675e-17
9035.1 2.2356e-17
9036.625 2.7759e-17
9038.15 2.1675e-17
9039.675 1.9127e-17
9041.2 2.1166e-17
9042.725 1.7709e-17
9044.25 2.3544e-17
9045.775 3.4915e-17
9047.3 2.7243e-17
9048.825 2.1696e-17
9050.35 1.6056e-17
9051.875 9.6781e-18
9053.4 1.3226e-17
9054.925 1.9015e-17
9056.45 2.212e-17
9057.975 2.0401e-17
9059.5 1.4958e-17
9061.025 1.5278e-17
9062.55 2.1517e-17
9064.075 2.5508e-17
9065.6 1.8244e-17
9067.125 1.339e-17
9068.65 1.9956e-17
9070.175 2.2827e-17
9071.7 2.2674e-17
9073.225 2.3316e-17
9074.75 1.5311e-17
9076.275 1.1692e-17
9077.8 2.1951e-17
9079.325 2.7102e-17
9080.85 2.2319e-17
9082.375 1.9135e-17
9083.9 1.6871e-17
9085.425 1.3972e-17
9086.95 1.1829e-17
9088.475 1.5524e-17
9090.0 1.4126e-17
9091.525 1.2993e-17
9093.05 1.969e-17
9094.575 1.9447e-17
9096.1 1.2525e-17
9097.625 1.1379e-17
9099.15 2.0231e-17
9100.675 2.5479e-17
9102.2 2.294e-17
9103.725 1.8756e-17
9105.25 1.223e-17
9106.775 1.3061e-17
9108.3 1.8917e-17
9109.825 1.9993e-17
9111.35 2.1859e-17
9112.875 2.2981e-17
9114.4 1.7219e-17
9115.925 1.5369e-17
9117.45 1.8089e-17
9118.975 1.7937e-17
9120.5 2.3605e-17
9122.025 2.287e-17
9123.55 1.4448e-17
9125.075 9.3064e-18
9126.6 1.2138e-17
9128.125 1.7403e-17
9129.65 1.7499e-17
9131.175 1.8562e-17
9132.7 1.909e-17
9134.225 2.1744e-17
9135.75 1.7316e-17
9137.275 1.5995e-17
9138.8 1.8602e-17
9140.325 2.3588e-17
9141.85 2.1248e-17
9143.375 1.7879e-17
9144.9 2.164e-17
9146.425 2.1091e-17
9147.95 1.924e-17
9149.475 1.9955e-17
9151.0 1.7682e-17
9152.525 1.736e-17
9154.05 2.5993e-17
9155.575 2.8935e-17
9157.1 3.0495e-17
9158.625 2.4328e-17
9160.15 1.8896e-17
9161.675 1.8409e-17
9163.2 1.9856e-17
9164.725 1.8563e-17
9166.25 2.1779e-17
9167.775 1.8467e-17
9169.3 1.601e-17
9170.825 1.5069e-17
9172.35 1.9456e-17
9173.875 2.1198e-17
9175.4 1.6957e-17
9176.925 2.0909e-17
9178.45 2.1443e-17
9179.975 1.7109e-17
9181.5 1.5751e-17
9183.025 1.8273e-17
9184.55 2.0535e-17
9186.075 2.1496e-17
9187.6 2.4088e-17
9189.125 1.9825e-17
9190.65 1.5569e-17
9192.175 1.7198e-17
9193.7 2.1798e-17
9195.225 1.7809e-17
9196.75 1.4119e-17
9198.275 1.897e-17
9199.8 1.9917e-17
9201.325 2.0291e-17
9202.85 2.1505e-17
9204.375 2.201e-17
9205.9 1.7317e-17
9207.425 1.1431e-17
9208.95 1.3961e-17
9210.475 1.9929e-17
9212.0 2.3213e-17
9213.525 2.3746e-17
9215.05 2.1283e-17
9216.575 1.6258e-17
9218.1 1.7685e-17
9219.625 2.2617e-17
9221.15 2.1603e-17
9222.675 2.0487e-17
9224.2 2.39e-17
9225.725 2.4928e-17
9227.25 2.1537e-17
9228.775 2.4697e-17
9230.3 2.6239e-17
9231.825 2.2018e-17
9233.35 2.2387e-17
9234.875 2.2505e-17
9236.4 1.9871e-17
9237.925 1.7739e-17
9239.45 1.892e-17
9240.975 2.0348e-17
9242.5 1.3758e-17
9244.025 1.1677e-17
9245.55 1.7296e-17
9247.075 2.4031e-17
9248.6 2.3724e-17
9250.125 2.25e-17
9251.65 2.2426e-17
9253.175 2.0714e-17
9254.7 2.4647e-17
9256.225 2.4444e-17
9257.75 1.957e-17
9259.275 2.0954e-17
9260.8 2.294e-17
9262.325 2.3766e-17
9263.85 2.668e-17
9265.375 2.4106e-17
9266.9 2.5524e-17
9268.425 2.4112e-17
9269.95 2.0845e-17
9271.475 1.7921e-17
9273.0 1.8627e-17
9274.525 1.9024e-17
9276.05 1.5805e-17
9277.575 2.0473e-17
9279.1 2.4214e-17
9280.625 2.0327e-17
9282.15 1.5547e-17
9283.675 1.6834e-17
9285.2 1.3778e-17
9286.725 1.8567e-17
9288.25 2.4741e-17
9289.775 2.9954e-17
9291.3 2.7684e-17
9292.825 1.3948e-17
9294.35 7.3611e-18
9295.875 1.4191e-17
9297.4 1.2132e-17
9298.925 1.0937e-17
9300.45 4.0364e-17
9301.975 6.5846e-17
9303.5 5.1509e-17
9305.025 1.9773e-17
9306.55 -1.0402e-17
9308.075 -1.7527e-17
9309.6 5.6273e-17
9311.125 8.1738e-17
9312.65 1.0252e-16
9314.175 9.7632e-17
9315.7 -9.1055e-18
9317.225 -5.6161e-17
9318.75 2.031e-17
9320.275 9.1745e-17
9321.8 9.1879e-17
9323.325 5.2821e-17
9324.85 2.483e-17
9326.375 1.0384e-17
9327.9 2.2609e-17
9329.425 1.8244e-17
9330.95 8.457e-18
9332.475 1.2106e-17
9334.0 2.6139e-17
9335.525 3.3958e-17
9337.05 3.7442e-17
9338.575 3.2211e-17
9340.1 1.5436e-17
9341.625 -2.5719e-17
9343.15 -2.0504e-17
9344.675 7.2346e-17
9346.2 8.1188e-17
9347.725 4.6032e-17
9349.25 2.4561e-17
9350.775 2.4799e-17
9352.3 3.4526e-17
9353.825 2.6958e-17
9355.35 2.5626e-17
9356.875 2.456e-17
9358.4 9.3193e-18
9359.925 -3.8239e-18
9361.45 7.6271e-18
9362.975 2.9757e-17
9364.5 3.4809e-17
9366.025 7.5064e-18
9367.55 -3.2126e-17
9369.075 -1.4664e-17
9370.6 1.3147e-16
9372.125 1.0694e-16
9373.65 6.3989e-17
9375.175 1.111e-16
9376.7 4.3689e-17
9378.225 -1.1929e-16
9379.75 -1.1191e-16
9381.275 -8.8197e-18
9382.8 1.9636e-17
9384.325 1.6456e-18
9385.85 1.0191e-17
9387.375 2.8661e-17
9388.9 2.504e-17
9390.425 2.0404e-17
9391.95 1.4943e-17
9393.475 2.2493e-18
9395.0 1.2832e-19
9396.525 1.1296e-17
9398.05 2.5556e-17
9399.575 1.977e-17
9401.1 2.7525e-17
9402.625 3.6532e-17
9404.15 1.4114e-17
9405.675 6.6056e-18
9407.2 1.2498e-17
9408.725 1.4295e-17
9410.25 1.4138e-17
9411.775 1.0755e-17
9413.3 5.0739e-18
9414.825 1.7498e-17
9416.35 2.8459e-17
9417.875 3.3292e-17
9419.4 3.5516e-17
9420.925 1.057e-17
9422.45 -6.4717e-18
9423.975 -1.6239e-18
9425.5 7.6284e-18
9427.025 2.2254e-17
9428.55 1.9937e-17
9430.075 1.1432e-17
9431.6 1.2416e-17
9433.125 1.0987e-17
9434.65 1.1027e-17
9436.175 1.9273e-17
9437.7 1.0577e-17
9439.225 3.5799e-17
9440.75 7.5159e-17
9442.275 1.4259e-17
9443.8 -9.2654e-18
9445.325 5.7132e-18
9446.85 2.1079e-17
9448.375 1.6019e-17
9449.9 8.2798e-18
9451.425 8.3662e-18
9452.95 2.1582e-17
9454.475 3.1849e-17
9456.0 1.2468e-17
9457.525 1.3622e-18
9459.05 7.8765e-18
9460.575 -1.0792e-17
9462.1 -7.6949e-18
9463.625 3.6391e-18
9465.15 5.9689e-18
9466.675 1.004e-17
9468.2 1.7731e-17
9469.725 1.3092e-17
9471.25 7.1696e-18
9472.775 1.7835e-17
9474.3 2.702e-17
9475.825 4.1227e-17
9477.35 4.6806e-17
9478.875 2.1418e-17
9480.4 5.7261e-18
9481.925 8.4799e-18
9483.45 7.352e-18
9484.975 2.0761e-17
9486.5 2.0658e-17
9488.025 1.7015e-17
9489.55 2.2716e-17
9491.075 1.8049e-17
9492.6 1.7808e-17
9494.125 1.4076e-17
9495.65 -4.9962e-18
9497.175 3.3551e-17
9498.7 1.1125e-16
9500.225 8.1022e-17
9501.75 2.5495e-17
9503.275 1.5121e-18
9504.8 7.5018e-19
9506.325 9.8884e-18
9507.85 1.3733e-17
9509.375 1.601e-17
9510.9 1.3579e-17
9512.425 1.6163e-17
9513.95 1.6438e-17
9515.475 9.2933e-18
9517.0 9.84e-18
9518.525 2.217e-17
9520.05 1.7839e-17
9521.575 8.1432e-19
9523.1 2.0859e-18
9524.625 4.6591e-18
9526.15 2.4699e-19
9527.675 4.7292e-18
9529.2 1.7659e-17
9530.725 2.5474e-17
9532.25 2.2066e-17
9533.775 1.614e-17
9535.3 1.6222e-17
9536.825 1.8983e-17
9538.35 1.3532e-17
9539.875 7.8628e-18
9541.4 1.4762e-17
9542.925 1.8344e-17
9544.45 1.4047e-17
9545.975 1.1841e-17
9547.5 2.8019e-17
9549.025 4.1434e-17
9550.55 3.1368e-17
9552.075 1.2349e-17
9553.6 -7.0501e-18
9555.125 -3.5518e-18
9556.65 2.0129e-17
9558.175 2.3885e-17
9559.7 1.914e-17
9561.225 1.8585e-17
9562.75 2.441e-17
9564.275 2.4673e-17
9565.8 6.4779e-17
9567.325 1.221e-16
9568.85 7.4089e-17
9570.375 1.7933e-17
9571.9 2.33e-17
9573.425 3.3869e-17
9574.95 2.8596e-17
9576.475 2.466e-17
9578.0 2.5056e-17
9579.525 3.0743e-17
9581.05 2.8507e-17
9582.575 1.7368e-17
9584.1 1.5392e-17
9585.625 1.3398e-17
9587.15 4.2602e-18
9588.675 1.1465e-17
9590.2 1.2464e-17
9591.725 2.6182e-18
9593.25 9.6137e-18
9594.775 -6.9814e-19
9596.3 1.0118e-17
9597.825 2.7478e-17
9599.35 2.5102e-17
9600.875 2.0268e-17
9602.4 2.4187e-17
9603.925 3.088e-17
9605.45 2.6329e-17
9606.975 2.2874e-17
9608.5 2.6884e-17
9610.025 1.5181e-17
9611.55 1.2088e-17
9613.075 1.582e-17
9614.6 1.1298e-17
9616.125 2.05e-17
9617.65 2.1971e-17
9619.175 1.327e-17
9620.7 1.5805e-17
9622.225 2.5439e-17
9623.75 1.9154e-17
9625.275 8.4093e-18
9626.8 1.9034e-17
9628.325 2.2927e-17
9629.85 1.5676e-17
9631.375 1.4611e-17
9632.9 1.6453e-17
9634.425 1.5135e-17
9635.95 1.9455e-17
9637.475 2.0513e-17
9639.0 2.4853e-17
9640.525 2.063e-17
9642.05 1.7064e-17
9643.575 1.52e-17
9645.1 1.4916e-17
9646.625 2.1326e-17
9648.15 2.2905e-17
9649.675 2.8177e-17
9651.2 2.6723e-17
9652.725 2.1905e-17
9654.25 2.539e-17
9655.775 2.0411e-17
9657.3 8.8356e-18
9658.825 1.3092e-17
9660.35 1.983e-17
9661.875 2.3203e-17
9663.4 3.9011e-17
9664.925 4.0078e-17
9666.45 1.6959e-17
9667.975 1.8765e-17
9669.5 3.6463e-17
9671.025 2.9691e-17
9672.55 2.7553e-17
9674.075 2.4828e-17
9675.6 1.6193e-17
9677.125 2.3945e-17
9678.65 3.0287e-17
9680.175 1.9277e-17
9681.7 1.4441e-17
9683.225 2.2186e-17
9684.75 1.9001e-17
9686.275 1.9327e-17
9687.8 2.8719e-17
9689.325 3.5045e-17
9690.85 2.3477e-17
9692.375 1.1017e-17
9693.9 2.3564e-17
9695.425 4.7544e-17
9696.95 4.9301e-17
9698.475 3.8184e-17
9700.0 3.1526e-17
9701.525 4.5867e-18
9703.05 -7.7281e-18
9704.575 9.1662e-18
9706.1 1.4623e-17
9707.625 1.4882e-18
9709.15 6.6725e-18
9710.675 2.23e-17
9712.2 2.0827e-17
9713.725 6.3914e-18
9715.25 1.2062e-17
9716.775 2.9621e-17
9718.3 2.2204e-17
9719.825 2.2786e-17
9721.35 2.2893e-17
9722.875 3.85e-18
9724.4 1.459e-17
9725.925 3.1551e-17
9727.45 2.6102e-17
9728.975 2.348e-17
9730.5 1.849e-17
9732.025 1.4448e-17
9733.55 2.6295e-17
9735.075 4.0892e-17
9736.6 2.378e-17
9738.125 1.9212e-17
9739.65 2.8693e-17
9741.175 2.019e-17
9742.7 1.5919e-17
9744.225 2.0578e-17
9745.75 2.607e-17
9747.275 2.5661e-17
9748.8 1.9599e-17
9750.325 1.7541e-17
9751.85 1.6921e-17
9753.375 1.1323e-17
9754.9 1.7171e-17
9756.425 2.5526e-17
9757.95 2.6335e-17
9759.475 1.5202e-17
9761.0 1.4543e-17
9762.525 1.8805e-17
9764.05 1.7318e-17
9765.575 1.9277e-17
9767.1 1.7083e-17
9768.625 1.4977e-17
9770.15 1.5756e-17
9771.675 1.3081e-17
9773.2 1.5473e-17
9774.725 1.6772e-17
9776.25 1.0416e-17
9777.775 1.1055e-17
9779.3 1.9822e-17
9780.825 2.1339e-17
9782.35 1.9021e-17
9783.875 1.8521e-17
9785.4 2.0257e-17
9786.925 2.0429e-17
9788.45 2.523e-17
9789.975 2.348e-17
9791.5 1.0898e-17
9793.025 7.5202e-18
9794.55 1.255e-17
9796.075 1.9993e-17
9797.6 1.9509e-17
9799.125 2.3064e-17
9800.65 3.5429e-17
9802.175 2.6795e-17
9803.7 1.441e-17
9805.225 1.7917e-17
9806.75 2.2133e-17
9808.275 2.2517e-17
9809.8 2.0861e-17
9811.325 2.0473e-17
9812.85 1.8061e-17
9814.375 1.7747e-17
9815.9 2.2426e-17
9817.425 2.2323e-17
9818.95 1.1988e-17
9820.475 1.9251e-17
9822.0 2.7553e-17
9823.525 2.2179e-17
9825.05 1.6413e-17
9826.575 1.3501e-17
9828.1 1.6826e-17
9829.625 1.5884e-17
9831.15 1.1608e-17
9832.675 1.3472e-17
9834.2 1.8201e-17
9835.725 2.0005e-17
9837.25 1.4848e-17
9838.775 1.3933e-17
9840.3 1.9169e-17
9841.825 1.9646e-17
9843.35 2.1963e-17
9844.875 3.6401e-17
9846.4 4.3408e-17
9847.925 3.5741e-17
9849.45 1.578e-17
9850.975 1.4188e-17
9852.5 1.0309e-17
9854.025 1.1863e-17
9855.55 1.7475e-17
9857.075 1.7595e-17
9858.6 1.3608e-17
9860.125 1.8691e-17
9861.65 1.9369e-17
9863.175 1.406e-17
9864.7 3.0624e-18
9866.225 -6.2655e-18
9867.75 2.7214e-17
9869.275 4.1942e-17
9870.8 3.7694e-17
9872.325 1.4932e-17
9873.85 -5.724e-18
9875.375 -8.2485e-18
9876.9 8.4559e-18
9878.425 2.294e-17
9879.95 2.4941e-17
9881.475 1.602e-17
9883.0 1.6329e-17
9884.525 2.3981e-17
9886.05 2.7793e-17
9887.575 2.2249e-17
9889.1 1.5278e-17
9890.625 3.2207e-17
9892.15 3.8929e-17
9893.675 2.7777e-17
9895.2 1.9474e-17
9896.725 3.3647e-18
9898.25 4.6048e-18
9899.775 1.0292e-17
9901.3 6.208e-18
9902.825 1.0681e-17
9904.35 1.7833e-17
9905.875 1.6754e-17
9907.4 1.0343e-17
9908.925 1.3883e-17
9910.45 5.1856e-17
9911.975 5.8176e-17
9913.5 4.6696e-17
9915.025 6.2195e-17
9916.55 2.3813e-17
9918.075 -1.0572e-17
9919.6 9.0327e-18
9921.125 1.7269e-17
9922.65 1.9745e-17
9924.175 2.2997e-17
9925.7 2.201e-17
9927.225 2.1781e-17
9928.75 2.0258e-17
9930.275 2.0645e-17
9931.8 2.9976e-17
9933.325 2.9364e-17
9934.85 1.3296e-17
9936.375 1.1784e-17
9937.9 3.5049e-17
9939.425 3.0983e-17
9940.95 3.5159e-17
9942.475 6.9703e-17
9944.0 5.5915e-17
9945.525 3.0604e-17
9947.05 2.6613e-17
9948.575 2.7446e-17
9950.1 -1.2115e-17
9951.625 -8.2794e-18
9953.15 2.5297e-17
9954.675 1.1822e-17
9956.2 -5.8012e-19
9957.725 1.5919e-17
9959.25 -2.7913e-19
9960.775 1.2695e-17
9962.3 2.5382e-17
9963.825 1.8341e-17
9965.35 8.6685e-19
9966.875 -2.8695e-18
9968.4 2.5595e-17
9969.925 5.1642e-17
9971.45 3.4433e-17
9972.975 7.5785e-18
9974.5 -9.6351e-18
9976.025 1.262e-18
9977.55 1.7371e-17
9979.075 3.4282e-17
9980.6 3.6e-17
9982.125 2.5369e-17
9983.65 1.8516e-17
9985.175 1.957e-17
9986.7 2.2293e-17
9988.225 2.021e-17
9989.75 3.5561e-17
9991.275 3.6419e-17
9992.8 2.6723e-17
9994.325 2.8639e-17
9995.85 3.3273e-17
9997.375 2.4695e-17
9998.9 2.8699e-17
10000.425 3.6052e-17
