3902.0 5.31981477743e-16
3904.0 4.91156766086e-16
3906.0 4.45386705507e-16
3908.0 5.36878598727e-16
3910.0 4.99156939333e-16
3912.0 4.42623022288e-16
3914.0 4.07761978446e-16
3916.0 4.58914033432e-16
3918.0 5.46430112817e-16
3920.0 5.32854292255e-16
3922.0 4.29386438421e-16
3924.0 5.35763373973e-16
3926.0 4.5188365997e-16
3928.0 4.67495959496e-16
3930.0 6.2953405052e-16
3932.0 5.64224263336e-16
3934.0 4.99011408485e-16
3936.0 5.34357246341e-16
3938.0 4.99787290665e-16
3940.0 4.62259495937e-16
3942.0 6.60952567176e-16
3944.0 4.92902289232e-16
3946.0 6.86455882185e-16
3948.0 5.02502401838e-16
3950.0 5.42260381376e-16
3952.0 5.73387995155e-16
3954.0 4.68271735796e-16
3956.0 5.37557336816e-16
3958.0 5.63739389913e-16
3960.0 5.39545217264e-16
3962.0 4.63035272237e-16
3964.0 5.29169381297e-16
3966.0 6.09364131403e-16
3968.0 5.01338737387e-16
3970.0 4.79520333336e-16
3972.0 3.95349769395e-16
3974.0 5.22429910713e-16
3976.0 5.65484913059e-16
3978.0 5.71060666253e-16
3980.0 4.87665825673e-16
3982.0 4.95375043103e-16
3984.0 5.27229940546e-16
3986.0 5.44296754461e-16
3988.0 5.58357501385e-16
3990.0 5.47690762541e-16
3992.0 4.41507797534e-16
3994.0 5.42454298982e-16
3996.0 5.37557283876e-16
3998.0 5.48854426992e-16
4000.0 5.59812121653e-16
4002.0 5.48321113872e-16
4004.0 5.36858164057e-16
4006.0 6.05194452901e-16
4008.0 6.57752582581e-16
4010.0 5.61363621315e-16
4012.0 5.92782190911e-16
4014.0 5.33436045071e-16
4016.0 4.96538707554e-16
4018.0 5.5515751679e-16
4020.0 5.19375298147e-16
4022.0 4.6521717617e-16
4024.0 4.94065953683e-16
4026.0 4.25701580403e-16
4028.0 5.43424045827e-16
4030.0 4.61580810788e-16
4032.0 5.4992105323e-16
4034.0 4.82526400326e-16
4036.0 4.32295573079e-16
4038.0 4.73168750902e-16
4040.0 4.50089750067e-16
4042.0 5.25290552734e-16
4044.0 5.48951465204e-16
4046.0 5.66551592238e-16
4048.0 6.09945990098e-16
4050.0 5.46721068635e-16
4052.0 4.93484147927e-16
4054.0 4.80005206759e-16
4056.0 5.23545082528e-16
4058.0 4.93096206838e-16
4060.0 4.82235497448e-16
4062.0 5.20199567084e-16
4064.0 5.40224008292e-16
4066.0 4.635201986e-16
4068.0 4.89847729606e-16
4070.0 6.23037096056e-16
4072.0 5.16757066368e-16
4074.0 5.22284432804e-16
4076.0 5.3004214287e-16
4078.0 4.99981155331e-16
4080.0 5.15920727211e-16
4082.0 5.40660389079e-16
4084.0 5.48321113872e-16
4086.0 5.49145382809e-16
4088.0 4.70938407273e-16
4090.0 5.04344804377e-16
4092.0 4.94356856561e-16
4094.0 5.95885243174e-16
4096.0 4.86696184707e-16
4098.0 5.29654201781e-16
4100.0 4.92029527659e-16
4102.0 5.55254449122e-16
4104.0 5.2587230555e-16
4106.0 5.15060088797e-16
4108.0 5.38720948327e-16
4110.0 5.34648202159e-16
4112.0 4.7292634066e-16
4114.0 4.635201986e-16
4116.0 4.78647624702e-16
4118.0 5.0182361081e-16
4120.0 5.38381552813e-16
4122.0 5.31399671987e-16
4124.0 5.57775748569e-16
4126.0 5.55012038881e-16
4128.0 5.89776070981e-16
4130.0 5.68054599263e-16
4132.0 5.04878170436e-16
4134.0 4.53144309694e-16
4136.0 4.77774916069e-16
4138.0 5.68927360836e-16
4140.0 6.10333878248e-16
4142.0 5.53896867066e-16
4144.0 5.45654336517e-16
4146.0 5.71836442554e-16
4148.0 5.54866560972e-16
4150.0 5.56612031179e-16
4152.0 5.67230330326e-16
4154.0 4.7593240765e-16
4156.0 5.98503422014e-16
4158.0 5.14429790405e-16
4160.0 6.41558477299e-16
4162.0 4.91932595326e-16
4164.0 6.2730381277e-16
4166.0 4.53144256754e-16
4168.0 5.24757133736e-16
4170.0 5.5215139686e-16
4172.0 5.37605829452e-16
4174.0 5.83424488547e-16
4176.0 5.94818511056e-16
4178.0 5.18114701363e-16
4180.0 5.46818053907e-16
4182.0 5.5292717316e-16
4184.0 5.09387297391e-16
4186.0 4.84077952927e-16
4188.0 5.96951869413e-16
4190.0 5.78188077928e-16
4192.0 5.30429978081e-16
4194.0 5.52005918951e-16
4196.0 5.1331467153e-16
4198.0 5.1724193979e-16
4200.0 5.12199499716e-16
4202.0 4.74865728472e-16
4204.0 5.33339059799e-16
4206.0 5.58163636719e-16
4208.0 5.58502979294e-16
4210.0 5.47593777268e-16
4212.0 4.89750744333e-16
4214.0 4.51738235001e-16
4216.0 4.77096019162e-16
4218.0 5.08029768275e-16
4220.0 4.98235685124e-16
4222.0 5.37702761785e-16
4224.0 5.76878935568e-16
4226.0 5.98115586803e-16
4228.0 4.85047646833e-16
4230.0 4.6051402573e-16
4232.0 4.42138095926e-16
4234.0 4.64392854294e-16
4236.0 4.82090072479e-16
4238.0 4.74574825594e-16
4240.0 4.81265803542e-16
4242.0 5.33726947949e-16
4244.0 5.5855152487e-16
4246.0 4.92999221565e-16
4248.0 4.31131988037e-16
4250.0 4.76378688135e-16
4252.0 4.95132579922e-16
4254.0 4.35883498764e-16
4256.0 4.36368372187e-16
4258.0 4.55568570928e-16
4260.0 4.87956781491e-16
4262.0 4.06016508239e-16
4264.0 5.30042089931e-16
4266.0 5.2548447034e-16
4268.0 4.92514401082e-16
4270.0 4.40828980036e-16
4272.0 4.35786513492e-16
4274.0 4.28077322532e-16
4276.0 4.23471236774e-16
4278.0 4.52901846512e-16
4280.0 4.76368841377e-16
4282.0 4.55568570928e-16
4284.0 5.54575711034e-16
4286.0 5.31690574865e-16
4288.0 4.79714303881e-16
4290.0 4.64877727716e-16
4292.0 4.80974900665e-16
4294.0 4.13386277215e-16
4296.0 4.46841166956e-16
4298.0 4.46356346473e-16
4300.0 4.28950110574e-16
4302.0 4.77386974979e-16
4304.0 4.5149577182e-16
4306.0 4.74574878534e-16
4308.0 4.58962526069e-16
4310.0 4.37435024896e-16
4312.0 3.89725417685e-16
4314.0 4.69726250185e-16
4316.0 4.18380277593e-16
4318.0 4.23228800062e-16
4320.0 4.66332295045e-16
4322.0 4.71811168846e-16
4324.0 4.78841489368e-16
4326.0 5.1161764102e-16
4328.0 4.93096259777e-16
4330.0 4.68368668129e-16
4332.0 4.5450189175e-16
4334.0 4.35592569417e-16
4336.0 4.45580570172e-16
4338.0 4.70550519122e-16
4340.0 4.44610823327e-16
4342.0 4.21386371053e-16
4344.0 4.19689393483e-16
4346.0 4.6953233258e-16
4348.0 4.22501542868e-16
4350.0 4.59738302369e-16
4352.0 4.41895685684e-16
4354.0 4.00392235939e-16
4356.0 4.265257964e-16
4358.0 4.59495839188e-16
4360.0 4.59301974522e-16
4362.0 4.51156429245e-16
4364.0 4.32780499441e-16
4366.0 3.81482913606e-16
4368.0 4.41022977051e-16
4370.0 4.69629264913e-16
4372.0 4.49168495858e-16
4374.0 4.40441091886e-16
4376.0 3.90889082136e-16
4378.0 4.4679267432e-16
4380.0 4.58671570251e-16
4382.0 4.37338039623e-16
4384.0 4.07664993173e-16
4386.0 5.00562961086e-16
4388.0 3.88658738507e-16
4390.0 4.63326280994e-16
4392.0 4.61483772576e-16
4394.0 4.24150027802e-16
4396.0 4.53241242026e-16
4398.0 4.02234638478e-16
4400.0 3.77604058573e-16
4402.0 4.72053579087e-16
4404.0 5.06575148006e-16
4406.0 4.77193004434e-16
4408.0 4.05919522967e-16
4410.0 4.59738302369e-16
4412.0 4.85338602651e-16
4414.0 4.44416905722e-16
4416.0 4.37144095548e-16
4418.0 4.48926032677e-16
4420.0 4.65556571684e-16
4422.0 4.43544250028e-16
4424.0 4.52950339149e-16
4426.0 4.77629385221e-16
4428.0 4.80586959575e-16
4430.0 3.91858776042e-16
4432.0 4.80490027242e-16
4434.0 4.09022575229e-16
4436.0 4.48780607708e-16
4438.0 4.47810860862e-16
4440.0 4.21192453448e-16
4442.0 4.2521670698e-16
4444.0 4.35883498764e-16
4446.0 4.04998321697e-16
4448.0 4.2783491229e-16
4450.0 4.44029017571e-16
4452.0 3.67325154939e-16
4454.0 4.58477652646e-16
4456.0 3.91567873164e-16
4458.0 4.21919684173e-16
4460.0 3.96901242587e-16
4462.0 4.49701808977e-16
4464.0 4.95423535739e-16
4466.0 4.8078093012e-16
4468.0 4.75059646077e-16
4470.0 5.56709016451e-16
4472.0 5.48563524114e-16
4474.0 4.92417468749e-16
4476.0 4.30744046947e-16
4478.0 4.65071698261e-16
4480.0 4.13483288958e-16
4482.0 4.12610527385e-16
4484.0 3.96998227859e-16
4486.0 4.06889243342e-16
4488.0 4.23325785335e-16
4490.0 4.42089682699e-16
4492.0 4.19107534788e-16
4494.0 4.40538077158e-16
4496.0 4.60707996275e-16
4498.0 4.54598877022e-16
4500.0 4.59738302369e-16
4502.0 4.25119748178e-16
4504.0 4.91835610054e-16
4506.0 4.72344481965e-16
4508.0 4.50574517611e-16
4510.0 4.56974645621e-16
4512.0 4.41119909384e-16
4514.0 4.1018626615e-16
4516.0 4.58283735041e-16
4518.0 4.34428931436e-16
4520.0 4.55956512018e-16
4522.0 5.04913057606e-16
4524.0 4.29725860405e-16
4526.0 4.56053391411e-16
4528.0 4.69871728094e-16
4530.0 4.60417040458e-16
4532.0 4.14162053516e-16
4534.0 4.34719913723e-16
4536.0 4.41216868186e-16
4538.0 4.25507609858e-16
4540.0 4.31810699656e-16
4542.0 4.42768394318e-16
4544.0 4.5619886932e-16
4546.0 4.31568289414e-16
4548.0 4.12174173068e-16
4550.0 4.01410396011e-16
4552.0 4.23665154379e-16
4554.0 4.83883982382e-16
4556.0 4.35301640069e-16
4558.0 4.49459398736e-16
4560.0 4.05143799606e-16
4562.0 4.81362788815e-16
4564.0 4.64926273292e-16
4566.0 4.46598756715e-16
4568.0 4.2783491229e-16
4570.0 4.52174615788e-16
4572.0 4.61726182817e-16
4574.0 4.51980645243e-16
4576.0 3.61603897367e-16
4578.0 3.76440420592e-16
4580.0 4.38986551027e-16
4582.0 4.00489168272e-16
4584.0 4.10380183755e-16
4586.0 4.2221061352e-16
4588.0 4.56441332501e-16
4590.0 3.9985886988e-16
4592.0 4.05046814333e-16
4594.0 4.03398329399e-16
4596.0 4.04367996835e-16
4598.0 4.36174401642e-16
4600.0 4.73702064021e-16
4602.0 4.45968458323e-16
4604.0 4.21531822492e-16
4606.0 4.88780997488e-16
4608.0 4.81023393301e-16
4610.0 4.60417040458e-16
4612.0 4.39616849419e-16
4614.0 4.23644560891e-16
4616.0 4.31616755581e-16
4618.0 3.99034600943e-16
4620.0 4.02622526629e-16
4622.0 4.19786352286e-16
4624.0 5.10454029509e-16
4626.0 3.964648618e-16
4628.0 4.02040694403e-16
4630.0 4.12658993551e-16
4632.0 4.05822590634e-16
4634.0 4.14307504955e-16
4636.0 4.77193004434e-16
4638.0 3.83034439737e-16
4640.0 4.39762327327e-16
4642.0 3.90501193986e-16
4644.0 4.56829220651e-16
4646.0 4.1057412783e-16
4648.0 4.26768233112e-16
4650.0 4.09022575229e-16
4652.0 3.99664925805e-16
4654.0 4.28562195954e-16
4656.0 4.01458888648e-16
4658.0 4.70017206003e-16
4660.0 4.10768071906e-16
4662.0 4.47423025651e-16
4664.0 4.45968405383e-16
4666.0 4.08246825399e-16
4668.0 4.20853004994e-16
4670.0 4.55229175414e-16
4672.0 4.77823302826e-16
4674.0 4.20077255164e-16
4676.0 3.72464633226e-16
4678.0 4.51980645243e-16
4680.0 3.69458539766e-16
4682.0 3.59567524282e-16
4684.0 4.6691415374e-16
4686.0 3.97192171934e-16
4688.0 4.26865244854e-16
4690.0 4.18719699577e-16
4692.0 4.16052975161e-16
4694.0 4.22501542868e-16
4696.0 3.92731511145e-16
4698.0 4.11737765812e-16
4700.0 3.73240383057e-16
4702.0 4.08925642896e-16
4704.0 4.21046949069e-16
4706.0 4.48683622435e-16
4708.0 4.3215009517e-16
4710.0 4.13240825776e-16
4712.0 4.31713740853e-16
4714.0 4.30113722086e-16
4716.0 4.03155866218e-16
4718.0 4.38501677604e-16
4720.0 3.74210103432e-16
4722.0 4.3908350983e-16
4724.0 3.88173891554e-16
4726.0 4.20465143314e-16
4728.0 3.66113050792e-16
4730.0 4.24489423316e-16
4732.0 4.32392558351e-16
4734.0 3.88901201688e-16
4736.0 3.77022252817e-16
4738.0 3.8351928669e-16
4740.0 3.64803934902e-16
4742.0 3.8953147361e-16
4744.0 4.15616594375e-16
4746.0 4.19883311088e-16
4748.0 3.74597965113e-16
4750.0 3.68391834118e-16
4752.0 3.85022346655e-16
4754.0 3.90743657167e-16
4756.0 4.03204358854e-16
4758.0 4.22404557595e-16
4760.0 3.65676670005e-16
4762.0 3.89046626657e-16
4764.0 3.73337368329e-16
4766.0 3.50743187978e-16
4768.0 3.69555525038e-16
4770.0 3.81046532819e-16
4772.0 3.82258663437e-16
4774.0 3.9253756707e-16
4776.0 4.06501355192e-16
4778.0 3.89208780527e-16
4780.0 3.38524870062e-16
4782.0 3.14379163579e-16
4784.0 4.12513542112e-16
4786.0 3.77991973193e-16
4788.0 3.32706653687e-16
4790.0 3.84246596824e-16
4792.0 3.76925320484e-16
4794.0 3.63009972059e-16
4796.0 3.35615735405e-16
4798.0 3.60003878599e-16
4800.0 3.61894800245e-16
4802.0 3.96901242587e-16
4804.0 3.49482564724e-16
4806.0 3.6848881939e-16
4808.0 3.2940960441e-16
4810.0 3.84585965869e-16
4812.0 3.75373794353e-16
4814.0 3.77216170423e-16
4816.0 3.75761656033e-16
4818.0 3.41918825203e-16
4820.0 3.92440608268e-16
4822.0 3.46379485992e-16
4824.0 3.74791935658e-16
4826.0 3.9515577238e-16
4828.0 3.81191984258e-16
4830.0 3.60634229931e-16
4832.0 3.57337180653e-16
4834.0 3.59761468358e-16
4836.0 3.66161543428e-16
4838.0 3.45264340647e-16
4840.0 3.38040049579e-16
4842.0 3.66355461033e-16
4844.0 3.64028185071e-16
4846.0 3.69943386719e-16
4848.0 3.6848881939e-16
4850.0 3.83034439737e-16
4852.0 3.99907362516e-16
4854.0 3.69070625146e-16
4856.0 3.06039674227e-16
4858.0 3.24706559849e-16
4860.0 3.3881577294e-16
4862.0 3.43373419001e-16
4864.0 3.38330925987e-16
4866.0 3.93701205051e-16
4868.0 3.45991624311e-16
4870.0 3.79543499324e-16
4872.0 3.51712908353e-16
4874.0 3.51422005475e-16
4876.0 3.8012533155e-16
4878.0 3.88561779704e-16
4880.0 3.36682414583e-16
4882.0 3.5947053901e-16
4884.0 3.45312833283e-16
4886.0 3.39397605166e-16
4888.0 3.48803773696e-16
4890.0 3.42015810475e-16
4892.0 3.38864265576e-16
4894.0 3.55494725174e-16
4896.0 3.7750709977e-16
4898.0 3.88804189946e-16
4900.0 3.68682763465e-16
4902.0 3.67325181409e-16
4904.0 3.60246315311e-16
4906.0 3.83034439737e-16
4908.0 3.33288459443e-16
4910.0 3.49288620649e-16
4912.0 3.46040090477e-16
4914.0 3.46718881506e-16
4916.0 3.62767561818e-16
4918.0 3.59809960994e-16
4920.0 3.82840495662e-16
4922.0 3.57337180653e-16
4924.0 3.78573778949e-16
4926.0 3.34355138621e-16
4928.0 3.90210264638e-16
4930.0 3.79640484597e-16
4932.0 3.79058652371e-16
4934.0 3.69458539766e-16
4936.0 3.74355554871e-16
4938.0 3.74161610796e-16
4940.0 3.73385860965e-16
4942.0 4.19398464135e-16
4944.0 3.94670951897e-16
4946.0 4.02719485431e-16
4948.0 3.61312994489e-16
4950.0 4.14356024061e-16
4952.0 3.83664738129e-16
4954.0 3.53215941848e-16
4956.0 3.42549150064e-16
4958.0 3.95834563408e-16
4960.0 4.11301437965e-16
4962.0 3.86913268301e-16
4964.0 3.61603897367e-16
4966.0 3.83422327888e-16
4968.0 3.46573430067e-16
4970.0 3.70137330794e-16
4972.0 3.70767682125e-16
4974.0 3.61700909109e-16
4976.0 3.314944966e-16
4978.0 3.35082422286e-16
4980.0 3.42306713353e-16
4982.0 3.75179823808e-16
4984.0 3.55203848766e-16
4986.0 3.60052371235e-16
4988.0 4.07471049098e-16
4990.0 3.37555149687e-16
4992.0 3.78719230387e-16
4994.0 3.83179917646e-16
4996.0 3.92295130359e-16
4998.0 4.09507448652e-16
5000.0 3.85410234805e-16
5002.0 4.09119560502e-16
5004.0 4.32489517154e-16
5006.0 4.99981155331e-16
5008.0 5.17532842668e-16
5010.0 4.57604944012e-16
5012.0 3.93895149127e-16
5014.0 4.04319557139e-16
5016.0 4.11640807009e-16
5018.0 4.01701325359e-16
5020.0 3.91131492378e-16
5022.0 3.58209915756e-16
5024.0 3.67713069559e-16
5026.0 3.90598179258e-16
5028.0 4.01264944573e-16
5030.0 3.71979759803e-16
5032.0 3.95058813577e-16
5034.0 3.94428515185e-16
5036.0 3.74646484219e-16
5038.0 3.33773306396e-16
5040.0 3.36003623555e-16
5042.0 3.80319275625e-16
5044.0 4.00198238924e-16
5046.0 3.83713230765e-16
5048.0 3.86040533197e-16
5050.0 3.61022065141e-16
5052.0 3.6887670754e-16
5054.0 3.76343435319e-16
5056.0 3.8783449604e-16
5058.0 3.83713230765e-16
5060.0 3.76343435319e-16
5062.0 3.43470377804e-16
5064.0 3.86913268301e-16
5066.0 3.74210103432e-16
5068.0 3.77991999663e-16
5070.0 3.33870291668e-16
5072.0 3.69119117782e-16
5074.0 3.92731511145e-16
5076.0 3.76343435319e-16
5078.0 3.41288526811e-16
5080.0 3.73628271207e-16
5082.0 3.62573644212e-16
5084.0 3.79446540522e-16
5086.0 3.78088958465e-16
5088.0 4.2221061352e-16
5090.0 3.49579523527e-16
5092.0 3.69943413189e-16
5094.0 3.31300578995e-16
5096.0 3.4351887044e-16
5098.0 3.7149491285e-16
5100.0 3.60731162264e-16
5102.0 4.25798539206e-16
5104.0 2.99639599157e-16
5106.0 3.68585804663e-16
5108.0 3.36585455781e-16
5110.0 3.63640270451e-16
5112.0 3.53603856468e-16
5114.0 3.67082744698e-16
5116.0 3.64949386341e-16
5118.0 3.71010065897e-16
5120.0 3.64464565858e-16
5122.0 3.90889082136e-16
5124.0 3.57628110001e-16
5126.0 3.59179609662e-16
5128.0 3.64803934902e-16
5130.0 3.48609856091e-16
5132.0 3.52343206745e-16
5134.0 3.65288808325e-16
5136.0 3.83616245493e-16
5138.0 3.75616178125e-16
5140.0 3.67131237334e-16
5142.0 3.49482591194e-16
5144.0 3.09233861941e-16
5146.0 3.61495927136e-16
5148.0 3.57464579702e-16
5150.0 3.8640295742e-16
5152.0 3.52521110134e-16
5154.0 3.39875331748e-16
5156.0 3.49448868695e-16
5158.0 3.49389549918e-16
5160.0 3.35771139481e-16
5162.0 3.70690946234e-16
5164.0 3.62541351081e-16
5166.0 3.32323450688e-16
5168.0 3.31238057375e-16
5170.0 3.94319803801e-16
5172.0 3.71164305303e-16
5174.0 3.69035843855e-16
5176.0 3.6558005531e-16
5178.0 3.69021682523e-16
5180.0 3.62663482644e-16
5182.0 3.20908675872e-16
5184.0 3.24531409318e-16
5186.0 3.24189578584e-16
5188.0 3.82929751759e-16
5190.0 3.49036919515e-16
5192.0 3.47559270538e-16
5194.0 3.44927115655e-16
5196.0 3.39508222375e-16
5198.0 3.5887361901e-16
5200.0 3.67722916317e-16
5202.0 3.60030374849e-16
5204.0 4.0917983219e-16
5206.0 3.48351299283e-16
5208.0 3.66279413357e-16
5210.0 4.50988134387e-16
5212.0 3.50655440658e-16
5214.0 3.2580659095e-16
5216.0 3.08503534252e-16
5218.0 3.32107616105e-16
5220.0 3.72802917009e-16
5222.0 3.56461189767e-16
5224.0 3.42903103957e-16
5226.0 3.80439104317e-16
5228.0 3.88975528829e-16
5230.0 3.99729273839e-16
5232.0 3.61355002029e-16
5234.0 3.69352740057e-16
5236.0 3.80491488011e-16
5238.0 3.52674687795e-16
5240.0 3.17586295016e-16
5242.0 4.00335961188e-16
5244.0 3.64281315574e-16
5246.0 3.07068528091e-16
5248.0 3.81610312655e-16
5250.0 3.67626698668e-16
5252.0 3.45497195298e-16
5254.0 3.4171135507e-16
5256.0 3.4180024059e-16
5258.0 3.25148340471e-16
5260.0 3.50585957487e-16
5262.0 3.7747464782e-16
5264.0 3.56701191259e-16
5266.0 3.27310550887e-16
5268.0 3.61400133003e-16
5270.0 3.9359813173e-16
5272.0 3.15506008567e-16
5274.0 3.28103850182e-16
5276.0 3.31174212267e-16
5278.0 2.99246337642e-16
5280.0 3.57028516553e-16
5282.0 2.92815504687e-16
5284.0 3.35838928587e-16
5286.0 3.66878212711e-16
5288.0 2.58416517317e-16
5290.0 3.98147360401e-16
5292.0 3.13204223002e-16
5294.0 3.20971171022e-16
5296.0 3.58021371516e-16
5298.0 3.48187874864e-16
5300.0 2.91031891528e-16
5302.0 3.55549782316e-16
5304.0 3.95139943452e-16
5306.0 3.53200642316e-16
5308.0 3.64022838176e-16
5310.0 3.73025766084e-16
5312.0 3.69279815814e-16
5314.0 3.69868636061e-16
5316.0 3.1949897482e-16
5318.0 2.84733539821e-16
5320.0 3.05138987037e-16
5322.0 3.22754493013e-16
5324.0 3.29582213843e-16
5326.0 3.34046818628e-16
5328.0 3.25444934351e-16
5330.0 3.52055903757e-16
5332.0 3.51734269465e-16
5334.0 3.35403553652e-16
5336.0 3.1289709415e-16
5338.0 3.23574553255e-16
5340.0 3.51962968361e-16
5342.0 3.09767439759e-16
5344.0 3.31042869221e-16
5346.0 3.15290068105e-16
5348.0 3.10696317264e-16
5350.0 3.17314635667e-16
5352.0 3.12777741914e-16
5354.0 3.07437358e-16
5356.0 3.2762255018e-16
5358.0 3.42357323572e-16
5360.0 3.04281842634e-16
5362.0 3.20977285541e-16
5364.0 3.29847785141e-16
5366.0 3.26770858551e-16
5368.0 3.60871160928e-16
5370.0 3.30139905629e-16
5372.0 3.26137304376e-16
5374.0 3.38655154317e-16
5376.0 3.08010772835e-16
5378.0 3.28221111306e-16
5380.0 3.45494654199e-16
5382.0 3.36528095768e-16
5384.0 3.46608264297e-16
5386.0 3.69021100188e-16
5388.0 3.27876580654e-16
5390.0 3.46633569406e-16
5392.0 3.49153413015e-16
5394.0 3.47593998889e-16
5396.0 3.52343153806e-16
5398.0 3.53895182863e-16
5400.0 3.35870268806e-16
5402.0 3.40387627862e-16
5404.0 3.20243781478e-16
5406.0 3.49351671664e-16
5408.0 3.36978664357e-16
5410.0 3.2017392773e-16
5412.0 3.30284615914e-16
5414.0 3.50288648922e-16
5416.0 3.29431653736e-16
5418.0 3.48236049863e-16
5420.0 3.25799999975e-16
5422.0 3.44228234064e-16
5424.0 3.39637368429e-16
5426.0 3.10889176078e-16
5428.0 3.54584297105e-16
5430.0 3.52261097489e-16
5432.0 3.42509074818e-16
5434.0 3.31345418801e-16
5436.0 3.27897412371e-16
5438.0 3.31883178844e-16
5440.0 3.2570447054e-16
5442.0 3.12389483186e-16
5444.0 3.25415208789e-16
5446.0 3.16399628326e-16
5448.0 3.13574005823e-16
5450.0 3.3172867474e-16
5452.0 3.41756327226e-16
5454.0 3.28041487381e-16
5456.0 3.20431240457e-16
5458.0 3.25558674994e-16
5460.0 3.13630015877e-16
5462.0 3.17676159917e-16
5464.0 3.36226843207e-16
5466.0 3.11690469247e-16
5468.0 3.25340484601e-16
5470.0 3.31992128457e-16
5472.0 3.22149764428e-16
5474.0 3.37332856477e-16
5476.0 3.36142457549e-16
5478.0 3.36699037605e-16
5480.0 3.50236132879e-16
5482.0 3.36315993424e-16
5484.0 3.37808465477e-16
5486.0 3.32544420408e-16
5488.0 3.15478241768e-16
5490.0 3.21314775231e-16
5492.0 3.20592123778e-16
5494.0 3.23726304501e-16
5496.0 3.04108386168e-16
5498.0 3.00055359985e-16
5500.0 2.94388074293e-16
5502.0 2.90064368144e-16
5504.0 2.94455942808e-16
5506.0 3.01070423093e-16
5508.0 2.99939739988e-16
5510.0 3.29877722462e-16
5512.0 3.25263351663e-16
5514.0 3.0558653807e-16
5516.0 2.84327122825e-16
5518.0 2.78605441736e-16
5520.0 2.92193226639e-16
5522.0 2.81649281102e-16
5524.0 2.76919872641e-16
5526.0 2.97986349663e-16
5528.0 2.88899380205e-16
5530.0 2.76064978169e-16
5532.0 2.71049590209e-16
5534.0 2.82565664872e-16
5536.0 2.92610258016e-16
5538.0 2.877097489e-16
5540.0 2.82297049548e-16
5542.0 2.95774587819e-16
5544.0 3.19730850089e-16
5546.0 3.11487419567e-16
5548.0 3.05128425595e-16
5550.0 3.20324381957e-16
5552.0 3.24629744549e-16
5554.0 2.90050392101e-16
5556.0 3.10234763717e-16
5558.0 3.09309300813e-16
5560.0 3.18414110903e-16
5562.0 2.96631096947e-16
5564.0 2.73889506393e-16
5566.0 2.64608381101e-16
5568.0 2.48956959242e-16
5570.0 2.13059107367e-16
5572.0 1.98621999881e-16
5574.0 3.40373069483e-16
5576.0 3.79325864796e-16
5578.0 3.92250211143e-16
5580.0 3.89556990478e-16
5582.0 2.98141383162e-16
5584.0 1.70120717635e-16
5586.0 1.67914607089e-16
5588.0 2.76251113659e-16
5590.0 3.02889426348e-16
5592.0 3.03024025177e-16
5594.0 3.02542831054e-16
5596.0 2.98686528273e-16
5598.0 2.98859561222e-16
5600.0 3.12618605599e-16
5602.0 3.05736595251e-16
5604.0 2.99570142455e-16
5606.0 3.12844710456e-16
5608.0 3.31644474371e-16
5610.0 3.33160980984e-16
5612.0 3.09984015495e-16
5614.0 3.09274545993e-16
5616.0 3.06835223453e-16
5618.0 3.02796808589e-16
5620.0 2.95809924975e-16
5622.0 3.06116701286e-16
5624.0 3.15444572208e-16
5626.0 2.98314072004e-16
5628.0 2.63823393318e-16
5630.0 2.93064823541e-16
5632.0 3.04454610885e-16
5634.0 2.96769322136e-16
5636.0 3.12014776986e-16
5638.0 2.97083465481e-16
5640.0 2.77476505636e-16
5642.0 2.75660943453e-16
5644.0 2.93845470281e-16
5646.0 2.84541025114e-16
5648.0 2.97304594019e-16
5650.0 2.92401173227e-16
5652.0 2.81912284832e-16
5654.0 2.83230559266e-16
5656.0 2.79903572667e-16
5658.0 2.74995466724e-16
5660.0 2.73431764494e-16
5662.0 2.78926387814e-16
5664.0 2.82527601329e-16
5666.0 2.52769957463e-16
5668.0 2.39278575498e-16
5670.0 2.61284359119e-16
5672.0 2.81152602157e-16
5674.0 2.77181552882e-16
5676.0 2.72011369651e-16
5678.0 2.83030394792e-16
5680.0 2.74719969258e-16
5682.0 2.97152789833e-16
5684.0 2.59431818654e-16
5686.0 2.59055365448e-16
5688.0 2.7146990384e-16
5690.0 2.88064152779e-16
5692.0 2.83598939188e-16
5694.0 2.55736716831e-16
5696.0 2.6669234685e-16
5698.0 2.6077142773e-16
5700.0 2.82730809827e-16
5702.0 2.84350257412e-16
5704.0 2.75091816722e-16
5706.0 2.62723282808e-16
5708.0 2.64543927188e-16
5710.0 2.63894755843e-16
5712.0 2.73665810286e-16
5714.0 2.72426627554e-16
5716.0 2.6144992759e-16
5718.0 2.72775975705e-16
5720.0 2.71714722831e-16
5722.0 2.52042726738e-16
5724.0 2.64658858971e-16
5726.0 2.73540105302e-16
5728.0 2.56805116545e-16
5730.0 2.59771399456e-16
5732.0 2.73197612824e-16
5734.0 2.75454849749e-16
5736.0 2.72755435156e-16
5738.0 2.69116899252e-16
5740.0 2.64885784392e-16
5742.0 2.40978491214e-16
5744.0 2.69254118589e-16
5746.0 2.73652469517e-16
5748.0 2.64712566154e-16
5750.0 2.71911234475e-16
5752.0 2.68522440941e-16
5754.0 2.49384631471e-16
5756.0 2.59011319735e-16
5758.0 2.64870802496e-16
5760.0 2.65813444288e-16
5762.0 2.73331920486e-16
5764.0 2.54382469967e-16
5766.0 2.42084663303e-16
5768.0 2.53090030038e-16
5770.0 2.62927920674e-16
5772.0 2.5381996068e-16
5774.0 2.48324913844e-16
5776.0 2.5883537511e-16
5778.0 2.76950683464e-16
5780.0 2.67584087255e-16
5782.0 2.61400243814e-16
5784.0 2.65586757095e-16
5786.0 2.66361659893e-16
5788.0 2.67354144279e-16
5790.0 2.55200544975e-16
5792.0 2.64075650317e-16
5794.0 2.62130174456e-16
5796.0 2.6086507781e-16
5798.0 2.60402041955e-16
5800.0 2.59853746941e-16
5802.0 2.53441760469e-16
5804.0 2.50119856069e-16
5806.0 2.77530265759e-16
5808.0 2.64566241212e-16
5810.0 2.71913510876e-16
5812.0 2.68354781357e-16
5814.0 2.58118282311e-16
5816.0 2.44701889231e-16
5818.0 2.50586068297e-16
5820.0 2.6693486297e-16
5822.0 2.51419548717e-16
5824.0 2.34541490801e-16
5826.0 2.39341732392e-16
5828.0 2.55935663694e-16
5830.0 2.62897692185e-16
5832.0 2.45883870769e-16
5834.0 2.41826503543e-16
5836.0 2.58880506084e-16
5838.0 2.55518791135e-16
5840.0 2.57340864884e-16
5842.0 2.43736933416e-16
5844.0 2.38587290734e-16
5846.0 2.43010893831e-16
5848.0 2.52387892664e-16
5850.0 2.43492458531e-16
5852.0 2.37848572125e-16
5854.0 2.40810064006e-16
5856.0 2.4498426884e-16
5858.0 2.54701907267e-16
5860.0 2.58508499802e-16
5862.0 2.51174676786e-16
5864.0 2.36342706363e-16
5866.0 2.44540714743e-16
5868.0 2.474498494e-16
5870.0 2.32002218374e-16
5872.0 2.56633168856e-16
5874.0 2.5119707022e-16
5876.0 2.27985111682e-16
5878.0 2.263075894e-16
5880.0 2.49546255945e-16
5882.0 2.42849586994e-16
5884.0 2.74720657472e-16
5886.0 2.43291261737e-16
5888.0 2.31614039056e-16
5890.0 2.37604017831e-16
5892.0 2.56294170389e-16
5894.0 2.63322505678e-16
5896.0 2.48510202302e-16
5898.0 2.41078679329e-16
5900.0 2.20326941222e-16
5902.0 2.66028564186e-16
5904.0 2.55845454685e-16
5906.0 2.34628179329e-16
5908.0 2.38990504886e-16
5910.0 2.51451233043e-16
5912.0 2.60689821399e-16
5914.0 2.55723005485e-16
5916.0 2.60506862282e-16
5918.0 2.46346006652e-16
5920.0 2.593950786e-16
5922.0 2.50526140716e-16
5924.0 2.49504010177e-16
5926.0 2.51146460001e-16
5928.0 2.48065615883e-16
5930.0 2.4140886336e-16
5932.0 2.45416943857e-16
5934.0 2.58376336192e-16
5936.0 2.42431126248e-16
5938.0 2.41926374021e-16
5940.0 2.46676587729e-16
5942.0 2.55828593436e-16
5944.0 2.61446989445e-16
5946.0 2.49120066024e-16
5948.0 2.45564433469e-16
5950.0 2.63064478267e-16
5952.0 2.65981765616e-16
5954.0 2.57777616247e-16
5956.0 2.49134333235e-16
5958.0 2.42843948931e-16
5960.0 2.43073177222e-16
5962.0 2.47153123171e-16
5964.0 2.39654075791e-16
5966.0 2.55668795376e-16
5968.0 2.51844865136e-16
5970.0 2.59580102359e-16
5972.0 2.62846579041e-16
5974.0 2.48993328719e-16
5976.0 2.46090705627e-16
5978.0 2.57585895634e-16
5980.0 2.46401963766e-16
5982.0 2.43982255333e-16
5984.0 2.49172026201e-16
5986.0 2.42799850278e-16
5988.0 2.50927899031e-16
5990.0 2.69032328306e-16
5992.0 2.50827552096e-16
5994.0 2.59132207218e-16
5996.0 2.5357257412e-16
5998.0 2.65514706355e-16
6000.0 2.48741971692e-16
6002.0 2.52352608448e-16
6004.0 2.52475931151e-16
6006.0 2.36957890511e-16
6008.0 2.32696705981e-16
6010.0 2.43628910245e-16
6012.0 2.66901881625e-16
6014.0 2.72940273627e-16
6016.0 2.52759184263e-16
6018.0 2.52393610137e-16
6020.0 2.4956489067e-16
6022.0 2.42256584522e-16
6024.0 2.45107512134e-16
6026.0 2.28136862928e-16
6028.0 2.25357006675e-16
6030.0 2.56618822236e-16
6032.0 2.60069131537e-16
6034.0 2.50953098261e-16
6036.0 2.4752801466e-16
6038.0 2.5692581874e-16
6040.0 2.59210981282e-16
6042.0 2.51814398419e-16
6044.0 2.46107275709e-16
6046.0 2.40091885946e-16
6048.0 2.20676024675e-16
6050.0 2.30453868616e-16
6052.0 2.49187961008e-16
6054.0 2.63308635514e-16
6056.0 2.66541442636e-16
6058.0 2.86632905326e-16
6060.0 2.7342271183e-16
6062.0 2.8274962984e-16
6064.0 2.70858981326e-16
6066.0 2.63932051763e-16
6068.0 2.58283612554e-16
6070.0 2.54679407954e-16
6072.0 2.58360586673e-16
6074.0 2.60235441162e-16
6076.0 2.41722556718e-16
6078.0 2.36249268041e-16
6080.0 2.35769529756e-16
6082.0 2.33544824189e-16
6084.0 2.35497817468e-16
6086.0 2.38292920315e-16
6088.0 2.32416655713e-16
6090.0 2.45410749929e-16
6092.0 2.35639192561e-16
6094.0 2.40011497225e-16
6096.0 2.41216666291e-16
6098.0 2.38814877899e-16
6100.0 2.37881447591e-16
6102.0 2.33665552854e-16
6104.0 2.24096674589e-16
6106.0 2.34181634147e-16
6108.0 2.43625204476e-16
6110.0 2.38264968228e-16
6112.0 2.4642186904e-16
6114.0 2.37376827713e-16
6116.0 2.34131023929e-16
6118.0 2.4313231071e-16
6120.0 2.36345750388e-16
6122.0 2.33759891149e-16
6124.0 2.34914820572e-16
6126.0 2.33086632305e-16
6128.0 2.31510568688e-16
6130.0 2.3608486424e-16
6132.0 2.36454911759e-16
6134.0 2.27558127667e-16
6136.0 2.30586164574e-16
6138.0 2.49851028987e-16
6140.0 2.30825769019e-16
6142.0 2.2156660041e-16
6144.0 2.27839554364e-16
6146.0 2.26437926594e-16
6148.0 2.17244707441e-16
6150.0 2.24126347212e-16
6152.0 2.30565888723e-16
6154.0 2.28691034234e-16
6156.0 2.23796930804e-16
6158.0 2.29011159749e-16
6160.0 2.29183266256e-16
6162.0 2.25228310606e-16
6164.0 2.23679616741e-16
6166.0 2.31317974571e-16
6168.0 2.26565060946e-16
6170.0 2.2520747889e-16
6172.0 2.2248715317e-16
6174.0 2.19240568528e-16
6176.0 2.11401066843e-16
6178.0 2.16313990285e-16
6180.0 2.29997635495e-16
6182.0 2.21928032016e-16
6184.0 2.38934733061e-16
6186.0 2.29431605728e-16
6188.0 2.34918605751e-16
6190.0 2.12767185403e-16
6192.0 2.12190408905e-16
6194.0 2.17121967073e-16
6196.0 2.25789602283e-16
6198.0 2.31724206279e-16
6200.0 2.23322565884e-16
6202.0 2.36381325772e-16
6204.0 2.33033772155e-16
6206.0 2.24241728981e-16
6208.0 2.3584467746e-16
6210.0 2.38075894592e-16
6212.0 2.18072470389e-16
6214.0 2.24194506894e-16
6216.0 2.43609640246e-16
6218.0 2.32684318124e-16
6220.0 2.28706201418e-16
6222.0 2.45263233847e-16
6224.0 2.3284816606e-16
6226.0 2.22271662694e-16
6228.0 2.30435260361e-16
6230.0 2.32615761395e-16
6232.0 2.19501613494e-16
6234.0 2.09800756907e-16
6236.0 2.11162137377e-16
6238.0 2.13467509596e-16
6240.0 2.20126498816e-16
6242.0 2.27163569132e-16
6244.0 2.2636161422e-16
6246.0 2.19715740776e-16
6248.0 2.29154175968e-16
6250.0 2.19888535497e-16
6252.0 2.34676566086e-16
6254.0 2.16693818388e-16
6256.0 2.20348368509e-16
6258.0 2.21940433107e-16
6260.0 2.12570157598e-16
6262.0 2.0849738496e-16
6264.0 1.89232480842e-16
6266.0 2.14430255185e-16
6268.0 2.13681782462e-16
6270.0 2.09543020663e-16
6272.0 2.17321297748e-16
6274.0 2.18254953049e-16
6276.0 2.0461935049e-16
6278.0 2.116572149e-16
6280.0 2.41140512735e-16
6282.0 2.25631286531e-16
6284.0 2.46281685087e-16
6286.0 2.3236654842e-16
6288.0 2.21909834042e-16
6290.0 2.32206988589e-16
6292.0 2.33064741797e-16
6294.0 2.1936161483e-16
6296.0 2.01947649756e-16
6298.0 1.98232550014e-16
6300.0 2.13374084509e-16
6302.0 2.08302964429e-16
6304.0 2.16801470982e-16
6306.0 2.23316319016e-16
6308.0 1.80448180079e-16
6310.0 2.05174884989e-16
6312.0 2.20277072157e-16
6314.0 2.21863088411e-16
6316.0 2.12386510267e-16
6318.0 1.99280713582e-16
6320.0 1.94551993335e-16
6322.0 2.02019965193e-16
6324.0 2.08853549079e-16
6326.0 2.2277061804e-16
6328.0 2.03588167286e-16
6330.0 2.07866663051e-16
6332.0 2.12011380551e-16
6334.0 2.17160639421e-16
6336.0 2.14646195647e-16
6338.0 2.02464128095e-16
6340.0 2.02600156293e-16
6342.0 2.03350203967e-16
6344.0 2.19517217429e-16
6346.0 1.97991436792e-16
6348.0 2.2262529895e-16
6350.0 2.1388807469e-16
6352.0 2.07476591144e-16
6354.0 2.14912772798e-16
6356.0 2.05672675664e-16
6358.0 2.01800424841e-16
6360.0 1.97633115385e-16
6362.0 1.9858916412e-16
6364.0 2.03618184016e-16
6366.0 1.93902782285e-16
6368.0 2.05148150512e-16
6370.0 2.29010550944e-16
6372.0 1.9753160378e-16
6374.0 2.08751587488e-16
6376.0 2.1071736567e-16
6378.0 1.84955718847e-16
6380.0 1.81403262667e-16
6382.0 1.85953311901e-16
6384.0 1.91227786064e-16
6386.0 1.93331048281e-16
6388.0 1.94560781302e-16
6390.0 2.0675355588e-16
6392.0 2.122096392e-16
6394.0 1.91501139478e-16
6396.0 1.91259721853e-16
6398.0 1.91894056886e-16
6400.0 1.84016637242e-16
6402.0 1.8961048253e-16
6404.0 2.04623982701e-16
6406.0 1.92827275436e-16
6408.0 1.92442113673e-16
6410.0 1.87523221294e-16
6412.0 1.93958884983e-16
6414.0 1.99015102578e-16
6416.0 1.9337743657e-16
6418.0 1.9273788699e-16
6420.0 2.01858711296e-16
6422.0 1.91388060579e-16
6424.0 1.90865375076e-16
6426.0 2.12931523029e-16
6428.0 2.04435253173e-16
6430.0 1.93395740422e-16
6432.0 1.94761660459e-16
6434.0 1.98590090562e-16
6436.0 1.93349021261e-16
6438.0 1.91375103622e-16
6440.0 1.86875571962e-16
6442.0 1.8462814209e-16
6444.0 1.93505259135e-16
6446.0 1.96455991051e-16
6448.0 1.85797775476e-16
6450.0 1.88139715696e-16
6452.0 2.01789572232e-16
6454.0 1.86948681493e-16
6456.0 1.96202317919e-16
6458.0 2.01156851855e-16
6460.0 1.88601533941e-16
6462.0 1.80443931679e-16
6464.0 1.83342531364e-16
6466.0 1.83357195622e-16
6468.0 1.94615414927e-16
6470.0 1.91059133863e-16
6472.0 1.91989599555e-16
6474.0 1.80648900418e-16
6476.0 1.84725021483e-16
6478.0 1.94204008377e-16
6480.0 1.96916551982e-16
6482.0 1.88824409485e-16
6484.0 1.89209346255e-16
6486.0 1.73897227265e-16
6488.0 1.88197472755e-16
6490.0 1.97929894554e-16
6492.0 2.04810038782e-16
6494.0 2.02297011142e-16
6496.0 1.8386484629e-16
6498.0 1.75825286011e-16
6500.0 1.84277761617e-16
6502.0 1.8917152094e-16
6504.0 1.83894307155e-16
6506.0 1.8914924662e-16
6508.0 1.86205846833e-16
6510.0 1.75161106301e-16
6512.0 1.87357269011e-16
6514.0 1.84823621412e-16
6516.0 1.82594455688e-16
6518.0 1.83089771439e-16
6520.0 1.79266701467e-16
6522.0 1.85800991554e-16
6524.0 1.9139639856e-16
6526.0 1.87855125861e-16
6528.0 1.82959646003e-16
6530.0 1.84963633311e-16
6532.0 1.81703893188e-16
6534.0 1.78863222616e-16
6536.0 1.79869087476e-16
6538.0 1.88935860492e-16
6540.0 1.89644707955e-16
6542.0 1.76706491444e-16
6544.0 1.76747109321e-16
6546.0 1.74872281301e-16
6548.0 1.75669590768e-16
6550.0 1.8728775937e-16
6552.0 1.75356360631e-16
6554.0 1.73300399909e-16
6556.0 1.76055533389e-16
6558.0 1.78971047263e-16
6560.0 1.78047106371e-16
6562.0 1.63824787912e-16
6564.0 1.65527707948e-16
6566.0 1.73776630949e-16
6568.0 1.80827452316e-16
6570.0 1.82555280414e-16
6572.0 1.76811311771e-16
6574.0 1.79689900303e-16
6576.0 1.82387514951e-16
6578.0 1.71656057496e-16
6580.0 1.80537317062e-16
6582.0 1.82228696274e-16
6584.0 1.79599320717e-16
6586.0 1.73467278635e-16
6588.0 1.68116717091e-16
6590.0 1.73605649408e-16
6592.0 1.71019843108e-16
6594.0 1.59108521697e-16
6596.0 1.70091627347e-16
6598.0 1.84522143858e-16
6600.0 1.73171915599e-16
6602.0 1.64918625085e-16
6604.0 1.713414774e-16
6606.0 1.73597417306e-16
6608.0 1.78704470113e-16
6610.0 1.65962527018e-16
6612.0 1.82664071209e-16
6614.0 1.84123006051e-16
6616.0 1.80649403344e-16
6618.0 1.78643973432e-16
6620.0 1.84085763071e-16
6622.0 1.90005927802e-16
6624.0 1.79145218413e-16
6626.0 1.71891704709e-16
6628.0 1.7749903635e-16
6630.0 1.76719964562e-16
6632.0 1.71070837139e-16
6634.0 1.68996440216e-16
6636.0 1.80159421253e-16
6638.0 1.79212213425e-16
6640.0 1.82509222998e-16
6642.0 1.84924471273e-16
6644.0 1.80661725026e-16
6646.0 1.80648741599e-16
6648.0 1.77504462655e-16
6650.0 1.70231453958e-16
6652.0 1.72647099279e-16
6654.0 1.74845136542e-16
6656.0 1.73542743977e-16
6658.0 1.76075491603e-16
6660.0 1.81410158044e-16
6662.0 1.81386586705e-16
6664.0 1.81794843351e-16
6666.0 1.79558398438e-16
6668.0 1.70205579748e-16
6670.0 1.71757092645e-16
6672.0 1.83569311201e-16
6674.0 1.7524833746e-16
6676.0 1.79088003984e-16
6678.0 1.85032388564e-16
6680.0 1.8629632054e-16
6682.0 1.77823966129e-16
6684.0 1.67855288313e-16
6686.0 1.809140482e-16
6688.0 1.84219779565e-16
6690.0 1.65921207692e-16
6692.0 1.68557849203e-16
6694.0 1.75388944929e-16
6696.0 1.73803471306e-16
6698.0 1.64909995936e-16
6700.0 1.68033429929e-16
6702.0 1.74328764082e-16
6704.0 1.77985246496e-16
6706.0 1.68102277826e-16
6708.0 1.69657787659e-16
6710.0 1.72483118994e-16
6712.0 1.72596290537e-16
6714.0 1.73834890934e-16
6716.0 1.74028835009e-16
6718.0 1.77188731124e-16
6720.0 1.73355377642e-16
6722.0 1.68726567578e-16
6724.0 1.71320050114e-16
6726.0 1.7333393712e-16
6728.0 1.70438394695e-16
6730.0 1.66847477924e-16
6732.0 1.64649440661e-16
6734.0 1.82625292981e-16
6736.0 1.70843342618e-16
6738.0 1.70237475833e-16
6740.0 1.76088289741e-16
6742.0 1.84422842479e-16
6744.0 1.83645914743e-16
6746.0 1.80946817787e-16
6748.0 1.87476263905e-16
6750.0 2.00952849264e-16
6752.0 1.90876148276e-16
6754.0 1.93029861894e-16
6756.0 1.98499696265e-16
6758.0 2.083826517e-16
6760.0 2.31092452049e-16
6762.0 2.58438196067e-16
6764.0 3.28108826501e-16
6766.0 3.70983622587e-16
6768.0 3.46177124526e-16
6770.0 3.09387677831e-16
6772.0 2.67664661264e-16
6774.0 2.21987933127e-16
6776.0 1.99758876915e-16
6778.0 1.98272003221e-16
6780.0 2.06030348561e-16
6782.0 1.87350492748e-16
6784.0 1.80622470343e-16
6786.0 1.79887139865e-16
6788.0 1.81833714222e-16
6790.0 1.81349449605e-16
6792.0 1.82185232896e-16
6794.0 1.79146859539e-16
6796.0 1.85273462082e-16
6798.0 1.77450159902e-16
6800.0 1.77440948418e-16
6802.0 1.75682084503e-16
6804.0 1.6971295068e-16
6806.0 1.71034480896e-16
6808.0 1.69482954765e-16
6810.0 1.69454446812e-16
6812.0 1.72791491927e-16
6814.0 1.71396468367e-16
6816.0 1.70157854736e-16
6818.0 1.66622405388e-16
6820.0 1.60680522203e-16
6822.0 1.61799757128e-16
6824.0 1.6522603187e-16
6826.0 1.56200670824e-16
6828.0 1.51618315223e-16
6830.0 1.60485995792e-16
6832.0 1.68274026991e-16
6834.0 1.66317923513e-16
6836.0 1.57059244595e-16
6838.0 1.50225237193e-16
6840.0 1.58887935789e-16
6842.0 1.68245399924e-16
6844.0 1.58590018419e-16
6846.0 1.5792995476e-16
6848.0 1.63757501732e-16
6850.0 1.66817170026e-16
6852.0 1.53159676959e-16
6854.0 1.49748423818e-16
6856.0 1.53380686384e-16
6858.0 1.56817337279e-16
6860.0 1.47924298661e-16
6862.0 1.44246878651e-16
6864.0 1.49916149576e-16
6866.0 1.56030192208e-16
6868.0 1.53461445682e-16
6870.0 1.57332928881e-16
6872.0 1.36544675713e-16
6874.0 1.35522161362e-16
6876.0 1.44250505011e-16
6878.0 1.47406457128e-16
6880.0 1.48225577693e-16
6882.0 1.55556422858e-16
6884.0 1.69776054635e-16
6886.0 1.60733197064e-16
6888.0 1.51911573912e-16
6890.0 1.53666811467e-16
6892.0 1.56990052591e-16
6894.0 1.52913693298e-16
6896.0 1.4151588561e-16
6898.0 1.41382994082e-16
6900.0 1.43143406479e-16
6902.0 1.46121336093e-16
6904.0 1.52911906587e-16
6906.0 1.56109323614e-16
6908.0 1.5243181096e-16
6910.0 1.39845192531e-16
6912.0 1.36341890731e-16
6914.0 1.37192841206e-16
6916.0 1.37433451502e-16
6918.0 1.55519497516e-16
6920.0 1.39755433509e-16
6922.0 1.25923861936e-16
6924.0 1.28078793163e-16
6926.0 1.53846210398e-16
6928.0 1.6457389591e-16
6930.0 1.62460376653e-16
6932.0 1.37637533503e-16
6934.0 1.5167879867e-16
6936.0 1.46134875386e-16
6938.0 1.47032372968e-16
6940.0 1.54606118066e-16
6942.0 1.62099011222e-16
6944.0 1.55779073409e-16
6946.0 1.55825488168e-16
6948.0 1.35254843057e-16
6950.0 1.40854022006e-16
6952.0 1.52324078957e-16
6954.0 1.59850032868e-16
6956.0 1.54053548182e-16
6958.0 1.40988859064e-16
6960.0 1.34139459485e-16
6962.0 1.41577295499e-16
6964.0 1.45117747635e-16
6966.0 1.47488857552e-16
6968.0 1.44785340143e-16
6970.0 1.46132400461e-16
6972.0 1.52130452519e-16
6974.0 1.47200019317e-16
6976.0 1.41894112291e-16
6978.0 1.45354638927e-16
6980.0 1.42421310891e-16
6982.0 1.45724792325e-16
6984.0 1.49923389061e-16
6986.0 1.47093915205e-16
6988.0 1.38492705908e-16
6990.0 1.40364291379e-16
6992.0 1.44020959082e-16
6994.0 1.48987867641e-16
6996.0 1.45008242157e-16
6998.0 1.4230554531e-16
7000.0 1.42378932774e-16
7002.0 1.43424290545e-16
7004.0 1.41355081699e-16
7006.0 1.46834206963e-16
7008.0 1.52736147251e-16
7010.0 1.46168425831e-16
7012.0 1.45604818049e-16
7014.0 1.45393734792e-16
7016.0 1.43732464954e-16
7018.0 1.43054666543e-16
7020.0 1.41857292828e-16
7022.0 1.37240129467e-16
7024.0 1.50048710233e-16
7026.0 1.4608632981e-16
7028.0 1.39627716822e-16
7030.0 1.38374624221e-16
7032.0 1.46836417189e-16
7034.0 1.51888227566e-16
7036.0 1.52449254545e-16
7038.0 1.48566508454e-16
7040.0 1.48094261116e-16
7042.0 1.55419428514e-16
7044.0 1.49002862771e-16
7046.0 1.40769239302e-16
7048.0 1.41163546374e-16
7050.0 1.47554502605e-16
7052.0 1.44885673842e-16
7054.0 1.46304334915e-16
7056.0 1.4507450925e-16
7058.0 1.37794486061e-16
7060.0 1.35414508768e-16
7062.0 1.40846107542e-16
7064.0 1.38822625241e-16
7066.0 1.42776085347e-16
7068.0 1.30567309788e-16
7070.0 1.53506444307e-16
7072.0 1.59854254798e-16
7074.0 1.47483457717e-16
7076.0 1.39961447803e-16
7078.0 1.44468192478e-16
7080.0 1.44577022977e-16
7082.0 1.49047795222e-16
7084.0 1.49579308396e-16
7086.0 1.55701278727e-16
7088.0 1.49994936875e-16
7090.0 1.43627234345e-16
7092.0 1.42572784205e-16
7094.0 1.41367429851e-16
7096.0 1.35678452175e-16
7098.0 1.38384418039e-16
7100.0 1.4418638197e-16
7102.0 1.42216024516e-16
7104.0 1.41630711514e-16
7106.0 1.41452490488e-16
7108.0 1.41755715048e-16
7110.0 1.43365051178e-16
7112.0 1.43494289877e-16
7114.0 1.45921476023e-16
7116.0 1.39291484447e-16
7118.0 1.40200205215e-16
7120.0 1.435528675e-16
7122.0 1.45000446806e-16
7124.0 1.41566509064e-16
7126.0 1.40049406881e-16
7128.0 1.42654522885e-16
7130.0 1.34889017468e-16
7132.0 1.35545613586e-16
7134.0 1.40592355e-16
7136.0 1.43912340341e-16
7138.0 1.4008799982e-16
7140.0 1.35466773348e-16
7142.0 1.40509253127e-16
7144.0 1.40982559256e-16
7146.0 1.40337318674e-16
7148.0 1.40166270958e-16
7150.0 1.39995990866e-16
7152.0 1.40305025542e-16
7154.0 1.42367219897e-16
7156.0 1.40880174149e-16
7158.0 1.30730522449e-16
7160.0 1.12938913029e-16
7162.0 1.07412552444e-16
7164.0 1.07493146305e-16
7166.0 1.08213541209e-16
7168.0 1.08927920856e-16
7170.0 1.14996236944e-16
7172.0 1.32774174722e-16
7174.0 1.27599438689e-16
7176.0 1.2378384643e-16
7178.0 1.27889190132e-16
7180.0 1.30005568125e-16
7182.0 1.270258518e-16
7184.0 1.28364627078e-16
7186.0 1.28464603436e-16
7188.0 1.23772292371e-16
7190.0 1.18229441113e-16
7192.0 1.25173536329e-16
7194.0 1.25929208831e-16
7196.0 1.22781938802e-16
7198.0 1.21715550791e-16
7200.0 1.25629081235e-16
7202.0 1.13022888405e-16
7204.0 1.16288491584e-16
7206.0 1.22000736197e-16
7208.0 1.24027725744e-16
7210.0 1.28002560198e-16
7212.0 1.33356205471e-16
7214.0 1.32489571652e-16
7216.0 1.36432999713e-16
7218.0 1.34872142984e-16
7220.0 1.26706043923e-16
7222.0 1.31184452699e-16
7224.0 1.36309729949e-16
7226.0 1.38525329911e-16
7228.0 1.35871535983e-16
7230.0 1.32931868434e-16
7232.0 1.28729817392e-16
7234.0 1.19985300708e-16
7236.0 1.19506740328e-16
7238.0 1.06505585298e-16
7240.0 1.02425348182e-16
7242.0 1.21431040365e-16
7244.0 1.33552373008e-16
7246.0 1.38077620059e-16
7248.0 1.20505246589e-16
7250.0 1.21224973131e-16
7252.0 1.15690076042e-16
7254.0 9.73077206983e-17
7256.0 9.60343323935e-17
7258.0 1.23382961618e-16
7260.0 1.24714365062e-16
7262.0 1.19995081291e-16
7264.0 1.20058794051e-16
7266.0 1.20564406546e-16
7268.0 1.29342394267e-16
7270.0 1.3260508577e-16
7272.0 1.17165580966e-16
7274.0 1.02892361121e-16
7276.0 1.06771189684e-16
7278.0 1.50169293314e-16
7280.0 1.47906471265e-16
7282.0 1.2936061871e-16
7284.0 1.07030970718e-16
7286.0 1.09324332276e-16
7288.0 1.41441134953e-16
7290.0 1.29345319178e-16
7292.0 1.20100788356e-16
7294.0 9.70471588053e-17
7296.0 1.04781449734e-16
7298.0 1.14667998442e-16
7300.0 1.16862250527e-16
7302.0 1.13685003472e-16
7304.0 1.22793863438e-16
7306.0 1.21694877893e-16
7308.0 1.11885045224e-16
7310.0 1.2341506946e-16
7312.0 1.04739653952e-16
7314.0 1.04297463049e-16
7316.0 1.21346085607e-16
7318.0 1.31105705105e-16
7320.0 1.05555856223e-16
7322.0 1.07495277122e-16
7324.0 1.28032034297e-16
7326.0 1.10384241808e-16
7328.0 1.17765730279e-16
7330.0 1.28371826858e-16
7332.0 1.21138866938e-16
7334.0 1.08064384001e-16
7336.0 1.24807935733e-16
7338.0 9.91892389545e-17
7340.0 8.97934267254e-17
7342.0 1.22445627017e-16
7344.0 1.40059888914e-16
7346.0 1.22969768358e-16
7348.0 1.15437183767e-16
7350.0 9.70558872151e-17
7352.0 1.22520404145e-16
7354.0 1.23728286362e-16
7356.0 1.12073854162e-16
7358.0 1.19657353374e-16
7360.0 1.28375678211e-16
7362.0 1.31394013944e-16
7364.0 1.37365649162e-16
7366.0 1.45252571457e-16
7368.0 1.10306943434e-16
7370.0 1.20567887322e-16
7372.0 1.36874978857e-16
7374.0 1.42606731698e-16
7376.0 1.23483705599e-16
7378.0 1.04893741156e-16
7380.0 1.12025467405e-16
7382.0 1.27541933093e-16
7384.0 1.28949172456e-16
7386.0 1.30363585129e-16
7388.0 1.33388591247e-16
7390.0 1.28058014386e-16
7392.0 1.12836408808e-16
7394.0 1.12830889858e-16
7396.0 1.11214671586e-16
7398.0 1.17347401882e-16
7400.0 9.14615456184e-17
7402.0 1.00217622979e-16
7404.0 1.17607758634e-16
7406.0 1.25015551449e-16
7408.0 1.15068102396e-16
7410.0 1.10801392299e-16
7412.0 1.16234175596e-16
7414.0 1.30995551117e-16
7416.0 1.27005972996e-16
7418.0 1.30386772656e-16
7420.0 1.29584804508e-16
7422.0 1.15959763391e-16
7424.0 1.10504752097e-16
7426.0 1.18391674392e-16
7428.0 1.13586482952e-16
7430.0 1.14696903441e-16
7432.0 1.20812454851e-16
7434.0 1.20663509401e-16
7436.0 1.10807784751e-16
7438.0 1.12489456171e-16
7440.0 1.18436964185e-16
7442.0 1.2716337554e-16
7444.0 1.23165935895e-16
7446.0 1.18462097241e-16
7448.0 1.11502980425e-16
7450.0 1.07166052621e-16
7452.0 1.20087010836e-16
7454.0 1.27120613611e-16
7456.0 1.20267958249e-16
7458.0 1.23569044168e-16
7460.0 1.20983317278e-16
7462.0 1.21633216542e-16
7464.0 1.22194786151e-16
7466.0 1.21177843688e-16
7468.0 1.20131718294e-16
7470.0 1.15929680487e-16
7472.0 1.1279646591e-16
7474.0 1.02913305334e-16
7476.0 1.12970623825e-16
7478.0 1.244437248e-16
7480.0 1.26637381315e-16
7482.0 1.23424452997e-16
7484.0 1.2298693401e-16
7486.0 1.33376269564e-16
7488.0 1.2972628548e-16
7490.0 1.22090137877e-16
7492.0 1.12391822389e-16
7494.0 1.09085389575e-16
7496.0 1.17186531797e-16
7498.0 1.23599100603e-16
7500.0 1.37433636791e-16
7502.0 1.19310665435e-16
7504.0 1.13965252263e-16
7506.0 1.25557030495e-16
7508.0 1.27828494927e-16
7510.0 1.16734454431e-16
7512.0 1.24669948772e-16
7514.0 1.23376939743e-16
7516.0 1.19705938654e-16
7518.0 1.14975100825e-16
7520.0 1.22373192465e-16
7522.0 1.1362274655e-16
7524.0 1.05310514454e-16
7526.0 1.18906114559e-16
7528.0 1.20590214581e-16
7530.0 1.21947783402e-16
7532.0 1.20419616852e-16
7534.0 1.16923541301e-16
7536.0 1.21611974544e-16
7538.0 1.22860765806e-16
7540.0 1.1532159024e-16
7542.0 1.13477705393e-16
7544.0 1.15029218289e-16
7546.0 1.22592851931e-16
7548.0 1.1642714029e-16
7550.0 1.19248898204e-16
7552.0 1.18459079686e-16
7554.0 1.117269677e-16
7556.0 1.16382737234e-16
7558.0 1.1612740974e-16
7560.0 1.19800859284e-16
7562.0 1.16509765707e-16
7564.0 1.14964698202e-16
7566.0 1.10538554005e-16
7568.0 1.01177516449e-16
7570.0 9.39604383966e-17
7572.0 1.09269791295e-16
7574.0 1.25256188215e-16
7576.0 1.22289825894e-16
7578.0 1.19255806817e-16
7580.0 1.12776759159e-16
7582.0 1.10711944297e-16
7584.0 1.15731051261e-16
7586.0 1.16685075057e-16
7588.0 1.23368879695e-16
7590.0 1.08321577615e-16
7592.0 1.13496207769e-16
7594.0 1.12603871794e-16
7596.0 1.02606368387e-16
7598.0 9.23649062567e-17
7600.0 9.85231468031e-17
7602.0 1.06061508423e-16
7604.0 1.17447762051e-16
7606.0 9.45844502159e-17
7608.0 1.10142215378e-16
7610.0 9.51086974358e-17
7612.0 8.8945871e-17
7614.0 1.07740996087e-16
7616.0 9.15477510732e-17
7618.0 8.65619232397e-17
7620.0 1.06732126907e-16
7622.0 1.17640197349e-16
7624.0 1.07642151312e-16
7626.0 1.00523785685e-16
7628.0 9.71637449496e-17
7630.0 9.88718001226e-17
7632.0 7.99718944135e-17
7634.0 1.07526054859e-16
7636.0 9.44277094159e-17
7638.0 9.02194512106e-17
7640.0 1.01838182296e-16
7642.0 1.0955616784e-16
7644.0 1.05513497959e-16
7646.0 1.04278775384e-16
7648.0 1.10469137008e-16
7650.0 1.04501359761e-16
7652.0 1.04961953778e-16
7654.0 1.08386938118e-16
7656.0 1.09204682254e-16
7658.0 1.09088790942e-16
7660.0 1.14802464922e-16
7662.0 1.08960630886e-16
7664.0 8.88335531077e-17
7666.0 1.03239499045e-16
7668.0 1.1201343689e-16
7670.0 1.12960194732e-16
7672.0 1.08647844118e-16
7674.0 1.11383429666e-16
7676.0 1.05667062385e-16
7678.0 1.0919464359e-16
7680.0 1.10894327696e-16
7682.0 1.22526809831e-16
7684.0 1.14531017333e-16
7686.0 1.03910488106e-16
7688.0 1.04747813262e-16
7690.0 1.1575630343e-16
7692.0 1.15110109936e-16
7694.0 1.08895654195e-16
7696.0 1.14836730052e-16
7698.0 1.12582351863e-16
7700.0 1.11497382067e-16
7702.0 1.13869166963e-16
7704.0 1.07608243524e-16
7706.0 9.73874939966e-17
7708.0 1.1220804271e-16
7710.0 8.41378869982e-17
7712.0 9.03584374059e-17
7714.0 1.06827543845e-16
7716.0 1.10018111816e-16
7718.0 9.30300190262e-17
7720.0 9.22694893187e-17
7722.0 9.17365666285e-17
7724.0 9.07440954772e-17
7726.0 8.09880560175e-17
7728.0 9.38658684916e-17
7730.0 1.0261560634e-16
7732.0 9.71345289303e-17
7734.0 1.00931023244e-16
7736.0 1.03258325676e-16
7738.0 1.09834113761e-16
7740.0 1.12651490927e-16
7742.0 1.11848675747e-16
7744.0 1.10332724999e-16
7746.0 1.02063261449e-16
7748.0 8.40941126002e-17
7750.0 7.34399998408e-17
7752.0 1.1555159939e-16
7754.0 1.06352662764e-16
7756.0 1.32127875349e-16
7758.0 9.25779019557e-17
7760.0 7.31271998378e-17
7762.0 1.06254916485e-16
7764.0 1.05764543966e-16
7766.0 1.26451709046e-16
7768.0 1.09436425175e-16
7770.0 9.54889622895e-17
7772.0 9.74300971068e-17
7774.0 1.02587872629e-16
7776.0 1.06887550835e-16
7778.0 1.075616898e-16
7780.0 1.07626276062e-16
7782.0 1.07797820086e-16
7784.0 8.98594092685e-17
7786.0 1.04879970254e-16
7788.0 1.07557428165e-16
7790.0 9.03869255062e-17
7792.0 8.73531314218e-17
7794.0 9.3364279403e-17
7796.0 1.20322168358e-16
7798.0 1.22830894659e-16
7800.0 1.09551343723e-16
7802.0 9.10219752235e-17
7804.0 8.32827278287e-17
7806.0 9.43217972103e-17
7808.0 9.69308307414e-17
7810.0 1.02419339542e-16
7812.0 9.12665228998e-17
7814.0 1.04038939329e-16
7816.0 9.55408165878e-17
7818.0 8.1442092147e-17
7820.0 6.64710164149e-17
7822.0 7.55579594033e-17
7824.0 1.38517865433e-16
7826.0 1.26425715722e-16
7828.0 8.75088994573e-17
7830.0 6.51611593713e-17
7832.0 7.52646742453e-17
7834.0 8.99930551857e-17
7836.0 9.08565854231e-17
7838.0 8.05373021407e-17
7840.0 9.42618828642e-17
7842.0 9.71541231847e-17
7844.0 1.09365929534e-16
7846.0 1.03289646043e-16
7848.0 8.67667397768e-17
7850.0 7.18405964956e-17
7852.0 7.39242379888e-17
7854.0 5.08387487494e-17
7856.0 1.30123993919e-16
7858.0 1.18491081649e-16
7860.0 9.36795477129e-17
7862.0 7.29059190977e-17
7864.0 7.37826048156e-17
7866.0 9.73277914087e-17
7868.0 9.18899590013e-17
7870.0 7.59955247124e-17
7872.0 9.70621870227e-17
7874.0 1.07000034164e-16
7876.0 9.35750781103e-17
7878.0 7.97139397939e-17
7880.0 7.7358824241e-17
7882.0 8.46902517415e-17
7884.0 9.48010590398e-17
7886.0 9.83413325045e-17
7888.0 6.27320012275e-17
7890.0 7.2474071261e-17
7892.0 1.0300833846e-16
7894.0 1.29668991642e-16
7896.0 1.06548353844e-16
7898.0 8.15428162759e-17
7900.0 7.568505405e-17
7902.0 8.41593076674e-17
7904.0 9.40824508457e-17
7906.0 9.74640313643e-17
7908.0 9.31491396518e-17
7910.0 8.178822422e-17
7912.0 5.55813689391e-17
7914.0 6.20460898287e-17
7916.0 1.12593892687e-16
7918.0 1.01275375224e-16
7920.0 9.16781875296e-17
7922.0 8.1663445679e-17
7924.0 8.49343891362e-17
7926.0 1.10818941763e-16
7928.0 9.265304966e-17
7930.0 7.48024986585e-17
7932.0 1.0686205382e-16
7934.0 1.06322308544e-16
7936.0 1.02128820476e-16
7938.0 9.89187905988e-17
7940.0 8.55452520924e-17
7942.0 9.41174703641e-17
7944.0 1.0458944457e-16
7946.0 9.73355470541e-17
7948.0 9.46897469991e-17
7950.0 1.03092605003e-16
7952.0 1.04385514771e-16
7954.0 9.71255093529e-17
7956.0 1.01771471834e-16
7958.0 8.79692949514e-17
7960.0 9.39134082157e-17
7962.0 7.71364648575e-17
7964.0 7.53358845699e-17
7966.0 9.29536603295e-17
7968.0 1.13788195908e-16
7970.0 9.54073427241e-17
7972.0 1.14756248687e-16
7974.0 5.71800906875e-17
7976.0 6.66796048956e-17
7978.0 8.53150907414e-17
7980.0 9.63569394499e-17
7982.0 9.99918688465e-17
7984.0 1.02371237335e-16
7986.0 8.90205951878e-17
7988.0 9.03664577491e-17
7990.0 7.55054698303e-17
7992.0 7.59634433395e-17
7994.0 1.09845740612e-16
7996.0 1.29160282183e-16
7998.0 1.15132596014e-16
8000.0 1.06718726581e-16
8002.0 6.9766365009e-17
8004.0 7.97135030425e-17
8006.0 8.77840263465e-17
8008.0 8.77793610478e-17
8010.0 8.75022356903e-17
8012.0 8.67612340627e-17
8014.0 8.63374992134e-17
8016.0 9.64741674863e-17
8018.0 9.57062924149e-17
8020.0 8.79542932038e-17
8022.0 7.59546818425e-17
8024.0 6.79335445298e-17
8026.0 8.19089727371e-17
8028.0 9.86021789476e-17
8030.0 8.54800636427e-17
8032.0 1.07835056448e-16
8034.0 9.44195964285e-17
8036.0 8.75792561315e-17
8038.0 9.30401635692e-17
8040.0 9.39956299686e-17
8042.0 8.32217745437e-17
8044.0 8.38405254942e-17
8046.0 1.01146593129e-16
8048.0 1.02302872512e-16
8050.0 8.90824947674e-17
8052.0 8.61988438904e-17
8054.0 8.99287270038e-17
8056.0 9.4402305045e-17
8058.0 8.50794766157e-17
8060.0 7.88668936117e-17
8062.0 6.67197066117e-17
8064.0 1.03989679069e-16
8066.0 1.03875263447e-16
8068.0 1.08950605457e-16
8070.0 9.86213761552e-17
8072.0 6.76898240341e-17
8074.0 7.27276517496e-17
8076.0 7.64965844054e-17
8078.0 8.28974535691e-17
8080.0 1.05561765602e-16
8082.0 9.7690275188e-17
8084.0 8.73881707925e-17
8086.0 8.74535577656e-17
8088.0 9.02016701362e-17
8090.0 9.52764695163e-17
8092.0 8.09256270423e-17
8094.0 8.83049648439e-17
8096.0 8.73959198205e-17
8098.0 8.68893080913e-17
8100.0 8.83828984925e-17
8102.0 8.521046232e-17
8104.0 8.94576244839e-17
8106.0 8.72078917411e-17
8108.0 7.98278789602e-17
8110.0 8.91036110341e-17
8112.0 9.20294944445e-17
8114.0 9.22422122108e-17
8116.0 9.28614396174e-17
8118.0 9.26061716803e-17
8120.0 8.35491130731e-17
8122.0 8.07285595332e-17
8124.0 8.42980225474e-17
8126.0 8.8975960522e-17
8128.0 9.45677544024e-17
8130.0 9.61331705506e-17
8132.0 8.96218363791e-17
8134.0 9.1496611459e-17
8136.0 8.94889183809e-17
8138.0 9.13965556921e-17
8140.0 9.32298460098e-17
8142.0 8.96290957162e-17
8144.0 9.01526745741e-17
8146.0 9.86017885183e-17
8148.0 9.82593820669e-17
8150.0 9.1814037056e-17
8152.0 9.56266316132e-17
8154.0 8.94219101338e-17
8156.0 8.10368662911e-17
8158.0 7.7774551982e-17
8160.0 8.17567185648e-17
8162.0 7.90454256577e-17
8164.0 7.59423667775e-17
8166.0 7.77611781259e-17
8168.0 8.62554428966e-17
8170.0 9.2149534895e-17
8172.0 9.34586375498e-17
8174.0 9.07592891307e-17
8176.0 8.90538677008e-17
8178.0 7.8735352042e-17
8180.0 7.97891073505e-17
8182.0 9.07213447017e-17
8184.0 8.56408278491e-17
8186.0 8.59838298707e-17
8188.0 8.83333272128e-17
8190.0 8.9387598682e-17
8192.0 8.60863340922e-17
8194.0 7.99577727861e-17
8196.0 8.65026640206e-17
8198.0 8.18934746812e-17
8200.0 9.04201053749e-17
8202.0 9.79818530452e-17
8204.0 9.14199748296e-17
8206.0 8.22928639507e-17
8208.0 8.99923405017e-17
8210.0 8.72388481484e-17
8212.0 8.39446443723e-17
8214.0 9.55860137364e-17
8216.0 1.00859852624e-16
8218.0 9.9814117659e-17
8220.0 9.32627744157e-17
8222.0 9.18632443762e-17
8224.0 8.64393350729e-17
8226.0 8.74790812506e-17
8228.0 8.66277403467e-17
8230.0 7.96660427277e-17
8232.0 7.55357446407e-17
8234.0 7.96207926394e-17
8236.0 8.30383852932e-17
8238.0 8.49454799739e-17
8240.0 9.27951592892e-17
8242.0 9.55823542894e-17
8244.0 9.21714915771e-17
8246.0 9.11448280881e-17
8248.0 8.74651118244e-17
8250.0 8.57378792961e-17
8252.0 9.83321144038e-17
8254.0 9.38908956682e-17
8256.0 8.50728525533e-17
8258.0 9.19944153691e-17
8260.0 9.30730059483e-17
8262.0 9.29656312873e-17
8264.0 9.8557577369e-17
8266.0 1.02142194332e-16
8268.0 8.41315210163e-17
8270.0 9.18952066351e-17
8272.0 8.98573181559e-17
8274.0 8.89031620106e-17
8276.0 8.19492266544e-17
8278.0 6.47399590034e-17
8280.0 7.45236660002e-17
8282.0 1.07946480986e-16
8284.0 1.10079832725e-16
8286.0 9.33834236711e-17
8288.0 6.85860179795e-17
8290.0 8.14618849247e-17
8292.0 9.54571654668e-17
8294.0 8.97167106867e-17
8296.0 7.23821152467e-17
8298.0 5.40158535292e-17
8300.0 8.75697931853e-17
8302.0 1.12307926423e-16
8304.0 1.04235305389e-16
8306.0 7.99829984861e-17
8308.0 5.06509886765e-17
8310.0 6.44260803569e-17
8312.0 9.96005925644e-17
8314.0 8.66438736774e-17
8316.0 1.02343708764e-16
8318.0 7.92752958412e-17
8320.0 8.11869830287e-17
8322.0 8.67058460489e-17
8324.0 8.51560933927e-17
8326.0 8.41740513346e-17
8328.0 8.20471449866e-17
8330.0 8.70492318822e-17
8332.0 9.62476986695e-17
8334.0 9.53539267089e-17
8336.0 9.11628143033e-17
8338.0 8.40916244409e-17
8340.0 7.07970849918e-17
8342.0 4.76081551624e-17
8344.0 1.59649150402e-17
8346.0 1.13427452516e-16
8348.0 7.07271055119e-17
8350.0 6.89837198006e-17
8352.0 5.8524424619e-17
8354.0 4.6952816359e-17
8356.0 1.08472733291e-16
8358.0 1.09248509592e-16
8360.0 1.05695583572e-16
8362.0 7.2849981836e-17
8364.0 6.80802731356e-17
8366.0 7.74561470032e-17
8368.0 8.85831556101e-17
8370.0 8.09305768911e-17
8372.0 8.85266293958e-17
8374.0 7.08372661172e-17
8376.0 8.83748185923e-17
8378.0 9.13375876406e-17
8380.0 8.48710469537e-17
8382.0 8.49911535786e-17
8384.0 8.78673664476e-17
8386.0 7.15938782973e-17
8388.0 9.02381190227e-17
8390.0 7.62435266949e-17
8392.0 5.85869065338e-17
8394.0 7.03646812896e-17
8396.0 7.00829965126e-17
8398.0 4.36819456936e-17
8400.0 6.65010794671e-17
8402.0 1.43295422423e-16
8404.0 1.48190889047e-16
8406.0 1.97087520288e-16
8408.0 9.24501587993e-17
8410.0 2.77182995485e-17
8412.0 8.38636005246e-17
8414.0 8.26896988865e-17
8416.0 1.01016560337e-16
8418.0 1.13105606466e-16
8420.0 1.06784378252e-16
8422.0 1.01652589436e-16
8424.0 7.64280012064e-17
8426.0 5.95383892313e-17
8428.0 5.31232296953e-17
8430.0 4.55039301068e-17
8432.0 1.02755439568e-16
8434.0 4.2378931088e-17
8436.0 5.25426448583e-17
8438.0 9.5834473977e-18
8440.0 -4.76324552472e-18
8442.0 5.52476081794e-17
8444.0 7.99837661097e-17
8446.0 9.21403564989e-17
8448.0 8.61992872592e-17
8450.0 5.72333412666e-17
8452.0 6.14593408417e-17
8454.0 8.55594729815e-17
8456.0 8.68159735669e-17
8458.0 6.21639597572e-17
8460.0 7.43404090986e-17
8462.0 5.05696503525e-17
8464.0 3.63807863861e-17
8466.0 1.13195894884e-16
8468.0 1.09786779177e-16
8470.0 1.04693881086e-16
8472.0 1.01546505177e-16
8474.0 4.71375059374e-17
8476.0 5.4294454577e-17
8478.0 7.92030068731e-17
8480.0 8.17012445242e-17
8482.0 7.01372198561e-17
8484.0 7.3991352115e-17
8486.0 7.52968085577e-17
8488.0 7.02491539366e-17
8490.0 7.504612651e-17
8492.0 7.28804419349e-17
8494.0 8.59960986135e-17
8496.0 9.19514681516e-17
8498.0 9.30719934792e-17
8500.0 8.84491457334e-17
8502.0 7.35524169947e-17
8504.0 7.02743796365e-17
8506.0 8.70402983316e-17
8508.0 9.93879343551e-17
8510.0 1.02490311638e-16
8512.0 7.3890224322e-17
8514.0 6.81870985486e-17
8516.0 6.96174989685e-17
8518.0 7.54755788317e-17
8520.0 7.89788872492e-17
8522.0 6.77755397979e-17
8524.0 8.17774311674e-17
8526.0 8.64756383757e-17
8528.0 8.19447334093e-17
8530.0 7.69963669315e-17
8532.0 7.64962535331e-17
8534.0 8.17205145238e-17
8536.0 8.68541760763e-17
8538.0 9.0616636871e-17
8540.0 8.55133163034e-17
8542.0 9.38615406826e-17
8544.0 9.3150496228e-17
8546.0 8.19053132901e-17
8548.0 7.0210547763e-17
8550.0 8.44842771516e-17
8552.0 8.44648814206e-17
8554.0 8.27059976532e-17
8556.0 7.57005454885e-17
8558.0 7.14175432431e-17
8560.0 6.65507103038e-17
8562.0 7.06917154166e-17
8564.0 9.26224969169e-17
8566.0 9.4018526328e-17
8568.0 8.11214173846e-17
8570.0 8.59238294978e-17
8572.0 8.22373634403e-17
8574.0 8.03638919971e-17
8576.0 8.15568254067e-17
8578.0 8.49416683256e-17
8580.0 8.24230687965e-17
8582.0 7.72512841439e-17
8584.0 8.86594613673e-17
8586.0 7.95924038008e-17
8588.0 7.70975939861e-17
8590.0 7.91931601151e-17
8592.0 8.38974553727e-17
8594.0 7.99858307525e-17
8596.0 7.02854042997e-17
8598.0 8.48051570548e-17
8600.0 7.34944084727e-17
8602.0 7.62219935292e-17
8604.0 8.37294119769e-17
8606.0 7.72268062153e-17
8608.0 5.90454491432e-17
8610.0 7.45769231968e-17
8612.0 8.52243126322e-17
8614.0 7.56070343746e-17
8616.0 7.93355145898e-17
8618.0 7.89781791826e-17
8620.0 7.88099240286e-17
8622.0 7.61661356768e-17
8624.0 6.78861173022e-17
8626.0 5.60254193442e-17
8628.0 3.57068194753e-17
8630.0 5.78761466293e-17
8632.0 6.61254600596e-17
8634.0 6.53788666911e-17
8636.0 5.66006010375e-17
8638.0 5.27556703358e-17
8640.0 7.8500432748e-17
8642.0 8.16552069601e-17
8644.0 5.57810834262e-17
8646.0 6.49099743978e-17
8648.0 6.02185963926e-17
8650.0 6.54461462534e-17
8652.0 6.99604348156e-17
8654.0 7.2067654265e-17
8656.0 7.90920190872e-17
8658.0 7.33707548973e-17
8660.0 7.9240726309e-17
8662.0 9.68721538575e-17
8664.0 6.48259593173e-17
8666.0 4.81961647726e-17
8668.0 5.64925315449e-17
8670.0 3.71161797291e-17
8672.0 6.12453591434e-17
8674.0 3.71061046693e-17
8676.0 6.97875474501e-17
8678.0 6.94782745452e-17
8680.0 7.93781706396e-17
8682.0 8.91037500004e-17
8684.0 8.62896617042e-17
8686.0 8.00958920961e-17
8688.0 8.26429929604e-17
8690.0 6.59701883325e-17
8692.0 7.10386548179e-17
8694.0 7.36072425257e-17
8696.0 7.18951176241e-17
8698.0 6.96342080169e-17
8700.0 6.77342998813e-17
8702.0 5.82269175312e-17
8704.0 6.60815466953e-17
8706.0 8.17358339087e-17
8708.0 7.27489863919e-17
8710.0 8.69467806002e-17
8712.0 9.49584351144e-17
8714.0 8.05476055024e-17
8716.0 7.47988656813e-17
8718.0 7.52901911128e-17
8720.0 7.6313241477e-17
8722.0 8.57123888983e-17
8724.0 7.38705241885e-17
8726.0 8.58925025136e-17
8728.0 8.97352726196e-17
8730.0 6.99068004246e-17
8732.0 6.81732879411e-17
8734.0 7.99972656973e-17
8736.0 7.33975886364e-17
8738.0 5.80366196682e-17
8740.0 6.2805679859e-17
8742.0 7.09492597547e-17
8744.0 7.39574443273e-17
8746.0 7.2020696876e-17
8748.0 7.20965857341e-17
8750.0 7.1527326654e-17
8752.0 8.23786260366e-17
8754.0 7.32198639187e-17
8756.0 6.91984889748e-17
8758.0 6.94759716744e-17
8760.0 6.31216562356e-17
8762.0 4.48694891944e-17
8764.0 4.98602536417e-17
8766.0 6.5595237287e-17
8768.0 9.64010314852e-17
8770.0 9.27214674228e-17
8772.0 9.43232861354e-17
8774.0 7.11044057504e-17
8776.0 -1.88684414129e-17
8778.0 3.83060724228e-18
8780.0 8.89127374534e-17
8782.0 7.22707370315e-17
8784.0 6.24334485834e-17
8786.0 2.19163670509e-17
8788.0 1.3878113717e-17
8790.0 6.20058557637e-17
8792.0 6.83501920956e-17
8794.0 1.01585290021e-16
8796.0 1.20573128338e-16
8798.0 7.96270527423e-17
8800.0 4.91361496597e-17
8802.0 6.02747123254e-17
8804.0 7.57456433755e-17
8806.0 7.73401961336e-17
8808.0 7.00933197266e-17
8810.0 7.36941692819e-17
8812.0 6.29996570214e-17
8814.0 6.71672311754e-17
8816.0 7.53525870008e-17
8818.0 7.85967165713e-17
8820.0 7.46509525529e-17
8822.0 6.34588944626e-17
8824.0 3.25252082155e-17
8826.0 1.89622304595e-17
8828.0 1.11978510016e-16
8830.0 6.95238555057e-17
8832.0 5.92489355739e-17
8834.0 6.48605884065e-17
8836.0 7.50005587844e-17
8838.0 8.70018046546e-17
8840.0 1.02853278491e-16
8842.0 1.01112169181e-16
8844.0 7.13850118839e-17
8846.0 4.29756889604e-17
8848.0 5.7276824497e-17
8850.0 7.21836249869e-17
8852.0 6.8319454064e-17
8854.0 6.51043155196e-17
8856.0 7.23124732565e-17
8858.0 3.78182840156e-17
8860.0 6.43590522575e-17
8862.0 7.67924900716e-17
8864.0 7.1423134984e-17
8866.0 6.04455416655e-17
8868.0 8.94700388106e-17
8870.0 1.1313460411e-16
8872.0 1.19276056198e-16
8874.0 8.28975528308e-17
8876.0 4.6532439863e-17
8878.0 5.31918559077e-17
8880.0 6.27043535427e-17
8882.0 3.771822494e-17
8884.0 4.01255719854e-18
8886.0 4.83281827984e-17
8888.0 1.09910419518e-16
8890.0 6.80347120274e-17
8892.0 9.8518594001e-17
8894.0 2.49564973388e-17
8896.0 -8.35704295175e-18
8898.0 5.61070058224e-17
8900.0 4.70761622232e-17
8902.0 5.12523721429e-17
8904.0 1.07688142554e-16
8906.0 1.06064274515e-16
8908.0 1.04128929962e-16
8910.0 8.73626737773e-17
8912.0 5.53121679718e-17
8914.0 5.72110537122e-17
8916.0 3.48215740925e-17
8918.0 5.63790423648e-18
8920.0 6.05256193662e-17
8922.0 1.10788203732e-16
8924.0 1.44664360015e-16
8926.0 1.34030430462e-16
8928.0 3.10533693556e-17
8930.0 -2.55855086376e-17
8932.0 3.73355778061e-17
8934.0 6.6920420333e-17
8936.0 7.86688401033e-17
8938.0 6.44633696589e-17
8940.0 5.62929891114e-17
8942.0 5.47363146079e-17
8944.0 8.12624483703e-17
8946.0 1.19743102225e-16
8948.0 1.01691466925e-16
8950.0 9.51804570083e-17
8952.0 2.44169770561e-17
8954.0 2.91406763165e-17
8956.0 1.88340522062e-17
8958.0 3.98887898807e-17
8960.0 1.12602032144e-16
8962.0 8.09624465058e-17
8964.0 7.51314650794e-17
8966.0 2.50850378973e-17
8968.0 3.25469564481e-17
8970.0 5.59992738194e-17
8972.0 7.39409867418e-17
8974.0 7.54682268504e-17
8976.0 6.45496942276e-17
8978.0 6.029396909e-17
8980.0 6.66443537666e-17
8982.0 5.14612021603e-17
8984.0 6.79544358033e-17
8986.0 6.66370547249e-17
8988.0 6.36454997913e-17
8990.0 8.52538462888e-17
8992.0 1.22740354778e-16
8994.0 1.12460564407e-16
8996.0 7.04511977643e-17
8998.0 3.93162320043e-17
9000.0 3.43020484195e-17
9002.0 8.0318986016e-17
9004.0 9.94396893916e-17
9006.0 6.5074603192e-17
9008.0 7.34348911733e-17
9010.0 2.40006835235e-17
9012.0 4.22175084459e-17
9014.0 6.24548692525e-17
9016.0 8.63410395464e-17
9018.0 7.869565399e-17
9020.0 5.85658829113e-17
9022.0 6.29538775375e-17
9024.0 6.31151314349e-17
9026.0 6.71846218206e-17
9028.0 7.61531059278e-17
9030.0 6.45554117e-17
9032.0 7.00701851392e-17
9034.0 7.58473071815e-17
9036.0 7.20525532557e-17
9038.0 7.70232536101e-17
9040.0 9.85536796939e-17
9042.0 1.08094983067e-16
9044.0 6.48065371165e-17
9046.0 4.10460221751e-17
9048.0 6.6239697011e-17
9050.0 8.96481076354e-17
9052.0 7.9477981561e-17
9054.0 5.46294726512e-17
9056.0 5.16551925576e-17
9058.0 6.04636668471e-17
9060.0 6.96002142024e-17
9062.0 5.97232674069e-17
9064.0 6.64203466393e-17
9066.0 7.78122714179e-17
9068.0 8.36934593987e-17
9070.0 7.69128481594e-17
9072.0 7.37571673574e-17
9074.0 6.80589848153e-17
9076.0 7.54802772176e-17
9078.0 8.3537896504e-17
9080.0 8.18746745202e-17
9082.0 7.92678512157e-17
9084.0 7.81737096409e-17
9086.0 7.56912810657e-17
9088.0 6.83241656848e-17
9090.0 5.78030569504e-17
9092.0 5.31334106343e-17
9094.0 5.58445116356e-17
9096.0 6.78018110542e-17
9098.0 7.253814798e-17
9100.0 4.43702526075e-17
9102.0 6.02836260237e-17
9104.0 9.92370698462e-17
9106.0 8.70781104117e-17
9108.0 7.84326701122e-17
9110.0 7.792311362e-17
9112.0 7.81297830417e-17
9114.0 7.65850331739e-17
9116.0 7.6034488228e-17
9118.0 8.15074989724e-17
9120.0 7.40930357733e-17
9122.0 6.57512236982e-17
9124.0 9.366608783e-17
9126.0 8.37945739568e-17
9128.0 7.54340345126e-17
9130.0 8.52399364196e-17
9132.0 9.20095494655e-17
9134.0 7.82058042487e-17
9136.0 7.56959728341e-17
9138.0 8.1127432642e-17
9140.0 6.72360856896e-17
9142.0 7.26787157445e-17
9144.0 7.57298012124e-17
9146.0 6.74785621057e-17
9148.0 6.39935840105e-17
9150.0 7.13947262931e-17
9152.0 7.5972760702e-17
9154.0 8.79053439638e-17
9156.0 6.76406828883e-17
9158.0 6.27560887269e-17
9160.0 6.87442344696e-17
9162.0 8.24120176635e-17
9164.0 8.45539191417e-17
9166.0 8.8136219999e-17
9168.0 6.01652531693e-17
9170.0 5.90772062613e-17
9172.0 6.4367522587e-17
9174.0 6.89317794756e-17
9176.0 6.0621122331e-17
9178.0 4.71019603321e-17
9180.0 6.87067929664e-17
9182.0 8.01941148307e-17
9184.0 5.98390197531e-17
9186.0 7.62711148227e-17
9188.0 6.98468662262e-17
9190.0 6.36040812037e-17
9192.0 7.55510640257e-17
9194.0 8.15037336463e-17
9196.0 7.48457899831e-17
9198.0 7.61334984386e-17
9200.0 7.50020807967e-17
9202.0 7.1717075269e-17
9204.0 6.76809169533e-17
9206.0 6.86953646391e-17
9208.0 7.1688441585e-17
9210.0 6.84251280417e-17
9212.0 7.29802065342e-17
9214.0 6.23209056979e-17
9216.0 8.97649187728e-17
9218.0 9.09385557131e-17
9220.0 8.39306352414e-17
9222.0 7.15885644891e-17
9224.0 6.45267383113e-17
9226.0 7.66067251583e-17
9228.0 7.23107461034e-17
9230.0 7.31977153306e-17
9232.0 9.56572372959e-17
9234.0 8.11099361177e-17
9236.0 8.57109661476e-17
9238.0 8.64653085442e-17
9240.0 6.91237449347e-17
9242.0 5.83315790397e-17
9244.0 5.58035165644e-17
9246.0 6.26329248424e-17
9248.0 7.98947217711e-17
9250.0 7.27971481559e-17
9252.0 6.67740424518e-17
9254.0 6.33461332015e-17
9256.0 6.28338039998e-17
9258.0 7.07187013569e-17
9260.0 9.28827213202e-17
9262.0 7.84230152601e-17
9264.0 7.670860734e-17
9266.0 7.68296470247e-17
9268.0 7.05688559346e-17
9270.0 7.45077113406e-17
9272.0 8.50614176086e-17
9274.0 7.2586667086e-17
9276.0 8.15238506788e-17
9278.0 7.62464516056e-17
9280.0 8.26216914052e-17
9282.0 6.35799738519e-17
9284.0 6.47465830657e-17
9286.0 7.67308551898e-17
9288.0 8.47189913047e-17
9290.0 7.97637029795e-17
9292.0 7.18372943906e-17
9294.0 8.43777032014e-17
9296.0 7.90469741398e-17
9298.0 8.16293856901e-17
9300.0 7.69382591478e-17
9302.0 4.99116116316e-17
9304.0 1.75073802351e-17
9306.0 1.45427897351e-17
9308.0 7.40661954168e-17
9310.0 4.18417654783e-19
9312.0 -1.67836617192e-17
9314.0 -6.21576599497e-18
9316.0 6.55571538916e-17
9318.0 2.28966399351e-16
9320.0 1.8928557922e-16
9322.0 -5.72839911899e-17
9324.0 3.34150427963e-17
9326.0 1.1278869703e-16
9328.0 9.76504844918e-17
9330.0 3.00114427298e-17
9332.0 -1.00253157004e-17
9334.0 1.66948936589e-17
9336.0 2.80874173163e-17
9338.0 1.87961094315e-17
9340.0 3.19684064754e-17
9342.0 2.6793018624e-17
9344.0 3.06543638979e-17
9346.0 2.36415961478e-17
9348.0 4.47410346627e-17
9350.0 8.60815298272e-17
9352.0 7.30461824599e-17
9354.0 9.50332056243e-17
9356.0 5.86812382108e-17
9358.0 2.99360204016e-17
9360.0 4.15786106843e-17
9362.0 5.55644150453e-17
9364.0 7.17620341897e-17
9366.0 8.06027751405e-17
9368.0 6.45521228299e-17
9370.0 5.48714825374e-17
9372.0 -1.09478528668e-17
9374.0 -9.77820128266e-17
9376.0 2.50528867103e-16
9378.0 2.5450573973e-16
9380.0 2.72855490923e-16
9382.0 2.61159501168e-16
9384.0 -4.60839921657e-17
9386.0 -5.69295476061e-17
9388.0 5.64552554778e-17
9390.0 5.97339611979e-17
9392.0 8.03281313248e-17
9394.0 6.61828862465e-17
9396.0 5.47312390276e-17
9398.0 3.75528119785e-17
9400.0 2.7541358998e-17
9402.0 1.12627310784e-16
9404.0 1.2486354874e-16
9406.0 1.13167651629e-16
9408.0 1.01692280871e-16
9410.0 6.43368705822e-17
9412.0 4.79992130688e-17
9414.0 5.73461422324e-17
9416.0 2.24588221705e-17
9418.0 2.40364094542e-17
9420.0 9.86794376168e-17
9422.0 5.40699941547e-17
9424.0 7.06038886879e-17
9426.0 4.78875337599e-17
9428.0 2.62385875836e-17
9430.0 3.62243499886e-17
9432.0 5.61313249324e-17
9434.0 6.00714905925e-17
9436.0 3.96929201291e-17
9438.0 3.51649433822e-17
9440.0 8.13121056769e-17
9442.0 -1.89786566121e-17
9444.0 -1.30851965798e-16
9446.0 -1.03097773228e-16
9448.0 -6.50882748332e-17
9450.0 -3.82634593864e-17
9452.0 5.47111616998e-17
9454.0 4.11513586631e-17
9456.0 -3.45813310641e-17
9458.0 3.39691181491e-17
9460.0 1.08207175227e-16
9462.0 1.01760023654e-16
9464.0 9.20677829807e-17
9466.0 3.31774665982e-17
9468.0 2.90212545971e-17
9470.0 4.07526145944e-17
9472.0 6.42108942836e-17
9474.0 2.82068258008e-17
9476.0 3.79349032471e-17
9478.0 1.55978099682e-16
9480.0 2.27587085606e-16
9482.0 2.22958182898e-16
9484.0 1.47519191919e-16
9486.0 2.96721299339e-17
9488.0 8.46197230138e-17
9490.0 8.0611543255e-17
9492.0 7.01592096255e-17
9494.0 6.35125619407e-17
9496.0 4.35436179341e-17
9498.0 1.42184058948e-17
9500.0 9.19649478869e-19
9502.0 6.45153960107e-17
9504.0 1.26383297901e-16
9506.0 1.40405385712e-16
9508.0 1.65836504397e-16
9510.0 1.67072444581e-16
9512.0 6.80425934043e-17
9514.0 4.19995066498e-17
9516.0 8.03651426942e-17
9518.0 6.86978197111e-17
9520.0 6.26589711056e-17
9522.0 8.09376046176e-17
9524.0 1.14921023065e-16
9526.0 1.01248687069e-16
9528.0 8.56150545556e-18
9530.0 5.59298237352e-17
9532.0 6.41453617268e-17
9534.0 6.18928827443e-17
9536.0 5.99225252903e-17
9538.0 5.87700774086e-17
9540.0 5.65964188124e-17
9542.0 7.20770973589e-17
9544.0 1.04062940802e-16
9546.0 7.16120762708e-17
9548.0 7.1155373311e-17
9550.0 1.61229776747e-17
9552.0 6.90829219171e-17
9554.0 9.20619993338e-17
9556.0 1.07095087142e-16
9558.0 1.07485695062e-16
9560.0 8.08397524599e-17
9562.0 4.40294641213e-17
9564.0 9.19273938871e-17
9566.0 -3.63266656129e-17
9568.0 8.97718935597e-17
9570.0 3.67442495472e-17
9572.0 8.26251192417e-18
9574.0 3.57290309291e-17
9576.0 -4.92333433816e-17
9578.0 2.91501657324e-17
9580.0 5.30911946446e-17
9582.0 8.04865397209e-17
9584.0 7.75486257957e-17
9586.0 7.81942568074e-17
9588.0 7.05061027046e-17
9590.0 4.41312966721e-17
9592.0 2.44494356233e-17
9594.0 4.83250891429e-17
9596.0 5.08836712741e-17
9598.0 5.40463930374e-17
9600.0 1.07153982402e-16
9602.0 8.29773393639e-17
9604.0 6.42510092346e-17
9606.0 6.19726692775e-17
9608.0 5.16758125159e-17
9610.0 1.35448707723e-16
9612.0 7.18534343387e-17
9614.0 5.94293800615e-17
9616.0 5.35720413521e-17
9618.0 4.73549452507e-17
9620.0 3.88960044008e-17
9622.0 1.28817498537e-17
9624.0 -6.7512413645e-18
9626.0 3.12742034181e-17
9628.0 2.76673650751e-17
9630.0 4.80716112247e-17
9632.0 1.02628616237e-16
9634.0 7.57810533232e-17
9636.0 4.37448312725e-17
9638.0 3.16364820566e-17
9640.0 4.28819727058e-17
9642.0 8.85827122413e-17
9644.0 1.05309078468e-16
9646.0 8.70402321571e-17
9648.0 9.68839329094e-17
9650.0 1.01525878601e-16
9652.0 9.67221628514e-17
9654.0 7.95004477865e-17
9656.0 6.97645849163e-17
9658.0 1.04753120452e-16
9660.0 1.25735423575e-16
9662.0 1.15836996553e-16
9664.0 1.10521924366e-16
9666.0 1.23413388629e-16
9668.0 1.11571232752e-16
9670.0 4.01811353615e-17
9672.0 1.79029744e-17
9674.0 1.35955259895e-16
9676.0 1.25633514924e-16
9678.0 2.37096383706e-17
9680.0 4.04459456541e-17
9682.0 3.43651259043e-17
9684.0 3.4580080367e-17
9686.0 6.04979981512e-17
9688.0 5.8953420337e-17
9690.0 5.37592124724e-17
9692.0 8.17142014814e-17
9694.0 7.37640495001e-17
9696.0 6.07659517301e-17
9698.0 1.01499701643e-17
9700.0 -1.87346085529e-17
9702.0 4.05929290315e-17
9704.0 9.30786307764e-17
9706.0 1.67092452426e-17
9708.0 -4.08855425189e-17
9710.0 -2.08946434845e-17
9712.0 4.72054075396e-17
9714.0 8.15937441318e-17
9716.0 9.25894361622e-17
9718.0 4.13058362968e-17
9720.0 -2.90464616855e-18
9722.0 9.00301658167e-17
9724.0 1.64661087364e-16
9726.0 9.66526796799e-17
9728.0 -3.48477758655e-17
9730.0 8.40468359195e-18
9732.0 7.12072011395e-17
9734.0 9.48068426866e-17
9736.0 8.67942815825e-17
9738.0 4.93295577218e-17
9740.0 1.01504888066e-16
9742.0 1.46376703292e-16
9744.0 7.1795564783e-17
9746.0 6.54194051585e-17
9748.0 6.42782598727e-17
9750.0 4.83490442934e-17
9752.0 6.33826548799e-17
9754.0 7.05137193837e-17
9756.0 7.12811312339e-17
9758.0 5.20800192853e-17
9760.0 1.26934074457e-17
9762.0 4.96225847994e-17
9764.0 8.31586772066e-17
9766.0 8.10682065102e-17
9768.0 6.21069041473e-17
9770.0 2.26323299214e-17
9772.0 7.92026826183e-17
9774.0 1.12146210959e-17
9776.0 7.3765922237e-17
9778.0 7.62137084882e-17
9780.0 5.97670219526e-17
9782.0 7.65352633708e-17
9784.0 1.07353485131e-16
9786.0 4.44820212518e-17
9788.0 3.60308691346e-17
9790.0 6.00270412151e-17
9792.0 3.4783646207e-17
9794.0 5.34175273224e-17
9796.0 8.16512695804e-17
9798.0 6.04141021848e-17
9800.0 4.38137221826e-18
9802.0 4.22130913014e-17
9804.0 4.49218563446e-17
9806.0 6.03526898145e-18
9808.0 -7.16165298112e-17
9810.0 -3.34331845215e-17
9812.0 -1.8165675382e-17
9814.0 -1.97785882409e-17
9816.0 8.25327529458e-17
9818.0 5.81350078389e-17
9820.0 1.23497370622e-17
9822.0 7.15919658558e-17
9824.0 3.55301998709e-17
9826.0 3.62112507564e-17
9828.0 7.38262336298e-17
9830.0 1.07398781541e-16
9832.0 7.14798332519e-17
9834.0 1.02542119615e-16
9836.0 9.76673060367e-17
9838.0 6.2651544678e-18
9840.0 4.23378731512e-17
9842.0 4.29468964577e-17
9844.0 4.52246044488e-17
9846.0 5.64861258582e-17
9848.0 8.63360632278e-17
9850.0 1.02959706858e-16
9852.0 6.4240990423e-17
9854.0 1.3671792042e-16
9856.0 4.17272649666e-17
9858.0 3.81206019859e-17
9860.0 3.42749797611e-17
9862.0 6.024082439e-17
9864.0 9.10496229083e-17
9866.0 2.58544631051e-17
9868.0 6.09191124923e-17
9870.0 2.48745948776e-17
9872.0 3.38260920038e-17
9874.0 1.79983728091e-16
9876.0 2.26372466829e-16
9878.0 2.90822092055e-16
9880.0 2.71354177963e-16
9882.0 2.70156526315e-17
9884.0 5.89260836721e-17
9886.0 9.32452117169e-17
9888.0 4.99572620752e-17
9890.0 4.18565996184e-17
9892.0 4.12736854408e-17
9894.0 3.30970745689e-17
9896.0 2.04386882959e-17
9898.0 7.17086512617e-17
9900.0 2.15049078928e-16
9902.0 2.01029757208e-16
9904.0 7.19834340437e-17
9906.0 6.63621131242e-17
9908.0 3.72906883686e-17
9910.0 2.25704865901e-17
9912.0 6.55840471877e-17
9914.0 8.38165372564e-17
9916.0 2.78127040175e-17
