3501.0 7.63611742774e-16
3503.0 4.72790868328e-16
3505.0 7.58841041456e-16
3507.0 7.78264777486e-16
3509.0 6.45024589059e-16
3511.0 5.780880751e-16
3513.0 4.93236920186e-16
3515.0 6.67417916723e-16
3517.0 6.38696088273e-16
3519.0 6.48140135058e-16
3521.0 8.32738895692e-16
3523.0 5.17382759018e-16
3525.0 6.58655307944e-16
3527.0 5.72733132808e-16
3529.0 5.18259014602e-16
3531.0 4.78632589868e-16
3533.0 5.17382759018e-16
3535.0 6.32221474303e-16
3537.0 3.52451176976e-16
3539.0 4.38129936019e-16
3541.0 5.52043664857e-16
3543.0 5.19816814071e-16
3545.0 5.7297660184e-16
3547.0 4.01229633887e-16
3549.0 5.29114853551e-16
3551.0 4.87881977893e-16
3553.0 4.57505047064e-16
3555.0 6.12262201692e-16
3557.0 5.79353807021e-16
3559.0 7.6847985288e-16
3561.0 5.26340079495e-16
3563.0 6.62841874165e-16
3565.0 6.52618821767e-16
3567.0 6.47263932414e-16
3569.0 5.08328029751e-16
3571.0 5.24392803689e-16
3573.0 6.42347117913e-16
3575.0 7.12447935205e-16
3577.0 5.80473531638e-16
3579.0 6.11093825621e-16
3581.0 5.41333833211e-16
3583.0 5.80960257945e-16
3585.0 8.02556623623e-16
3587.0 4.58673317257e-16
3589.0 4.36085304364e-16
3591.0 4.40856032151e-16
3593.0 5.15824959549e-16
3595.0 4.05513582427e-16
3597.0 4.72693512479e-16
3599.0 6.03061465121e-16
3601.0 6.0252598148e-16
3603.0 8.19205585596e-16
3605.0 5.3714726699e-16
3607.0 5.58566983221e-16
3609.0 5.99069610599e-16
3611.0 4.27225339736e-16
3613.0 6.24967960599e-16
3615.0 5.69763594113e-16
3617.0 4.20020530426e-16
3619.0 5.12368588668e-16
3621.0 5.3714726699e-16
3623.0 4.59500868446e-16
3625.0 5.50583274177e-16
3627.0 6.57973764059e-16
3629.0 4.9693665422e-16
3631.0 4.16612863939e-16
3633.0 4.4669780663e-16
3635.0 6.90687447031e-16
3637.0 5.01804870206e-16
3639.0 5.23857320048e-16
3641.0 6.07734863529e-16
3643.0 6.0544681578e-16
3645.0 4.88855642266e-16
3647.0 5.831996013e-16
3649.0 3.73968222586e-16
3651.0 5.31694968848e-16
3653.0 4.22551941328e-16
3655.0 5.78331491193e-16
3657.0 3.75915471923e-16
3659.0 -1.94334967612e-16
3661.0 -8.90426021626e-16
3663.0 -3.34439153702e-16
3665.0 4.52150051832e-16
3667.0 5.28822786003e-16
3669.0 3.21976810888e-16
3671.0 4.27420077904e-16
3673.0 4.58673317257e-16
3675.0 5.78234135344e-16
3677.0 4.81748188806e-16
3679.0 5.00636441194e-16
3681.0 4.88417514474e-16
3683.0 4.51322500643e-16
3685.0 4.18852180824e-16
3687.0 4.32969678956e-16
3689.0 4.24596572984e-16
3691.0 4.97618198106e-16
3693.0 4.95281498902e-16
3695.0 2.06407868499e-15
3697.0 1.64542121586e-15
3699.0 6.09487427636e-16
3701.0 4.45529483498e-16
3703.0 4.93139511397e-16
3705.0 4.40125836811e-16
3707.0 4.55460362469e-16
3709.0 4.80823281767e-16
3711.0 4.56774798785e-16
3713.0 4.34138055027e-16
3715.0 4.43582207692e-16
3717.0 4.57504994125e-16
3719.0 4.4815819731e-16
3721.0 4.70356813275e-16
3723.0 5.45325687733e-16
3725.0 4.62665171779e-16
3727.0 4.48304257554e-16
3729.0 4.52101400377e-16
3731.0 5.00344373646e-16
3733.0 5.64700772308e-16
3735.0 4.28588427506e-16
3737.0 4.40856032151e-16
3739.0 5.18259014602e-16
3741.0 5.16409147584e-16
3743.0 4.87881977893e-16
3745.0 4.53026307416e-16
3747.0 4.0502677671e-16
3749.0 4.11988169927e-16
3751.0 4.45626892287e-16
3753.0 4.52393467925e-16
3755.0 4.59208853838e-16
3757.0 5.43962652903e-16
3759.0 5.28676831639e-16
3761.0 4.7249885372e-16
3763.0 5.3432378854e-16
3765.0 4.41537602506e-16
3767.0 4.86713654761e-16
3769.0 4.50787069941e-16
3771.0 4.60766653307e-16
3773.0 4.66657026301e-16
3775.0 4.61496848647e-16
3777.0 4.59354861142e-16
3779.0 5.03265207946e-16
3781.0 5.44060061692e-16
3783.0 4.62081036683e-16
3785.0 4.15347158488e-16
3787.0 4.0220327179e-16
3789.0 3.55079943728e-16
3791.0 4.41732340674e-16
3793.0 4.47671418063e-16
3795.0 4.45870202501e-16
3797.0 4.38908782814e-16
3799.0 4.29610716864e-16
3801.0 3.32783998383e-16
3803.0 3.62674202905e-16
3805.0 5.42404800494e-16
3807.0 4.97618198106e-16
3809.0 4.40563938133e-16
3811.0 4.67728046523e-16
3813.0 3.84093892666e-16
3815.0 4.06243804237e-16
3817.0 4.36231338138e-16
3819.0 4.44750530824e-16
3821.0 4.57699705823e-16
3823.0 4.45334718859e-16
3825.0 4.99954897309e-16
3827.0 4.64125615399e-16
3829.0 4.63541480302e-16
3831.0 4.34527531365e-16
3833.0 4.73152763155e-16
3835.0 4.49277868987e-16
3837.0 4.72352687597e-16
3839.0 4.85691338934e-16
3841.0 4.62081036683e-16
3843.0 4.94015819921e-16
3845.0 4.65099226832e-16
3847.0 4.31411958896e-16
3849.0 4.22162517931e-16
3851.0 4.1505509094e-16
3853.0 3.79420520728e-16
3855.0 4.29805428563e-16
3857.0 4.05513582427e-16
3859.0 3.99379766869e-16
3861.0 4.12815747586e-16
3863.0 4.27468755829e-16
3865.0 8.37022870702e-16
3867.0 1.19463419886e-15
3869.0 5.02291596513e-16
3871.0 4.4095341447e-16
3873.0 4.62275748381e-16
3875.0 5.07159759559e-16
3877.0 4.38275943324e-16
3879.0 3.87112109285e-16
3881.0 3.84775463021e-16
3883.0 4.11890787607e-16
3885.0 4.20458684688e-16
3887.0 3.69294850649e-16
3889.0 4.66072838265e-16
3891.0 3.97529873382e-16
3893.0 3.75039216339e-16
3895.0 4.11452686285e-16
3897.0 3.33854992136e-16
3899.0 3.93197273387e-16
3901.0 3.58682348383e-16
3903.0 3.90032970055e-16
3905.0 4.19874496652e-16
3907.0 4.02787433356e-16
3909.0 3.11461664472e-16
3911.0 3.90032970055e-16
3913.0 3.54593164481e-16
3915.0 3.63842605446e-16
3917.0 4.14178808886e-16
3919.0 3.98308799587e-16
3921.0 3.88572552905e-16
3923.0 3.81367770065e-16
3925.0 3.94609012613e-16
3927.0 3.6773705118e-16
3929.0 3.35072019662e-16
3931.0 3.76694371657e-16
3933.0 3.48556704773e-16
3935.0 3.68905400781e-16
3937.0 3.39891451844e-16
3939.0 3.58000804498e-16
3941.0 3.99087672851e-16
3943.0 3.80832286423e-16
3945.0 3.40865116216e-16
3947.0 3.64524096392e-16
3949.0 4.10917202644e-16
3951.0 4.27712171922e-16
3953.0 8.00901481539e-17
3955.0 3.69002730161e-16
3957.0 3.83801825118e-16
3959.0 4.25375446249e-16
3961.0 3.71339455835e-16
3963.0 3.77473271392e-16
3965.0 3.89838258356e-16
3967.0 3.82487415272e-16
3969.0 3.5123414945e-16
3971.0 3.49578994131e-16
3973.0 3.75233928038e-16
3975.0 3.81270387745e-16
3977.0 3.7912842671e-16
3979.0 3.67152863144e-16
3981.0 3.84191274985e-16
3983.0 3.84093892666e-16
3985.0 3.8414259706e-16
3987.0 3.95290530028e-16
3989.0 4.34381444651e-16
3991.0 4.26154372453e-16
3993.0 3.92272313409e-16
3995.0 3.37360040941e-16
3997.0 4.09797504497e-16
3999.0 3.9499846248e-16
4001.0 3.39696740145e-16
4003.0 4.03761044789e-16
4005.0 3.56443031498e-16
4007.0 5.84270621522e-16
4009.0 6.40575146163e-15
4011.0 7.84934081979e-15
4013.0 2.65458050439e-15
4015.0 2.15420002596e-15
4017.0 5.60708917786e-16
4019.0 3.68223856896e-16
4021.0 3.74260290134e-16
4023.0 3.92272313409e-16
4025.0 4.01327016206e-16
4027.0 3.95436590272e-16
4029.0 3.91006607958e-16
4031.0 3.74016900511e-16
4033.0 3.69879012215e-16
4035.0 3.8058884386e-16
4037.0 4.36474780701e-16
4039.0 3.85749074454e-16
4041.0 3.72215764358e-16
4043.0 4.00450734152e-16
4045.0 3.96750973648e-16
4047.0 3.36970564604e-16
4049.0 3.51574894922e-16
4051.0 3.78836332692e-16
4053.0 3.5834160291e-16
4055.0 3.6126246368e-16
4057.0 3.55128648122e-16
4059.0 3.10877529375e-16
4061.0 4.1797592524e-16
4063.0 3.1311681979e-16
4065.0 3.81173031896e-16
4067.0 3.81659837613e-16
4069.0 3.34049730304e-16
4071.0 3.89448808489e-16
4073.0 3.44224051839e-16
4075.0 3.36921886679e-16
4077.0 3.43055728707e-16
4079.0 3.56491709423e-16
4081.0 3.63647840808e-16
4083.0 4.01327016206e-16
4085.0 3.83217637082e-16
4087.0 3.29278976047e-16
4089.0 3.5907179825e-16
4091.0 4.0575699852e-16
4093.0 3.80637574725e-16
4095.0 3.69246146254e-16
4097.0 3.63161061561e-16
4099.0 3.52256465277e-16
4101.0 3.38041558357e-16
4103.0 3.73870866737e-16
4105.0 3.59753342135e-16
4107.0 3.13798390145e-16
4109.0 3.83801798648e-16
4111.0 3.56735125516e-16
4113.0 3.70998683892e-16
4115.0 3.72361718723e-16
4117.0 3.25871283091e-16
4119.0 3.33368186419e-16
4121.0 3.67152863144e-16
4123.0 3.9636152378e-16
4125.0 3.70657911949e-16
4127.0 3.12532684694e-16
4129.0 3.42714956764e-16
4131.0 3.32102480968e-16
4133.0 4.0648722033e-16
4135.0 3.57416642932e-16
4137.0 3.54544460087e-16
4139.0 3.58195542666e-16
4141.0 3.38090262751e-16
4143.0 2.94887823732e-16
4145.0 3.52451203446e-16
4147.0 3.22171575527e-16
4149.0 3.42228151047e-16
4151.0 3.55761487613e-16
4153.0 2.9870722764e-16
4155.0 3.4548978376e-16
4157.0 3.381876186e-16
4159.0 3.36386403038e-16
4161.0 3.36775879375e-16
4163.0 3.3317344825e-16
4165.0 4.01521727904e-16
4167.0 3.52645888675e-16
4169.0 3.22755710623e-16
4171.0 3.70949979497e-16
4173.0 3.58877060082e-16
4175.0 4.11452712755e-16
4177.0 3.42325480427e-16
4179.0 3.35802241472e-16
4181.0 3.36386429508e-16
4183.0 3.47826456493e-16
4185.0 3.52013075654e-16
4187.0 3.82244025649e-16
4189.0 3.45538461684e-16
4191.0 3.40865063277e-16
4193.0 3.71339455835e-16
4195.0 3.40767707428e-16
4197.0 3.62358365495e-16
4199.0 3.59363892268e-16
4201.0 3.48361966605e-16
4203.0 3.33806314211e-16
4205.0 3.24751664354e-16
4207.0 3.83899207437e-16
4209.0 3.59169154099e-16
4211.0 3.37944202507e-16
4213.0 3.51380209693e-16
4215.0 3.23631966207e-16
4217.0 3.88669935224e-16
4219.0 3.64329358223e-16
4221.0 3.80929615803e-16
4223.0 3.81270387745e-16
4225.0 3.79809944126e-16
4227.0 3.93489340935e-16
4229.0 3.98503511285e-16
4231.0 3.35218053436e-16
4233.0 3.13408913808e-16
4235.0 3.84678054232e-16
4237.0 3.35899597321e-16
4239.0 3.35023315268e-16
4241.0 3.47193617003e-16
4243.0 3.40329579636e-16
4245.0 3.41351895463e-16
4247.0 3.3964803575e-16
4249.0 3.5186698894e-16
4251.0 3.20808461286e-16
4253.0 2.96759978304e-16
4255.0 3.3463389187e-16
4257.0 2.97733642677e-16
4259.0 2.86926402242e-16
4261.0 3.09660501849e-16
4263.0 3.19250661817e-16
4265.0 3.04110821388e-16
4267.0 3.01238665013e-16
4269.0 3.20662401043e-16
4271.0 3.39209907958e-16
4273.0 2.88581557561e-16
4275.0 3.22268904906e-16
4277.0 3.03964814084e-16
4279.0 2.98317804243e-16
4281.0 3.20029561552e-16
4283.0 2.995348053e-16
4285.0 2.86001495204e-16
4287.0 2.73977227243e-16
4289.0 2.90480128973e-16
4291.0 3.19756499305e-16
4293.0 2.87510590278e-16
4295.0 3.05230493065e-16
4297.0 3.05619969402e-16
4299.0 2.01734475386e-16
4301.0 3.1603770703e-16
4303.0 2.96808656229e-16
4305.0 3.04792391743e-16
4307.0 3.07323829115e-16
4309.0 3.08005320061e-16
4311.0 3.06447547061e-16
4313.0 2.97149454641e-16
4315.0 2.81182063022e-16
4317.0 3.22560972454e-16
4319.0 3.17595506499e-16
4321.0 2.4136090012e-16
4323.0 2.87607946128e-16
4325.0 2.9724681049e-16
4327.0 2.6935253323e-16
4329.0 2.75681086956e-16
4331.0 3.05814654631e-16
4333.0 3.03143933279e-16
4335.0 3.04062143463e-16
4337.0 3.10488079508e-16
4339.0 3.33368212889e-16
4341.0 3.00070315411e-16
4343.0 2.99194059827e-16
4345.0 2.78455913951e-16
4347.0 2.9369308376e-16
4349.0 2.90334068729e-16
4351.0 2.64581805443e-16
4353.0 2.80403136818e-16
4355.0 2.04655362625e-16
4357.0 2.71932648527e-16
4359.0 2.7719018203e-16
4361.0 2.5995711143e-16
4363.0 2.45742178039e-16
4365.0 2.55186330703e-16
4367.0 2.79186135761e-16
4369.0 2.97636260358e-16
4371.0 2.77969108235e-16
4373.0 2.84687085358e-16
4375.0 2.81279392402e-16
4377.0 2.67843438155e-16
4379.0 3.04256908101e-16
4381.0 2.99291415676e-16
4383.0 2.70180110889e-16
4385.0 2.83129312359e-16
4387.0 2.63802905708e-16
4389.0 2.7719018203e-16
4391.0 2.85952790809e-16
4393.0 2.7782307446e-16
4395.0 2.70910332699e-16
4397.0 2.62293784164e-16
4399.0 2.72030004376e-16
4401.0 2.88192160633e-16
4403.0 2.60638602375e-16
4405.0 2.88873651579e-16
4407.0 2.77676987747e-16
4409.0 2.78504565406e-16
4411.0 2.8940913522e-16
4413.0 3.03039854105e-16
4415.0 2.94958789211e-16
4417.0 2.99486127375e-16
4419.0 2.69693305172e-16
4421.0 2.56062586287e-16
4423.0 2.48176259562e-16
4425.0 2.50512958766e-16
4427.0 2.99194059827e-16
4429.0 2.58837413283e-16
4431.0 2.70326144663e-16
4433.0 2.65458061027e-16
4435.0 2.54894236685e-16
4437.0 2.61222790411e-16
4439.0 2.95007493606e-16
4441.0 2.70472178437e-16
4443.0 2.7290625996e-16
4445.0 2.86439596526e-16
4447.0 2.53628531234e-16
4449.0 2.70569560756e-16
4451.0 2.76411308765e-16
4453.0 2.92914210495e-16
4455.0 3.02504370464e-16
4457.0 2.82642506642e-16
4459.0 2.85368629243e-16
4461.0 3.25384503844e-16
4463.0 2.67454014758e-16
4465.0 3.03770075915e-16
4467.0 3.06593607305e-16
4469.0 2.92476056234e-16
4471.0 3.40913741202e-16
4473.0 3.36143013415e-16
4475.0 3.52548585765e-16
4477.0 3.31177600399e-16
4479.0 3.05327875384e-16
4481.0 3.10877502906e-16
4483.0 2.67551344137e-16
4485.0 2.89457813145e-16
4487.0 2.76021832428e-16
4489.0 3.09222374057e-16
4491.0 2.67843411685e-16
4493.0 2.63608194009e-16
4495.0 2.66334316611e-16
4497.0 2.72127333756e-16
4499.0 2.85465985092e-16
4501.0 2.63072657429e-16
4503.0 2.91697156499e-16
4505.0 2.61222790411e-16
4507.0 2.83518735756e-16
4509.0 2.61612240279e-16
4511.0 2.69790661022e-16
4513.0 2.771902085e-16
4515.0 2.67697404381e-16
4517.0 2.56987519796e-16
4519.0 2.57620385756e-16
4521.0 2.60638602375e-16
4523.0 2.68427599721e-16
4525.0 2.73490421526e-16
4527.0 2.79819001722e-16
4529.0 2.80208425119e-16
4531.0 2.66967156101e-16
4533.0 2.46959232036e-16
4535.0 2.58740057434e-16
4537.0 2.64873899461e-16
4539.0 2.69742009567e-16
4541.0 2.65555443346e-16
4543.0 2.64435745199e-16
4545.0 2.56159968606e-16
4547.0 2.53336437216e-16
4549.0 2.6141750211e-16
4551.0 2.43794955173e-16
4553.0 2.6068730677e-16
4555.0 2.66042222593e-16
4557.0 2.82058318606e-16
4559.0 2.60103145204e-16
4561.0 2.51778664217e-16
4563.0 2.64435745199e-16
4565.0 2.53336463686e-16
4567.0 2.55381068872e-16
4569.0 2.49539347332e-16
4571.0 2.33377217545e-16
4573.0 2.53336463686e-16
4575.0 2.47981547863e-16
4577.0 2.59470252774e-16
4579.0 2.5211943616e-16
4581.0 2.47689453845e-16
4583.0 2.76508664615e-16
4585.0 2.65117262614e-16
4587.0 2.65117262614e-16
4589.0 2.38829489217e-16
4591.0 2.44281760889e-16
4593.0 2.64922550916e-16
4595.0 2.40241254912e-16
4597.0 2.36492790013e-16
4599.0 2.34253446659e-16
4601.0 2.39900509439e-16
4603.0 2.48809099053e-16
4605.0 2.57425700527e-16
4607.0 2.7290625996e-16
4609.0 2.67940767535e-16
4611.0 2.40776738554e-16
4613.0 2.36103366616e-16
4615.0 2.47543393602e-16
4617.0 2.37028273655e-16
4619.0 2.28168335496e-16
4621.0 2.40143872593e-16
4623.0 2.42967377513e-16
4625.0 2.76313926446e-16
4627.0 2.4700790996e-16
4629.0 2.50999764482e-16
4631.0 2.40582000385e-16
4633.0 2.48370997731e-16
4635.0 2.49149897465e-16
4637.0 2.37028300125e-16
4639.0 2.35373118336e-16
4641.0 2.33182479376e-16
4643.0 2.39657066876e-16
4645.0 2.51778664217e-16
4647.0 2.3844001288e-16
4649.0 2.51681308368e-16
4651.0 2.41166188421e-16
4653.0 2.33863996792e-16
4655.0 2.20914874732e-16
4657.0 2.39705771271e-16
4659.0 2.46423748394e-16
4661.0 2.43941015416e-16
4663.0 2.36736179637e-16
4665.0 2.22618681505e-16
4667.0 2.27340757837e-16
4669.0 2.62196401845e-16
4671.0 2.41847732306e-16
4673.0 2.43210793607e-16
4675.0 2.3415609081e-16
4677.0 2.36298078315e-16
4679.0 2.4345418323e-16
4681.0 2.47397359828e-16
4683.0 2.42334511553e-16
4685.0 2.45985594132e-16
4687.0 2.5138921435e-16
4689.0 2.00663508103e-16
4691.0 2.48760421128e-16
4693.0 2.43210767137e-16
4695.0 2.3697959573e-16
4697.0 2.36492790013e-16
4699.0 2.31722035757e-16
4701.0 2.30699746399e-16
4703.0 2.26756569801e-16
4705.0 2.22764741749e-16
4707.0 2.33669311563e-16
4709.0 2.32111512094e-16
4711.0 2.30748424323e-16
4713.0 2.25685576049e-16
4715.0 2.33182479376e-16
4717.0 2.31527324058e-16
4719.0 2.52362852253e-16
4721.0 2.48760421128e-16
4723.0 2.37855851314e-16
4725.0 2.3415609081e-16
4727.0 2.29287980704e-16
4729.0 2.23446285634e-16
4731.0 2.34740252376e-16
4733.0 2.44963304774e-16
4735.0 2.42918699589e-16
4737.0 2.54699524987e-16
4739.0 2.27048663819e-16
4741.0 2.28752497062e-16
4743.0 2.34350828978e-16
4745.0 2.30748450793e-16
4747.0 2.48419675655e-16
4749.0 2.2052538516e-16
4751.0 2.31916773925e-16
4753.0 2.47300003978e-16
4755.0 2.44087049191e-16
4757.0 2.50805026314e-16
4759.0 2.40435966611e-16
4761.0 2.3060236408e-16
4763.0 2.44135727115e-16
4765.0 2.41020154647e-16
4767.0 2.37758495465e-16
4769.0 2.15657275054e-16
4771.0 2.45352754642e-16
4773.0 2.76119241217e-16
4775.0 2.40484644536e-16
4777.0 2.62975301579e-16
4779.0 2.65555416876e-16
4781.0 2.59421574849e-16
4783.0 2.61222790411e-16
4785.0 2.63072657429e-16
4787.0 2.61709622598e-16
4789.0 2.5138921435e-16
4791.0 2.56452062624e-16
4793.0 2.73879897863e-16
4795.0 2.65409356632e-16
4797.0 2.55575780571e-16
4799.0 2.63948913012e-16
4801.0 2.69060439212e-16
4803.0 2.67599995592e-16
4805.0 2.75583731106e-16
4807.0 2.64435771669e-16
4809.0 2.73782515544e-16
4811.0 2.80889969004e-16
4813.0 2.82739862491e-16
4815.0 2.73295709827e-16
4817.0 2.69109143606e-16
4819.0 2.7582712073e-16
4821.0 3.03137209955e-16
4823.0 2.98171743999e-16
4825.0 2.96906038548e-16
4827.0 3.14918061822e-16
4829.0 2.89263127916e-16
4831.0 3.15161451446e-16
4833.0 2.81182063022e-16
4835.0 2.8439499134e-16
4837.0 2.7154317219e-16
4839.0 2.50026153049e-16
4841.0 2.76557342539e-16
4843.0 2.67551344137e-16
4845.0 2.71251078172e-16
4847.0 2.73685186164e-16
4849.0 2.5776641953e-16
4851.0 2.50902408633e-16
4853.0 2.38537395199e-16
4855.0 2.44281760889e-16
4857.0 2.29580074722e-16
4859.0 2.30748424323e-16
4861.0 2.46861849716e-16
4863.0 2.42383189478e-16
4865.0 2.3196545185e-16
4867.0 2.36298078315e-16
4869.0 2.36395434164e-16
4871.0 2.33961352641e-16
4873.0 2.15365181036e-16
4875.0 2.04265899523e-16
4877.0 2.51778690687e-16
4879.0 2.1546257659e-16
4881.0 2.24906702784e-16
4883.0 2.22034493469e-16
4885.0 2.17604511155e-16
4887.0 2.09815553514e-16
4889.0 2.13953455045e-16
4891.0 2.29287980704e-16
4893.0 2.18578135823e-16
4895.0 2.23738353182e-16
4897.0 2.13612683103e-16
4899.0 2.24225158899e-16
4901.0 2.16290141014e-16
4903.0 2.16922980505e-16
4905.0 2.1400213297e-16
4907.0 2.17653228784e-16
4909.0 2.09815579984e-16
4911.0 2.14196844669e-16
4913.0 2.14196857904e-16
4915.0 2.16630912957e-16
4917.0 2.03389643939e-16
4919.0 2.1117862805e-16
4921.0 2.19454417877e-16
4923.0 2.08695881837e-16
4925.0 2.04606671465e-16
4927.0 2.05775007832e-16
4929.0 2.00955602121e-16
4931.0 2.24322514748e-16
4933.0 2.08841928846e-16
4935.0 2.08452478979e-16
4937.0 1.99105708634e-16
4939.0 1.93653423727e-16
4941.0 2.11665433766e-16
4943.0 2.11811480775e-16
4945.0 2.03438321864e-16
4947.0 2.09766862355e-16
4949.0 2.02221294337e-16
4951.0 2.01442394603e-16
4953.0 2.06213162094e-16
4955.0 2.1974649866e-16
4957.0 1.9959251435e-16
4959.0 1.94140229443e-16
4961.0 2.17799249324e-16
4963.0 2.06943357434e-16
4965.0 2.04119852514e-16
4967.0 2.17993974257e-16
4969.0 2.07965673262e-16
4971.0 2.21791103846e-16
4973.0 1.9462706163e-16
4975.0 2.20135922058e-16
4977.0 2.13028508302e-16
4979.0 1.96379572798e-16
4981.0 1.96379586033e-16
4983.0 2.22326613957e-16
4985.0 2.21499009828e-16
4987.0 2.22862097598e-16
4989.0 2.2758417393e-16
4991.0 2.03389670409e-16
4993.0 2.4700790996e-16
4995.0 2.49052515146e-16
4997.0 2.3259831781e-16
4999.0 2.26756569801e-16
5001.0 2.1974649866e-16
5003.0 2.24419870598e-16
5005.0 2.2768150331e-16
5007.0 2.62099045995e-16
5009.0 2.93839170474e-16
5011.0 3.23924060225e-16
5013.0 2.72614165942e-16
5015.0 2.65409356632e-16
5017.0 2.15559919204e-16
5019.0 2.16922980505e-16
5021.0 2.31040518341e-16
5023.0 2.22083171394e-16
5025.0 2.12006192474e-16
5027.0 2.05482927049e-16
5029.0 2.06505229642e-16
5031.0 2.15365181036e-16
5033.0 2.22959453448e-16
5035.0 2.19357035558e-16
5037.0 2.2120694228e-16
5039.0 2.10691809098e-16
5041.0 1.96671653581e-16
5043.0 1.89856294138e-16
5045.0 1.86838064284e-16
5047.0 1.87276192076e-16
5049.0 1.89564213355e-16
5051.0 1.94091564754e-16
5053.0 2.05726343143e-16
5055.0 1.96379559563e-16
5057.0 1.81580517546e-16
5059.0 1.92582429974e-16
5061.0 1.95016498262e-16
5063.0 1.84014559364e-16
5065.0 1.88882682705e-16
5067.0 1.89856307373e-16
5069.0 1.95746720072e-16
5071.0 2.01199004979e-16
5073.0 1.91219355439e-16
5075.0 1.8021744301e-16
5077.0 1.96671640346e-16
5079.0 2.01442407837e-16
5081.0 2.06213148859e-16
5083.0 2.01101635895e-16
5085.0 1.90878596731e-16
5087.0 1.87422239085e-16
5089.0 1.91170690749e-16
5091.0 1.84014559364e-16
5093.0 1.87714319868e-16
5095.0 1.7457043317e-16
5097.0 1.88882682705e-16
5099.0 1.90829918806e-16
5101.0 1.85572358833e-16
5103.0 1.84793472333e-16
5105.0 1.76030863554e-16
5107.0 1.74473064085e-16
5109.0 1.76079541479e-16
5111.0 1.65807837626e-16
5113.0 1.84306653382e-16
5115.0 1.78757012625e-16
5117.0 1.73207358634e-16
5119.0 1.89174763488e-16
5121.0 1.82943578846e-16
5123.0 1.75787447461e-16
5125.0 1.63179070874e-16
5127.0 1.77491307174e-16
5129.0 1.84842137023e-16
5131.0 1.83819847665e-16
5133.0 1.90440482174e-16
5135.0 1.71162740213e-16
5137.0 1.94042860359e-16
5139.0 1.68339261763e-16
5141.0 1.55292704444e-16
5143.0 1.78708321466e-16
5145.0 1.71698250325e-16
5147.0 1.63422447262e-16
5149.0 1.75787447461e-16
5151.0 1.7661502512e-16
5153.0 1.63568494271e-16
5155.0 1.59771364683e-16
5157.0 1.68631329311e-16
5159.0 1.85280264815e-16
5161.0 1.64542118939e-16
5163.0 1.55244026519e-16
5165.0 1.66343334502e-16
5167.0 1.65613112692e-16
5169.0 1.67073529842e-16
5171.0 1.73791533435e-16
5173.0 1.69020779178e-16
5175.0 1.57726772732e-16
5177.0 1.63568494271e-16
5179.0 1.7739393809e-16
5181.0 1.59284572201e-16
5183.0 1.70286484629e-16
5185.0 1.64736857108e-16
5187.0 1.51446910166e-16
5189.0 1.58505659232e-16
5191.0 1.72039035502e-16
5193.0 1.51106138223e-16
5195.0 1.60647646736e-16
5197.0 1.95795397997e-16
5199.0 1.63373782572e-16
5201.0 1.43901328913e-16
5203.0 1.60452921803e-16
5205.0 1.56509745205e-16
5207.0 1.61377855311e-16
5209.0 1.64590823334e-16
5211.0 1.69204797086e-16
5213.0 1.6230278882e-16
5215.0 1.58408303382e-16
5217.0 1.63471138422e-16
5219.0 1.74278352387e-16
5221.0 1.82359404045e-16
5223.0 1.58943787023e-16
5225.0 1.62643560763e-16
5227.0 1.55876905715e-16
5229.0 1.56704456904e-16
5231.0 1.50035157705e-16
5233.0 1.66391999192e-16
5235.0 1.76907119138e-16
5237.0 1.47114283701e-16
5239.0 1.63179057639e-16
5241.0 1.56655792214e-16
5243.0 1.68193201519e-16
5245.0 1.52274487825e-16
5247.0 1.54173046002e-16
5249.0 1.68436604377e-16
5251.0 1.80412167944e-16
5253.0 1.54611187028e-16
5255.0 1.594792839e-16
5257.0 1.70481222798e-16
5259.0 1.45945947334e-16
5261.0 1.79438530041e-16
5263.0 1.6298431947e-16
5265.0 1.57142611166e-16
5267.0 1.74327030311e-16
5269.0 1.66927496068e-16
5271.0 1.24526270808e-16
5273.0 1.78659643541e-16
5275.0 1.46627438279e-16
5277.0 1.68443420346e-16
5279.0 1.62829881541e-16
5281.0 1.45457156384e-16
5283.0 1.48846836655e-16
5285.0 1.57726269806e-16
5287.0 1.65359889545e-16
5289.0 1.78549899835e-16
5291.0 1.42807213808e-16
5293.0 1.53728671342e-16
5295.0 1.57285389157e-16
5297.0 1.56915738685e-16
5299.0 1.80498935881e-16
5301.0 1.7277314837e-16
5303.0 1.52526069845e-16
5305.0 1.55952423996e-16
5307.0 1.6595021857e-16
5309.0 1.61362794007e-16
5311.0 1.39767212561e-16
5313.0 1.46600187641e-16
5315.0 1.67118449058e-16
5317.0 1.7989857481e-16
5319.0 1.78613069964e-16
5321.0 1.79521764263e-16
5323.0 1.61912280162e-16
5325.0 1.5042192089e-16
5327.0 1.54031829727e-16
5329.0 1.56636138403e-16
5331.0 1.57202776975e-16
5333.0 1.34896111369e-16
5335.0 1.47285649054e-16
5337.0 1.51069040827e-16
5339.0 1.5777443157e-16
5341.0 1.55452052517e-16
5343.0 1.39507094036e-16
5345.0 1.54790030094e-16
5347.0 1.53920391955e-16
5349.0 1.37776314558e-16
5351.0 1.41411502035e-16
5353.0 1.4719669736e-16
5355.0 1.48181373161e-16
5357.0 1.49035089727e-16
5359.0 1.52284718395e-16
5361.0 1.49919445064e-16
5363.0 1.62667952665e-16
5365.0 1.61366883588e-16
5367.0 1.53515946958e-16
5369.0 1.59208987745e-16
5371.0 1.69008364852e-16
5373.0 1.49543534489e-16
5375.0 1.43267668859e-16
5377.0 1.50963823453e-16
5379.0 1.4492380356e-16
5381.0 1.59865080937e-16
5383.0 1.66938944247e-16
5385.0 1.5624315482e-16
5387.0 1.55292214753e-16
5389.0 1.53075013369e-16
5391.0 1.55403083425e-16
5393.0 1.34958235942e-16
5395.0 1.37923857109e-16
5397.0 1.44075367714e-16
5399.0 1.48050890382e-16
5401.0 1.48896295438e-16
5403.0 1.48503616258e-16
5405.0 1.51015121886e-16
5407.0 1.62523705601e-16
5409.0 1.38285857815e-16
5411.0 1.42715178385e-16
5413.0 1.44852824846e-16
5415.0 1.35211776726e-16
5417.0 1.3736531829e-16
5419.0 1.42709262389e-16
5421.0 1.62652878125e-16
5423.0 1.38794845207e-16
5425.0 1.48134799584e-16
5427.0 1.42072809773e-16
5429.0 1.40727337641e-16
5431.0 1.51396445531e-16
5433.0 1.52348537033e-16
5435.0 1.58427149865e-16
5437.0 1.38959990162e-16
5439.0 1.5396189657e-16
5441.0 1.4334023576e-16
5443.0 1.35897277843e-16
5445.0 1.36892501852e-16
5447.0 1.31815743708e-16
5449.0 1.36155159671e-16
5451.0 1.43211976443e-16
5453.0 1.31119945846e-16
5455.0 1.2821484783e-16
5457.0 1.34131214148e-16
5459.0 1.38652940718e-16
5461.0 1.35607751394e-16
5463.0 1.30412395403e-16
5465.0 1.345483117e-16
5467.0 1.36459813599e-16
5469.0 1.48481844864e-16
5471.0 1.48995583581e-16
5473.0 1.45621030789e-16
5475.0 1.40715743878e-16
5477.0 1.28640137779e-16
5479.0 1.15756621068e-16
5481.0 1.51160229218e-16
5483.0 1.35647681056e-16
5485.0 1.47920487013e-16
5487.0 1.47710277258e-16
5489.0 1.42489152937e-16
5491.0 1.3886952969e-16
5493.0 1.43589316386e-16
5495.0 1.45340212897e-16
5497.0 1.52101772513e-16
5499.0 1.30377362649e-16
5501.0 1.41924896645e-16
5503.0 1.49155593399e-16
5505.0 1.40099672992e-16
5507.0 1.32796806384e-16
5509.0 1.31415930922e-16
5511.0 1.45491381809e-16
5513.0 1.4431007525e-16
5515.0 1.41219582898e-16
5517.0 1.38703312709e-16
5519.0 1.41733890715e-16
5521.0 1.46969586651e-16
5523.0 1.37437448439e-16
5525.0 1.34176384827e-16
5527.0 1.40610897081e-16
5529.0 1.28032590163e-16
5531.0 1.36956836651e-16
5533.0 1.46728619012e-16
5535.0 1.48078180725e-16
5537.0 1.36558969394e-16
5539.0 1.34969366484e-16
5541.0 1.34199387066e-16
5543.0 1.47142526956e-16
5545.0 1.49291184845e-16
5547.0 1.45850867886e-16
5549.0 1.41071100669e-16
5551.0 1.35679881543e-16
5553.0 1.40862452631e-16
5555.0 1.55730474894e-16
5557.0 1.53763545276e-16
5559.0 1.47519787489e-16
5561.0 1.37127116743e-16
5563.0 1.38349292642e-16
5565.0 1.41719173518e-16
5567.0 1.44610758711e-16
5569.0 1.30319433537e-16
5571.0 9.03000450721e-17
5573.0 1.10323281905e-16
5575.0 1.44377202611e-16
5577.0 2.21091097289e-16
5579.0 2.34245796893e-16
5581.0 2.04811640204e-16
5583.0 1.28309212595e-16
5585.0 8.71099270868e-17
5587.0 9.48572874691e-17
5589.0 1.41941559371e-16
5591.0 1.32198536425e-16
5593.0 1.39951389287e-16
5595.0 1.51463744945e-16
5597.0 1.52341774005e-16
5599.0 1.38570460885e-16
5601.0 1.33727907351e-16
5603.0 1.37616079747e-16
5605.0 1.32505135883e-16
5607.0 1.29122523043e-16
5609.0 1.34671290296e-16
5611.0 1.3612467972e-16
5613.0 1.34171382039e-16
5615.0 1.35791319315e-16
5617.0 1.27457626845e-16
5619.0 1.20188138629e-16
5621.0 1.44362392769e-16
5623.0 1.28895557917e-16
5625.0 1.25927779463e-16
5627.0 1.31059660923e-16
5629.0 1.34710505275e-16
5631.0 1.27060050756e-16
5633.0 1.27856447014e-16
5635.0 1.24222344799e-16
5637.0 1.34411674698e-16
5639.0 1.31504101758e-16
5641.0 1.33260914265e-16
5643.0 1.41984705112e-16
5645.0 1.3951627905e-16
5647.0 1.36237030699e-16
5649.0 1.32656410673e-16
5651.0 1.35257212103e-16
5653.0 1.11192185508e-16
5655.0 1.1807361352e-16
5657.0 1.28016086255e-16
5659.0 1.2724752297e-16
5661.0 1.21162557391e-16
5663.0 1.23526242535e-16
5665.0 1.3318403279e-16
5667.0 1.37416193206e-16
5669.0 1.33147808896e-16
5671.0 1.30206328168e-16
5673.0 1.31077633904e-16
5675.0 1.32962864546e-16
5677.0 1.24825471962e-16
5679.0 1.12504252778e-16
5681.0 1.14823402518e-16
5683.0 1.2698801325e-16
5685.0 1.25607878942e-16
5687.0 1.20135159365e-16
5689.0 1.255780475e-16
5691.0 1.37142813322e-16
5693.0 1.24953466581e-16
5695.0 1.16083959597e-16
5697.0 1.22916868503e-16
5699.0 1.18324798494e-16
5701.0 1.25581395927e-16
5703.0 1.26137486292e-16
5705.0 1.18059875705e-16
5707.0 1.23738503697e-16
5709.0 1.20521393154e-16
5711.0 1.0839511728e-16
5713.0 1.15511060922e-16
5715.0 1.16434393009e-16
5717.0 1.29521978487e-16
5719.0 1.31947338217e-16
5721.0 1.18739394652e-16
5723.0 1.24390017617e-16
5725.0 1.36696175496e-16
5727.0 1.28611166605e-16
5729.0 1.06846959428e-16
5731.0 1.24633394006e-16
5733.0 1.22650953098e-16
5735.0 1.21506029251e-16
5737.0 1.24475435596e-16
5739.0 1.21304726577e-16
5741.0 1.26552770664e-16
5743.0 1.27345527329e-16
5745.0 1.19127693084e-16
5747.0 1.28530155845e-16
5749.0 1.28417884275e-16
5751.0 1.26631452084e-16
5753.0 1.26199954972e-16
5755.0 1.23203814149e-16
5757.0 1.16318296556e-16
5759.0 1.20101714799e-16
5761.0 1.3079518812e-16
5763.0 1.23944835629e-16
5765.0 1.19956025132e-16
5767.0 1.20790948155e-16
5769.0 1.17715027416e-16
5771.0 1.24037691616e-16
5773.0 1.23623955726e-16
5775.0 1.31613501357e-16
5777.0 1.20864362088e-16
5779.0 1.14460753303e-16
5781.0 1.13459189782e-16
5783.0 1.18026550252e-16
5785.0 1.19789490513e-16
5787.0 1.2318208246e-16
5789.0 1.28855270913e-16
5791.0 1.25199132605e-16
5793.0 1.06895035165e-16
5795.0 1.09813176165e-16
5797.0 1.12892061519e-16
5799.0 1.15267499245e-16
5801.0 1.25111702923e-16
5803.0 1.27318501684e-16
5805.0 1.23071372607e-16
5807.0 1.18298183131e-16
5809.0 1.15037423921e-16
5811.0 1.0578685799e-16
5813.0 1.0654890971e-16
5815.0 1.18114271102e-16
5817.0 1.17222835099e-16
5819.0 1.25206530909e-16
5821.0 1.23966236446e-16
5823.0 1.12417418666e-16
5825.0 1.07514547122e-16
5827.0 1.06003877095e-16
5829.0 1.05902524309e-16
5831.0 1.09163468807e-16
5833.0 1.10989797573e-16
5835.0 1.05472668324e-16
5837.0 1.11146061917e-16
5839.0 1.08851522455e-16
5841.0 1.09485553086e-16
5843.0 1.12370593626e-16
5845.0 1.16405858587e-16
5847.0 1.15434377971e-16
5849.0 1.13262625199e-16
5851.0 1.16378224137e-16
5853.0 1.2364873144e-16
5855.0 1.02215509004e-16
5857.0 1.14069159383e-16
5859.0 1.22716981963e-16
5861.0 1.16117761506e-16
5863.0 1.12850874542e-16
5865.0 1.09200672083e-16
5867.0 1.09914727475e-16
5869.0 1.1866154703e-16
5871.0 1.12832266287e-16
5873.0 1.08474738377e-16
5875.0 1.07535967791e-16
5877.0 1.11631027984e-16
5879.0 1.11385864885e-16
5881.0 1.03245216518e-16
5883.0 9.76553615487e-17
5885.0 1.11495013022e-16
5887.0 9.77404552727e-17
5889.0 9.91468542199e-17
5891.0 1.04633702042e-16
5893.0 1.1064066118e-16
5895.0 1.09386728163e-16
5897.0 9.65803443897e-17
5899.0 9.74714429026e-17
5901.0 1.10161928746e-16
5903.0 1.07023354039e-16
5905.0 1.00679044177e-16
5907.0 1.03516763369e-16
5909.0 1.09573472459e-16
5911.0 9.84635633293e-17
5913.0 1.0157915565e-16
5915.0 1.10013056088e-16
5917.0 5.49750025367e-17
5919.0 2.75845709132e-17
5921.0 5.49314101184e-17
5923.0 9.08685232937e-17
5925.0 1.09232025537e-16
5927.0 1.00794703879e-16
5929.0 1.04169865476e-16
5931.0 1.06077092506e-16
5933.0 1.13299802004e-16
5935.0 1.16713913882e-16
5937.0 1.15019517115e-16
5939.0 1.12740177924e-16
5941.0 1.140707211e-16
5943.0 1.0397786693e-16
5945.0 1.05340934848e-16
5947.0 1.16925195663e-16
5949.0 1.09738399038e-16
5951.0 1.06396635685e-16
5953.0 1.0966577258e-16
5955.0 1.26154056374e-16
5957.0 2.16842657959e-16
5959.0 4.31342422785e-16
5961.0 6.45149791117e-16
5963.0 2.01065213478e-16
5965.0 1.08577454357e-16
5967.0 1.08814140509e-16
5969.0 1.12749137944e-16
5971.0 1.17132665795e-16
5973.0 1.16139665248e-16
5975.0 1.13066325313e-16
5977.0 1.13465820462e-16
5979.0 1.05131320663e-16
5981.0 1.17402075212e-16
5983.0 1.15378976722e-16
5985.0 1.1092806343e-16
5987.0 1.08954245052e-16
5989.0 1.10795079257e-16
5991.0 1.15468457812e-16
5993.0 1.02192533235e-16
5995.0 1.15003357315e-16
5997.0 1.10467059131e-16
5999.0 1.09517389613e-16
6001.0 1.08694675776e-16
6003.0 1.0618681636e-16
6005.0 1.07738382196e-16
6007.0 1.15332641373e-16
6009.0 1.02733866698e-16
6011.0 1.14257955086e-16
6013.0 1.0658493508e-16
6015.0 1.12337969623e-16
6017.0 1.15111923116e-16
6019.0 1.08619898648e-16
6021.0 1.05338499628e-16
6023.0 1.0228775165e-16
6025.0 1.09652140644e-16
6027.0 1.10328125875e-16
6029.0 1.07752014132e-16
6031.0 1.10128331979e-16
6033.0 1.1060287557e-16
6035.0 1.01305080935e-16
6037.0 1.02656277156e-16
6039.0 1.16806306648e-16
6041.0 1.08325673813e-16
6043.0 1.08010028309e-16
6045.0 1.06272399775e-16
6047.0 1.0369473955e-16
6049.0 1.0521972311e-16
6051.0 1.09718540086e-16
6053.0 1.10013638424e-16
6055.0 1.20463914028e-16
6057.0 1.22161037182e-16
6059.0 1.19530404311e-16
6061.0 1.15362234586e-16
6063.0 1.11931195285e-16
6065.0 1.07631768541e-16
6067.0 1.1037641337e-16
6069.0 1.21695936684e-16
6071.0 1.09558172926e-16
6073.0 1.12350436889e-16
6075.0 1.09561594145e-16
6077.0 1.02522015817e-16
6079.0 1.01268182062e-16
6081.0 1.08393634972e-16
6083.0 1.07605775217e-16
6085.0 1.0272189574e-16
6087.0 1.04840788362e-16
6089.0 9.94173224279e-17
6091.0 9.06967013369e-17
6093.0 1.01949911235e-16
6095.0 1.06458164688e-16
6097.0 9.86478790221e-17
6099.0 1.01067514663e-16
6101.0 1.00807945386e-16
6103.0 1.03345986969e-16
6105.0 1.01959943282e-16
6107.0 1.04554643427e-16
6109.0 1.0016204306e-16
6111.0 1.00528325252e-16
6113.0 1.01679727578e-16
6115.0 9.56716434734e-17
6117.0 1.11243139834e-16
6119.0 1.13607499957e-16
6121.0 1.11377990126e-16
6123.0 1.08583006393e-16
6125.0 1.07393825075e-16
6127.0 1.07838868097e-16
6129.0 1.09727195704e-16
6131.0 1.1073674648e-16
6133.0 1.1359278276e-16
6135.0 1.02709726259e-16
6137.0 9.83599672293e-17
6139.0 1.01843105675e-16
6141.0 1.02804263077e-16
6143.0 9.75483640821e-17
6145.0 9.9731121665e-17
6147.0 1.11996919747e-16
6149.0 1.04921991029e-16
6151.0 1.03303727966e-16
6153.0 1.01209571352e-16
6155.0 9.90390692774e-17
6157.0 9.73169917386e-17
6159.0 1.0013497771e-16
6161.0 1.02482966275e-16
6163.0 9.42375041972e-17
6165.0 9.12647097199e-17
6167.0 1.01640294223e-16
6169.0 1.06487572613e-16
6171.0 1.04120307431e-16
6173.0 1.04209781904e-16
6175.0 1.06230240033e-16
6177.0 1.0243097301e-16
6179.0 1.02206747507e-16
6181.0 1.01038404523e-16
6183.0 1.01448983891e-16
6185.0 1.0229671167e-16
6187.0 9.45085084182e-17
6189.0 9.55641364636e-17
6191.0 1.0230761722e-16
6193.0 9.26081502963e-17
6195.0 9.70070703241e-17
6197.0 1.08208842824e-16
6199.0 9.4191347519e-17
6201.0 9.15993009689e-17
6203.0 9.51079761343e-17
6205.0 9.7600258085e-17
6207.0 9.48692848967e-17
6209.0 9.4504564421e-17
6211.0 1.06168512507e-16
6213.0 9.59609780168e-17
6215.0 9.81868614882e-17
6217.0 9.57123936991e-17
6219.0 9.82419649519e-17
6221.0 9.7873360036e-17
6223.0 9.43330203969e-17
6225.0 9.76244911682e-17
6227.0 9.96885781118e-17
6229.0 1.05060050782e-16
6231.0 9.23185179679e-17
6233.0 9.65303165063e-17
6235.0 9.27791715423e-17
6237.0 9.32165250933e-17
6239.0 9.99093956307e-17
6241.0 9.91159904569e-17
6243.0 1.01322795835e-16
6245.0 1.02809517328e-16
6247.0 9.82725375473e-17
6249.0 9.08892292788e-17
6251.0 8.91958383637e-17
6253.0 9.65843479439e-17
6255.0 9.72664940166e-17
6257.0 9.31750734184e-17
6259.0 9.11629267999e-17
6261.0 9.47904049535e-17
6263.0 9.71671661686e-17
6265.0 9.59582450121e-17
6267.0 9.26699506143e-17
6269.0 8.79993844733e-17
6271.0 8.93679117834e-17
6273.0 9.35862351224e-17
6275.0 9.14702210887e-17
6277.0 9.11269874566e-17
6279.0 8.38501472591e-17
6281.0 8.17323266629e-17
6283.0 7.85300458139e-17
6285.0 7.64907345841e-17
6287.0 8.04126691834e-17
6289.0 7.79924313553e-17
6291.0 9.30008890337e-17
6293.0 9.09587587724e-17
6295.0 9.11809394849e-17
6297.0 8.56765488167e-17
6299.0 7.78096707621e-17
6301.0 7.54875431721e-17
6303.0 9.15371366915e-17
6305.0 1.15215605242e-16
6307.0 1.20512697832e-16
6309.0 9.17170319312e-17
6311.0 7.45881132961e-17
6313.0 8.02947463153e-17
6315.0 8.4270811614e-17
6317.0 8.41044755189e-17
6319.0 8.91109828677e-17
6321.0 8.59304866473e-17
6323.0 9.04421547013e-17
6325.0 8.74075202014e-17
6327.0 8.94046783073e-17
6329.0 8.93649405506e-17
6331.0 8.81443065166e-17
6333.0 9.34980378168e-17
6335.0 9.42566617002e-17
6337.0 9.2770271079e-17
6339.0 7.77858744302e-17
6341.0 8.18409718733e-17
6343.0 8.5742028434e-17
6345.0 8.89381087371e-17
6347.0 9.0230151619e-17
6349.0 9.03733200395e-17
6351.0 9.32613251952e-17
6353.0 9.39169088441e-17
6355.0 8.29691271148e-17
6357.0 8.54860524304e-17
6359.0 8.49526400493e-17
6361.0 8.20957037973e-17
6363.0 7.65628912033e-17
6365.0 7.5235160441e-17
6367.0 8.23231321436e-17
6369.0 8.39764478125e-17
6371.0 9.07215829297e-17
6373.0 8.70830602605e-17
6375.0 8.64900445532e-17
6377.0 8.90541257811e-17
6379.0 8.80665184518e-17
6381.0 8.12150608474e-17
6383.0 8.95752230972e-17
6385.0 9.24536528103e-17
6387.0 8.77765023116e-17
6389.0 9.09552647614e-17
6391.0 8.49492916222e-17
6393.0 7.85749716474e-17
6395.0 7.83742910133e-17
6397.0 8.00068212877e-17
6399.0 7.3353734829e-17
6401.0 8.37885123773e-17
6403.0 8.25309662356e-17
6405.0 8.38625483508e-17
6407.0 8.58193201904e-17
6409.0 8.76043693349e-17
6411.0 8.76334066831e-17
6413.0 8.38614829422e-17
6415.0 8.07588806657e-17
6417.0 9.10822402942e-17
6419.0 8.54782703152e-17
6421.0 8.46586468247e-17
6423.0 8.48486138154e-17
6425.0 8.44558221385e-17
6427.0 8.62322355173e-17
6429.0 8.82729959676e-17
6431.0 8.38787081513e-17
6433.0 8.73649501784e-17
6435.0 8.62456821654e-17
6437.0 8.68681190327e-17
6439.0 8.76633572387e-17
6441.0 8.60722984915e-17
6443.0 8.29527224689e-17
6445.0 8.31734076389e-17
6447.0 8.89229283185e-17
6449.0 9.10676355933e-17
6451.0 8.72038021602e-17
6453.0 9.20351457424e-17
6455.0 9.47293524068e-17
6457.0 8.69588177325e-17
6459.0 7.81773823229e-17
6461.0 7.94041441108e-17
6463.0 8.44451415824e-17
6465.0 8.15068769326e-17
6467.0 8.32377887603e-17
6469.0 7.97770172786e-17
6471.0 7.51796533132e-17
6473.0 7.67832124138e-17
6475.0 8.3128653859e-17
6477.0 8.25250171527e-17
6479.0 8.70236223704e-17
6481.0 8.08556078579e-17
6483.0 8.70796985985e-17
6485.0 8.68372420348e-17
6487.0 7.93702429406e-17
6489.0 8.30607059348e-17
6491.0 8.05560559796e-17
6493.0 8.51515405907e-17
6495.0 8.53095651749e-17
6497.0 8.95422616042e-17
6499.0 8.56581457024e-17
6501.0 8.42674631868e-17
6503.0 8.8228632617e-17
6505.0 8.95911380522e-17
6507.0 9.29468840659e-17
6509.0 8.6491454069e-17
6511.0 8.07535205354e-17
6513.0 8.26740221595e-17
6515.0 8.66886671619e-17
6517.0 8.89310743932e-17
6519.0 8.56794671099e-17
6521.0 8.17134272403e-17
6523.0 8.30829802543e-17
6525.0 8.71394078038e-17
6527.0 8.53913700287e-17
6529.0 8.71466075839e-17
6531.0 8.16133450036e-17
6533.0 7.52711990459e-17
6535.0 7.54981310839e-17
6537.0 8.12094558716e-17
6539.0 7.8509267037e-17
6541.0 8.41549666235e-17
6543.0 7.56272705212e-17
6545.0 7.32985916607e-17
6547.0 7.37109643571e-17
6549.0 7.86829882005e-17
6551.0 8.30456975698e-17
6553.0 8.12379638242e-17
6555.0 8.44574037078e-17
6557.0 8.58514478854e-17
6559.0 7.99768045576e-17
6561.0 8.61763908998e-17
6563.0 8.61912735334e-17
6565.0 7.94102586299e-17
6567.0 8.31278663831e-17
6569.0 7.70135193487e-17
6571.0 8.33556719238e-17
6573.0 7.62299807852e-17
6575.0 7.330618187e-17
6577.0 7.89176295618e-17
6579.0 8.11312707601e-17
6581.0 7.77270321102e-17
6583.0 7.7567981822e-17
6585.0 7.36280610074e-17
6587.0 7.66822699093e-17
6589.0 7.29927730621e-17
6591.0 8.20509103128e-17
6593.0 8.18608440603e-17
6595.0 7.99732377548e-17
6597.0 7.97680175536e-17
6599.0 7.51576503089e-17
6601.0 7.98505106217e-17
6603.0 8.12859072125e-17
6605.0 8.21123069666e-17
6607.0 8.18443335353e-17
6609.0 7.95440302786e-17
6611.0 7.78946850767e-17
6613.0 7.86123999157e-17
6615.0 7.26261997018e-17
6617.0 7.10943538516e-17
6619.0 7.26150162199e-17
6621.0 7.76428780634e-17
6623.0 7.81497677253e-17
6625.0 7.565773062e-17
6627.0 7.32982144663e-17
6629.0 7.60574375269e-17
6631.0 7.46748944685e-17
6633.0 7.6815730538e-17
6635.0 7.63288057074e-17
6637.0 7.58437999357e-17
6639.0 7.65457056989e-17
6641.0 7.63634149442e-17
6643.0 7.61970126747e-17
6645.0 7.90998409071e-17
6647.0 8.10081399628e-17
6649.0 8.34648928519e-17
6651.0 8.22347892542e-17
6653.0 8.10675712355e-17
6655.0 8.02990410371e-17
6657.0 7.94648260806e-17
6659.0 7.88454332379e-17
6661.0 7.90165669805e-17
6663.0 7.6420245561e-17
6665.0 7.6737909386e-17
6667.0 8.14946346596e-17
6669.0 8.40023617267e-17
6671.0 8.48584804258e-17
6673.0 8.44554780314e-17
6675.0 8.33976265245e-17
6677.0 7.83218146753e-17
6679.0 7.74286250498e-17
6681.0 8.26797197795e-17
6683.0 8.05440386996e-17
6685.0 7.99665938402e-17
6687.0 8.31323463933e-17
6689.0 8.67547622016e-17
6691.0 8.49911668135e-17
6693.0 9.16117947049e-17
6695.0 8.28591716504e-17
6697.0 8.67828797249e-17
6699.0 8.66071336233e-17
6701.0 8.37782090156e-17
6703.0 7.86427541355e-17
6705.0 8.01272918721e-17
6707.0 8.61982417029e-17
6709.0 8.11678718478e-17
6711.0 8.54750079148e-17
6713.0 8.69806685356e-17
6715.0 8.32956516985e-17
6717.0 8.19252384167e-17
6719.0 8.93670250458e-17
6721.0 9.65834413539e-17
6723.0 9.27278995793e-17
6725.0 9.11077108396e-17
6727.0 9.02784060273e-17
6729.0 9.29509471771e-17
6731.0 9.51239837335e-17
6733.0 9.25911434629e-17
6735.0 8.69425520529e-17
6737.0 9.30267632433e-17
6739.0 1.03347151639e-16
6741.0 1.01368945895e-16
6743.0 9.26345208143e-17
6745.0 9.88222486952e-17
6747.0 1.03190298343e-16
6749.0 1.03391548077e-16
6751.0 1.09155779336e-16
6753.0 1.0996097018e-16
6755.0 1.08143601434e-16
6757.0 1.06464603462e-16
6759.0 1.14365832673e-16
6761.0 1.26400291499e-16
6763.0 1.49325569089e-16
6765.0 1.9685849052e-16
6767.0 2.32727887382e-16
6769.0 2.28963275917e-16
6771.0 1.90767992757e-16
6773.0 1.34281271329e-16
6775.0 1.15888956731e-16
6777.0 1.10826525355e-16
6779.0 1.03613536883e-16
6781.0 9.74507038302e-17
6783.0 1.00236039328e-16
6785.0 9.59715526938e-17
6787.0 1.0545990989e-16
6789.0 9.78471615717e-17
6791.0 9.72674270763e-17
6793.0 9.74930753299e-17
6795.0 9.67371976862e-17
6797.0 9.52727438948e-17
6799.0 9.23208936307e-17
6801.0 9.39241086241e-17
6803.0 8.99541975492e-17
6805.0 9.1044011315e-17
6807.0 8.86071637002e-17
6809.0 8.68837295852e-17
6811.0 8.83953591413e-17
6813.0 8.94877073884e-17
6815.0 8.81441146107e-17
6817.0 9.15620778414e-17
6819.0 9.36118313993e-17
6821.0 8.78657451736e-17
6823.0 8.89092765297e-17
6825.0 8.81658330649e-17
6827.0 8.17469975383e-17
6829.0 7.97078186573e-17
6831.0 8.52639445097e-17
6833.0 8.79393377783e-17
6835.0 8.32396813496e-17
6837.0 8.57741296592e-17
6839.0 8.29291445127e-17
6841.0 7.7592300932e-17
6843.0 8.0883037167e-17
6845.0 6.71412047646e-17
6847.0 8.19117189767e-17
6849.0 8.42842979667e-17
6851.0 8.06017362017e-17
6853.0 7.85396212567e-17
6855.0 7.7423436973e-17
6857.0 7.89504190012e-17
6859.0 8.04903182819e-17
6861.0 7.77312937447e-17
6863.0 7.69397877776e-17
6865.0 8.1322356099e-17
6867.0 8.57147380912e-17
6869.0 8.43969334963e-17
6871.0 8.1092790318e-17
6873.0 8.57640777604e-17
6875.0 8.04137081223e-17
6877.0 8.41781541505e-17
6879.0 7.7428479466e-17
6881.0 7.54907658677e-17
6883.0 8.00825513271e-17
6885.0 8.08283373674e-17
6887.0 7.50653965095e-17
6889.0 7.59813964676e-17
6891.0 7.99929842104e-17
6893.0 7.48708436295e-17
6895.0 8.20463111886e-17
6897.0 7.32784613933e-17
6899.0 7.41821396689e-17
6901.0 7.55615791456e-17
6903.0 8.00596615852e-17
6905.0 8.47019844713e-17
6907.0 7.14935313629e-17
6909.0 6.81493063208e-17
6911.0 6.86957285985e-17
6913.0 6.79567783788e-17
6915.0 7.00796547029e-17
6917.0 7.53900417389e-17
6919.0 7.6515900727e-17
6921.0 7.78368155211e-17
6923.0 7.00425771591e-17
6925.0 6.9359041423e-17
6927.0 7.83077658397e-17
6929.0 7.49004368431e-17
6931.0 7.37979771401e-17
6933.0 7.55715847223e-17
6935.0 7.31752358703e-17
6937.0 7.64355715634e-17
6939.0 7.17096835831e-17
6941.0 7.00880257707e-17
6943.0 7.39866735814e-17
6945.0 7.70465470162e-17
6947.0 7.38621200335e-17
6949.0 6.87210800299e-17
6951.0 7.23713354289e-17
6953.0 7.65252644116e-17
6955.0 7.39476041867e-17
6957.0 7.26886485293e-17
6959.0 6.56657263101e-17
6961.0 6.19613997688e-17
6963.0 6.62589273058e-17
6965.0 7.07787414345e-17
6967.0 7.29853284366e-17
6969.0 7.15031465103e-17
6971.0 7.26926587009e-17
6973.0 6.96460995653e-17
6975.0 6.93990835821e-17
6977.0 7.09847424943e-17
6979.0 7.17945258442e-17
6981.0 7.41887703487e-17
6983.0 6.45249582186e-17
6985.0 7.07577045772e-17
6987.0 7.3743403072e-17
6989.0 7.11239536826e-17
6991.0 6.7959458444e-17
6993.0 6.70662555837e-17
6995.0 6.79771071696e-17
6997.0 6.43828353545e-17
6999.0 6.78661193837e-17
7001.0 7.23656642786e-17
7003.0 6.88440189213e-17
7005.0 7.19767901291e-17
7007.0 7.21285876976e-17
7009.0 6.51198598977e-17
7011.0 6.29850324681e-17
7013.0 6.54549077504e-17
7015.0 7.29191209003e-17
7017.0 7.28157828808e-17
7019.0 6.90896849458e-17
7021.0 6.83961237807e-17
7023.0 7.21946364152e-17
7025.0 7.08200409081e-17
7027.0 6.47361275028e-17
7029.0 6.97934171237e-17
7031.0 6.88390426027e-17
7033.0 6.51253325246e-17
7035.0 6.69233518611e-17
7037.0 6.86063401528e-17
7039.0 7.01255466833e-17
7041.0 7.32658088387e-17
7043.0 7.25518196211e-17
7045.0 6.56414336698e-17
7047.0 6.72570563725e-17
7049.0 6.36298098295e-17
7051.0 6.3156735311e-17
7053.0 7.16127843374e-17
7055.0 7.73719797215e-17
7057.0 7.48606461469e-17
7059.0 7.29911253183e-17
7061.0 6.92228014674e-17
7063.0 6.85627047211e-17
7065.0 7.23254103613e-17
7067.0 7.26533974003e-17
7069.0 7.16717920936e-17
7071.0 7.70779467922e-17
7073.0 7.35144990355e-17
7075.0 6.71256802389e-17
7077.0 6.92431831977e-17
7079.0 6.5619020384e-17
7081.0 6.88554803359e-17
7083.0 7.63493925785e-17
7085.0 6.87213976673e-17
7087.0 6.88129566349e-17
7089.0 6.33636561956e-17
7091.0 6.74658566114e-17
7093.0 6.48054121509e-17
7095.0 5.97908778415e-17
7097.0 5.73041611619e-17
7099.0 5.87825843795e-17
7101.0 5.85764509708e-17
7103.0 5.84206697004e-17
7105.0 5.07195354795e-17
7107.0 6.13761000023e-17
7109.0 6.73094135966e-17
7111.0 6.99508461379e-17
7113.0 7.03043698968e-17
7115.0 7.08694070471e-17
7117.0 6.78381871488e-17
7119.0 6.87070775165e-17
7121.0 7.69930052695e-17
7123.0 6.30531855332e-17
7125.0 6.43341574298e-17
7127.0 6.68252283881e-17
7129.0 6.79728786223e-17
7131.0 6.96985163464e-17
7133.0 6.41813275398e-17
7135.0 6.49436307225e-17
7137.0 6.79305335924e-17
7139.0 6.74828634448e-17
7141.0 6.52933031285e-17
7143.0 6.34982550248e-17
7145.0 6.49544833322e-17
7147.0 6.4195058738e-17
7149.0 6.7291407529e-17
7151.0 6.10195785408e-17
7153.0 6.64216635108e-17
7155.0 6.50957128412e-17
7157.0 6.33228067082e-17
7159.0 6.34354091506e-17
7161.0 6.14445574698e-17
7163.0 5.60442062703e-17
7165.0 5.89426339018e-17
7167.0 5.78059289215e-17
7169.0 5.51365773801e-17
7171.0 5.66763707817e-17
7173.0 9.7334951484e-17
7175.0 1.81177819554e-16
7177.0 2.39530276632e-16
7179.0 1.27752063439e-16
7181.0 7.37426354484e-17
7183.0 6.48927293364e-17
7185.0 6.13371629565e-17
7187.0 6.01481007521e-17
7189.0 6.15055372245e-17
7191.0 6.18348411351e-17
7193.0 6.61317664846e-17
7195.0 6.06618196172e-17
7197.0 5.67895290895e-17
7199.0 5.90911359828e-17
7201.0 6.41583517711e-17
7203.0 6.54696050956e-17
7205.0 5.90644875322e-17
7207.0 6.21346510938e-17
7209.0 5.74156849608e-17
7211.0 6.10573840035e-17
7213.0 6.09206477396e-17
7215.0 6.17775539146e-17
7217.0 5.96509585865e-17
7219.0 5.60885299163e-17
7221.0 5.96378229584e-17
7223.0 6.07217869029e-17
7225.0 6.10218615593e-17
7227.0 5.86777839046e-17
7229.0 5.83654603576e-17
7231.0 5.95588040488e-17
7233.0 6.12356447343e-17
7235.0 5.91430167508e-17
7237.0 5.51641655079e-17
7239.0 4.97615279812e-17
7241.0 6.22798907744e-17
7243.0 5.6808799089e-17
7245.0 5.40171141525e-17
7247.0 5.94628312454e-17
7249.0 6.28479587145e-17
7251.0 5.15555636159e-17
7253.0 5.86954657173e-17
7255.0 5.31101767853e-17
7257.0 5.96170177116e-17
7259.0 5.66303001303e-17
7261.0 5.64164706332e-17
7263.0 5.96782423118e-17
7265.0 5.53089254238e-17
7267.0 5.48610666791e-17
7269.0 5.94157348901e-17
7271.0 6.22447190548e-17
7273.0 5.91261753536e-17
7275.0 5.59623683292e-17
7277.0 5.60783655209e-17
7279.0 6.08396965361e-17
7281.0 6.94569928424e-17
7283.0 7.95891414005e-17
7285.0 6.24344809048e-17
7287.0 6.31823580576e-17
7289.0 6.65855048291e-17
7291.0 6.84126012185e-17
7293.0 6.35797290065e-17
7295.0 5.57235513602e-17
7297.0 5.6255799071e-17
7299.0 6.65216597207e-17
7301.0 6.07915016849e-17
7303.0 5.89537842965e-17
7305.0 5.916744174e-17
7307.0 5.91485489348e-17
7309.0 5.92157689401e-17
7311.0 6.15639957328e-17
7313.0 5.6721845863e-17
7315.0 5.70262814157e-17
7317.0 5.7383113897e-17
7319.0 6.63614447622e-17
7321.0 6.84095174891e-17
7323.0 6.02634229644e-17
7325.0 5.66232326991e-17
7327.0 4.37259914069e-17
7329.0 5.37196434606e-17
7331.0 6.63544170358e-17
7333.0 6.34308497311e-17
7335.0 6.24855278747e-17
7337.0 6.34815195067e-17
7339.0 5.41546114226e-17
7341.0 5.14417998119e-17
7343.0 6.39290573053e-17
7345.0 6.97139283756e-17
7347.0 6.71021684572e-17
7349.0 5.85155440079e-17
7351.0 5.30828930599e-17
7353.0 5.52202086488e-17
7355.0 5.84012474996e-17
7357.0 6.2432045685e-17
7359.0 6.01390282351e-17
7361.0 6.12645166464e-17
7363.0 6.10883801154e-17
7365.0 6.01006669071e-17
7367.0 5.58397933973e-17
7369.0 5.22581211973e-17
7371.0 5.80803808313e-17
7373.0 6.11687026617e-17
7375.0 6.08876002197e-17
7377.0 7.00826788752e-17
7379.0 5.88729455896e-17
7381.0 5.01374550999e-17
7383.0 5.99395255063e-17
7385.0 6.11076765848e-17
7387.0 6.46970845779e-17
7389.0 6.16746261766e-17
7391.0 6.18965620437e-17
7393.0 5.44827605891e-17
7395.0 5.07345570794e-17
7397.0 5.39035885765e-17
7399.0 5.49157367002e-17
7401.0 6.00759375155e-17
7403.0 6.02751358419e-17
7405.0 6.18581676284e-17
7407.0 6.19246994194e-17
7409.0 5.87797256433e-17
7411.0 5.19755165954e-17
7413.0 4.9781760819e-17
7415.0 5.20606103194e-17
7417.0 5.69936243251e-17
7419.0 5.31043335814e-17
7421.0 5.86863799655e-17
7423.0 5.70935345082e-17
7425.0 5.81421348271e-17
7427.0 5.95004381848e-17
7429.0 5.41114689906e-17
7431.0 6.10177058039e-17
7433.0 5.90046724478e-17
7435.0 5.53775880321e-17
7437.0 5.47000907145e-17
7439.0 5.47940551233e-17
7441.0 5.43118750007e-17
7443.0 5.5970024713e-17
7445.0 6.5076641365e-17
7447.0 5.79347043993e-17
7449.0 5.39619213533e-17
7451.0 5.21419916568e-17
7453.0 5.55989117855e-17
7455.0 5.5100647963e-17
7457.0 5.25467212043e-17
7459.0 5.86035560251e-17
7461.0 5.77532540601e-17
7463.0 5.62243198856e-17
7465.0 5.78114412531e-17
7467.0 5.3056224757e-17
7469.0 4.96089528629e-17
7471.0 5.10905921587e-17
7473.0 5.18569783049e-17
7475.0 5.00720019524e-17
7477.0 5.5876705505e-17
7479.0 5.80896386367e-17
7481.0 5.49446450082e-17
7483.0 5.06719825204e-17
7485.0 5.18884078595e-17
7487.0 6.1365088574e-17
7489.0 6.12244281652e-17
7491.0 5.33835103469e-17
7493.0 5.10797461665e-17
7495.0 5.90002321422e-17
7497.0 5.84104854527e-17
7499.0 5.72282921561e-17
7501.0 5.76381369886e-17
7503.0 5.55664201311e-17
7505.0 5.06139376025e-17
7507.0 5.38023416695e-17
7509.0 5.54464094591e-17
7511.0 5.6471977761e-17
7513.0 5.38183194902e-17
7515.0 5.04085784349e-17
7517.0 5.54570337669e-17
7519.0 5.62037065448e-17
7521.0 5.78966871783e-17
7523.0 4.72837084563e-17
7525.0 5.52334203775e-17
7527.0 5.87627320448e-17
7529.0 5.74720854437e-17
7531.0 5.24872833142e-17
7533.0 5.28065220911e-17
7535.0 5.40657457551e-17
7537.0 5.46241687691e-17
7539.0 6.06049757655e-17
7541.0 5.85403528089e-17
7543.0 5.86577264291e-17
7545.0 5.93190407852e-17
7547.0 5.47024167464e-17
7549.0 6.14074137515e-17
7551.0 5.61323704887e-17
7553.0 5.52993202026e-17
7555.0 5.33241518661e-17
7557.0 5.16349266326e-17
7559.0 5.2650403331e-17
7561.0 5.48661687291e-17
7563.0 5.5136018206e-17
7565.0 5.68431105408e-17
7567.0 5.78160734645e-17
7569.0 5.34186622142e-17
7571.0 5.06062845275e-17
7573.0 5.45609820965e-17
7575.0 6.16648389756e-17
7577.0 5.79408784753e-17
7579.0 6.35111722773e-17
7581.0 4.99852968806e-17
7583.0 4.57462477041e-17
7585.0 5.02588620527e-17
7587.0 5.63065019338e-17
7589.0 5.6686713848e-17
7591.0 5.02066471037e-17
7593.0 5.34827951814e-17
7595.0 5.35153430842e-17
7597.0 4.68313796276e-17
7599.0 4.20418086663e-17
7601.0 5.3712903593e-17
7603.0 6.30623705467e-17
7605.0 6.62334170557e-17
7607.0 6.87287628835e-17
7609.0 4.74454288835e-17
7611.0 4.0240199366e-17
7613.0 5.59188453941e-17
7615.0 5.0834794826e-17
7617.0 5.04919946366e-17
7619.0 5.31288578322e-17
7621.0 5.12248038674e-17
7623.0 5.53728830288e-17
7625.0 6.30287803964e-17
7627.0 5.58862478605e-17
7629.0 5.21923173252e-17
7631.0 5.07880061819e-17
7633.0 5.17996447623e-17
7635.0 4.78966592164e-17
7637.0 5.24185611489e-17
7639.0 4.69713121175e-17
7641.0 5.28317709521e-17
7643.0 5.22681168478e-17
7645.0 5.01409458021e-17
7647.0 5.07471302247e-17
7649.0 5.07198200296e-17
7651.0 4.81036131882e-17
7653.0 4.76449713171e-17
7655.0 5.39227030661e-17
7657.0 5.12732071681e-17
7659.0 5.33816309925e-17
7661.0 5.75935751146e-17
7663.0 5.69708867844e-17
7665.0 5.0286182174e-17
7667.0 5.17571872358e-17
7669.0 5.56182942816e-17
7671.0 5.10786774491e-17
7673.0 5.46047697294e-17
7675.0 5.43011216527e-17
7677.0 5.24817577477e-17
7679.0 5.35566458665e-17
7681.0 5.21706815891e-17
7683.0 5.79678644157e-17
7685.0 5.5300137457e-17
7687.0 5.62044410811e-17
7689.0 5.38157850088e-17
7691.0 5.01552560267e-17
7693.0 4.76752229664e-17
7695.0 4.88333850118e-17
7697.0 4.94031734875e-17
7699.0 5.35807234398e-17
7701.0 5.85059619477e-17
7703.0 5.60184974969e-17
7705.0 5.38974542051e-17
7707.0 5.32562072506e-17
7709.0 5.13885624676e-17
7711.0 5.39934501695e-17
7713.0 3.9961720741e-17
7715.0 4.87912351966e-17
7717.0 5.33516969805e-17
7719.0 6.21369142599e-17
7721.0 5.91571449957e-17
7723.0 4.68308965541e-17
7725.0 5.06593895228e-17
7727.0 3.86374211239e-17
7729.0 5.09899011171e-17
7731.0 5.78278789862e-17
7733.0 5.47658085598e-17
7735.0 4.99884997239e-17
7737.0 4.79433684512e-17
7739.0 5.02407534148e-17
7741.0 4.94748470333e-17
7743.0 4.97199671185e-17
7745.0 5.28310198721e-17
7747.0 5.20803071441e-17
7749.0 4.71709074906e-17
7751.0 4.31789272369e-17
7753.0 5.64152530233e-17
7755.0 6.81267739209e-17
7757.0 6.32586571973e-17
7759.0 4.93161739394e-17
7761.0 4.0804703812e-17
7763.0 5.24143656889e-17
7765.0 5.88085644681e-17
7767.0 5.72552317743e-17
7769.0 6.18713495786e-17
7771.0 5.25830046547e-17
7773.0 4.97597181101e-17
7775.0 5.31816418815e-17
7777.0 5.37012932859e-17
7779.0 5.04991381683e-17
7781.0 4.98626160695e-17
7783.0 6.39075175221e-17
7785.0 7.74278772786e-17
7787.0 1.30630572561e-16
7789.0 1.14742325583e-16
7791.0 1.56210358763e-16
7793.0 1.5136894343e-16
7795.0 1.7438719612e-16
7797.0 2.14371915791e-16
7799.0 1.6301736699e-16
7801.0 1.19593799433e-16
7803.0 1.0367585998e-16
7805.0 1.09099014894e-16
7807.0 1.25213730689e-16
7809.0 1.20869325172e-16
7811.0 7.99584212957e-17
7813.0 5.65959026517e-17
7815.0 5.42527282782e-17
7817.0 5.0942824614e-17
7819.0 4.62786906295e-17
7821.0 3.63138608571e-17
7823.0 4.0801484425e-17
7825.0 5.60394086228e-17
7827.0 5.27242837946e-17
7829.0 7.32783753665e-17
7831.0 4.90877397415e-17
7833.0 4.37504891879e-17
7835.0 5.34182023018e-17
7837.0 5.51457855547e-17
7839.0 5.30584746883e-17
7841.0 5.09943083354e-17
7843.0 5.41635284296e-17
7845.0 5.37805636583e-17
7847.0 4.22900885815e-17
7849.0 4.32109523615e-17
7851.0 1.69437013154e-17
7853.0 -8.49088956366e-19
7855.0 4.69984833462e-18
7857.0 8.44916192067e-18
7859.0 1.38008393313e-17
7861.0 2.08260979222e-18
7863.0 1.12588975925e-17
7865.0 1.91300190837e-17
7867.0 1.93144307295e-17
7869.0 1.82650611326e-17
7871.0 3.64017934649e-17
7873.0 4.64866041309e-17
7875.0 4.57596414126e-17
7877.0 4.51129913144e-17
7879.0 4.45798535573e-17
7881.0 4.22550591369e-17
7883.0 4.08542320783e-17
7885.0 4.76859068312e-17
7887.0 5.45573623541e-17
7889.0 4.15173066748e-17
7891.0 3.90086366218e-17
7893.0 3.56650931765e-17
7895.0 3.90698479871e-17
7897.0 4.52951331765e-17
7899.0 4.67394169958e-17
7901.0 4.04988124214e-17
7903.0 4.58861934289e-17
7905.0 4.54705020838e-17
7907.0 4.5429884207e-17
7909.0 5.22172750187e-17
7911.0 4.83739622822e-17
7913.0 4.00965511808e-17
7915.0 4.66882409857e-17
7917.0 6.68769172502e-17
7919.0 4.83651147584e-17
7921.0 5.65390588e-17
7923.0 4.65992628216e-17
7925.0 4.31542011541e-17
7927.0 4.64165551679e-17
7929.0 5.27196317309e-17
7931.0 4.85583904716e-17
7933.0 4.52091262452e-17
7935.0 5.41252299673e-17
7937.0 4.95407038449e-17
7939.0 5.36287561636e-17
7941.0 5.44475127688e-17
7943.0 5.05078996654e-17
7945.0 5.19263192013e-17
7947.0 4.71425848264e-17
7949.0 4.91092431287e-17
7951.0 5.09880879371e-17
7953.0 4.96447995619e-17
7955.0 5.28182018814e-17
7957.0 5.14117764643e-17
7959.0 4.56321364843e-17
7961.0 4.74544054475e-17
7963.0 4.45075811328e-17
7965.0 4.08184019229e-17
7967.0 8.18667666735e-17
7969.0 7.94854195691e-17
7971.0 6.70508170847e-17
7973.0 5.16855533948e-17
7975.0 4.1850978099e-17
7977.0 4.41227667856e-17
7979.0 4.11731796876e-17
7981.0 4.50555552014e-17
7983.0 5.10538686482e-17
7985.0 5.42518680103e-17
7987.0 4.94374220736e-17
7989.0 4.15785378924e-17
7991.0 3.87446336574e-17
7993.0 3.91146116931e-17
7995.0 4.60493796201e-17
7997.0 5.76925390031e-17
7999.0 6.06350719049e-17
8001.0 5.86504869444e-17
8003.0 4.50654681338e-17
8005.0 3.15992258418e-17
8007.0 3.67918819156e-17
8009.0 3.68961199077e-17
8011.0 3.61352725628e-17
8013.0 3.5824580216e-17
8015.0 3.86299798071e-17
8017.0 4.74752437815e-17
8019.0 5.20058178756e-17
8021.0 4.7033856898e-17
8023.0 4.49675729627e-17
8025.0 2.85586224066e-17
8027.0 4.23680023778e-17
8029.0 4.68437410147e-17
8031.0 4.62085788008e-17
8033.0 4.54305194818e-17
8035.0 4.59561762174e-17
8037.0 3.37859042609e-17
8039.0 4.08114105924e-17
8041.0 4.76167379884e-17
8043.0 4.58606236218e-17
8045.0 4.43343728212e-17
8047.0 4.65870933404e-17
8049.0 4.62729930095e-17
8051.0 3.83866563581e-17
8053.0 4.97875179961e-17
8055.0 4.89345657444e-17
8057.0 4.54765305761e-17
8059.0 4.68724640343e-17
8061.0 4.77218197047e-17
8063.0 3.99844516642e-17
8065.0 4.56132139006e-17
8067.0 4.43147785669e-17
8069.0 4.92683629e-17
8071.0 4.82898611749e-17
8073.0 4.337777153e-17
8075.0 4.02673044203e-17
8077.0 4.19733313465e-17
8079.0 4.45500254244e-17
8081.0 4.6497271452e-17
8083.0 3.71597158991e-17
8085.0 4.64105366017e-17
8087.0 4.57667948705e-17
8089.0 4.51351233588e-17
8091.0 4.49102923596e-17
8093.0 4.26398470143e-17
8095.0 4.9429239603e-17
8097.0 4.01030395856e-17
8099.0 4.11734741639e-17
8101.0 4.70543941382e-17
8103.0 4.07394326442e-17
8105.0 3.7120282545e-17
8107.0 4.54019718245e-17
8109.0 5.30535579267e-17
8111.0 4.95000793507e-17
8113.0 4.18059232254e-17
8115.0 4.34507983432e-17
8117.0 4.42706170483e-17
8119.0 4.57044982442e-17
8121.0 4.19665021433e-17
8123.0 3.36104890315e-17
8125.0 3.85638946936e-17
8127.0 4.38674260567e-17
8129.0 4.8319305496e-17
8131.0 4.68652245496e-17
8133.0 4.07896722859e-17
8135.0 3.70364990751e-17
8137.0 4.30837253659e-17
8139.0 4.09328837197e-17
8141.0 4.60217054655e-17
8143.0 3.88043362453e-17
8145.0 3.89807341653e-17
8147.0 4.25819145929e-17
8149.0 4.80319164815e-17
8151.0 5.00060392616e-17
8153.0 4.40577669331e-17
8155.0 4.57012490788e-17
8157.0 4.93524706247e-17
8159.0 4.11364330161e-17
8161.0 3.9918422799e-17
8163.0 4.03862232139e-17
8165.0 4.35985361094e-17
8167.0 4.56355907905e-17
8169.0 3.85735429283e-17
8171.0 4.23674762909e-17
8173.0 4.6800046026e-17
8175.0 2.86185632225e-17
8177.0 3.357268026e-17
8179.0 3.9182205584e-17
8181.0 3.68903925091e-17
8183.0 3.42957552294e-17
8185.0 3.14928404889e-17
8187.0 3.29170933025e-17
8189.0 4.62949397655e-17
8191.0 4.12786749942e-17
8193.0 3.87379368032e-17
8195.0 4.2487175943e-17
8197.0 3.93655683648e-17
8199.0 3.91928960663e-17
8201.0 3.33635359139e-17
8203.0 4.58025985562e-17
8205.0 4.1684069595e-17
8207.0 4.28292713746e-17
8209.0 4.56514925106e-17
8211.0 4.53028590435e-17
8213.0 4.53755152797e-17
8215.0 4.38494729287e-17
8217.0 4.24024660308e-17
8219.0 4.43284601342e-17
8221.0 4.45552730582e-17
8223.0 4.38291805339e-17
8225.0 4.4111199492e-17
8227.0 4.80411279648e-17
8229.0 5.19841291999e-17
8231.0 4.18431033396e-17
8233.0 3.71787344358e-17
8235.0 3.52493224221e-17
8237.0 3.85282531354e-17
8239.0 4.57573617028e-17
8241.0 4.43231959568e-17
8243.0 4.65563288391e-17
8245.0 5.34234631705e-17
8247.0 3.8493412288e-17
8249.0 3.97556138021e-17
8251.0 3.96216105429e-17
8253.0 4.08756957608e-17
8255.0 4.12428216778e-17
8257.0 3.90069193948e-17
8259.0 4.57866207355e-17
8261.0 3.68314608536e-17
8263.0 3.93440285816e-17
8265.0 4.01159667642e-17
8267.0 3.97794862346e-17
8269.0 4.02146328676e-17
8271.0 4.02582153597e-17
8273.0 3.45345126414e-17
8275.0 3.9720233633e-17
8277.0 4.02266501476e-17
8279.0 3.93537032861e-17
8281.0 4.08535306292e-17
8283.0 4.45011158891e-17
8285.0 4.44684389462e-17
8287.0 3.65724110468e-17
8289.0 3.64672499211e-17
8291.0 4.32413429772e-17
8293.0 4.31253259332e-17
8295.0 3.99566153822e-17
8297.0 3.39600555583e-17
8299.0 2.5601191982e-17
8301.0 2.76200189112e-17
8303.0 3.99157625861e-17
8305.0 4.11876553483e-17
8307.0 -1.47711709935e-17
8309.0 -6.55319083393e-17
8311.0 -4.92581058604e-17
8313.0 5.02376109556e-18
8315.0 3.74975331526e-17
8317.0 3.81284899802e-17
8319.0 4.73680213218e-17
8321.0 3.92127351661e-17
8323.0 3.93982684688e-17
8325.0 4.08272593729e-17
8327.0 4.04303317929e-17
8329.0 3.98710253499e-17
8331.0 4.14857877847e-17
8333.0 3.9316390823e-17
8335.0 4.16353486569e-17
8337.0 3.80532860276e-17
8339.0 3.96947531614e-17
8341.0 4.17837117716e-17
8343.0 3.43770770098e-17
8345.0 3.31524261867e-17
8347.0 5.87228817916e-17
8349.0 5.81995543965e-17
8351.0 5.59652998573e-17
8353.0 4.95922405058e-17
8355.0 4.27609892694e-17
8357.0 4.15724564606e-17
8359.0 5.2313737513e-17
8361.0 5.46405006232e-17
8363.0 3.6922199258e-17
8365.0 3.00247537203e-17
8367.0 3.62241117606e-17
8369.0 4.43892909965e-17
8371.0 4.33862815642e-17
8373.0 3.31545636214e-17
8375.0 3.54252703558e-17
8377.0 3.62629594709e-17
8379.0 3.84428119955e-17
8381.0 3.78206894568e-17
8383.0 3.50339477517e-17
8385.0 4.28303367832e-17
8387.0 4.76074338609e-17
8389.0 4.45719225495e-17
8391.0 4.17227485604e-17
8393.0 3.61332013026e-17
8395.0 3.875874205e-17
8397.0 3.4984244123e-17
8399.0 2.60077545618e-17
8401.0 3.50412335585e-17
8403.0 5.43291035185e-17
8405.0 5.05180442084e-17
8407.0 5.64474270404e-17
8409.0 7.45249282778e-18
8411.0 3.34624104669e-17
8413.0 3.99355355115e-17
8415.0 3.78929916598e-17
8417.0 3.72874425119e-17
8419.0 3.93990394011e-17
8421.0 4.13247754241e-17
8423.0 4.64642007711e-17
8425.0 3.35925458296e-17
8427.0 3.95452386113e-17
8429.0 3.77172157797e-17
8431.0 3.91372797506e-17
8433.0 5.35974060184e-17
8435.0 6.657879474e-17
8437.0 5.98443137091e-17
8439.0 4.65379389597e-17
8441.0 2.89723748403e-17
8443.0 3.60704149853e-17
8445.0 3.80219458086e-17
8447.0 4.03167532773e-17
8449.0 4.26593552419e-17
8451.0 3.88651902686e-17
8453.0 3.63275258808e-17
8455.0 4.33723882386e-17
8457.0 4.41295827539e-17
8459.0 5.51553345277e-17
8461.0 5.36441681928e-17
8463.0 3.54536261072e-17
8465.0 3.97209681693e-17
8467.0 5.29217979813e-17
8469.0 7.58398162339e-17
8471.0 6.50685151427e-17
8473.0 4.8599024892e-17
8475.0 2.82257748543e-17
8477.0 2.23011135692e-17
8479.0 4.17617319283e-17
8481.0 4.75972529219e-17
8483.0 3.91887072237e-17
8485.0 4.19787212554e-17
8487.0 4.29991941247e-17
8489.0 4.09836593744e-17
8491.0 4.00452130433e-17
8493.0 3.96734714586e-17
8495.0 4.2879871667e-17
8497.0 4.92973737785e-17
8499.0 3.96814587146e-17
8501.0 4.92220837991e-17
8503.0 3.43632167714e-17
8505.0 3.71918038895e-17
8507.0 4.44685051206e-17
8509.0 5.04840537027e-17
8511.0 4.87304672e-17
8513.0 4.15861545715e-17
8515.0 2.74339777196e-17
8517.0 4.43245227545e-17
8519.0 4.31109263731e-17
8521.0 4.11790394351e-17
8523.0 3.99775562866e-17
8525.0 3.98902622622e-17
8527.0 4.67200014125e-17
8529.0 5.00174080319e-17
8531.0 4.17626649881e-17
8533.0 4.08387340224e-17
8535.0 4.41993471668e-17
8537.0 4.3632301622e-17
8539.0 3.68457975479e-17
8541.0 3.61077704618e-17
8543.0 4.09595420965e-17
8545.0 3.71964096311e-17
8547.0 4.42791734046e-17
8549.0 3.9418114186e-17
8551.0 4.1577935705e-17
8553.0 5.00656061919e-17
8555.0 4.82932493067e-17
8557.0 4.65850485499e-17
8559.0 4.5781452511e-17
8561.0 4.64777963117e-17
8563.0 3.44953704548e-17
8565.0 3.39767811503e-17
8567.0 3.55976117821e-17
8569.0 3.87017956279e-17
8571.0 4.42668451047e-17
8573.0 4.68217446278e-17
8575.0 4.55063686352e-17
8577.0 4.29098520011e-17
8579.0 4.25460050282e-17
8581.0 4.21454643232e-17
8583.0 4.28581929175e-17
8585.0 4.23842945271e-17
8587.0 3.96530500236e-17
8589.0 4.23777763439e-17
8591.0 3.98284950315e-17
8593.0 3.81778561192e-17
8595.0 3.92717329961e-17
8597.0 3.95580036625e-17
8599.0 3.95191327911e-17
8601.0 4.26233828114e-17
8603.0 4.69987281917e-17
8605.0 4.05248785369e-17
8607.0 4.72348584781e-17
8609.0 4.09493843185e-17
8611.0 3.75040744969e-17
8613.0 3.39376488899e-17
8615.0 3.02833336885e-17
8617.0 3.34937374511e-17
8619.0 4.01659284732e-17
8621.0 4.25049404738e-17
8623.0 3.96832354985e-17
8625.0 4.15213863296e-17
8627.0 4.59683655509e-17
8629.0 5.01419185665e-17
8631.0 4.92961065378e-17
8633.0 4.79092224356e-17
8635.0 4.21771023273e-17
8637.0 4.18267284722e-17
8639.0 2.1066271881e-17
8641.0 2.02308657845e-17
8643.0 2.61340534608e-17
8645.0 3.22652154228e-17
8647.0 3.28972674375e-17
8649.0 3.95777732791e-17
8651.0 3.21672011376e-17
8653.0 3.5159712292e-17
8655.0 3.53665107538e-17
8657.0 4.7660803554e-17
8659.0 5.20103541341e-17
8661.0 3.18224090972e-17
8663.0 5.01382061799e-17
8665.0 4.12880552224e-17
8667.0 5.24662266046e-17
8669.0 4.14990127484e-17
8671.0 2.92379428303e-17
8673.0 2.09927024374e-17
8675.0 3.40929867915e-17
8677.0 5.638413118e-17
8679.0 4.35919980738e-17
8681.0 1.98227348702e-17
8683.0 4.93917286166e-17
8685.0 3.00118860987e-17
8687.0 4.18584061809e-17
8689.0 4.81833136946e-17
8691.0 4.00085027677e-17
8693.0 4.35877959963e-17
8695.0 3.94225214043e-17
8697.0 4.79803698944e-17
8699.0 3.84581479241e-17
8701.0 3.47047530289e-17
8703.0 2.93601438766e-17
8705.0 2.73596257631e-17
8707.0 3.99370773762e-17
8709.0 4.24468293814e-17
8711.0 3.11675169714e-17
8713.0 4.2812433286e-17
8715.0 3.23643348212e-17
8717.0 3.3364071927e-17
8719.0 3.95817999944e-17
8721.0 4.30302001628e-17
8723.0 3.58293480851e-17
8725.0 3.21466738235e-17
8727.0 3.09308341284e-17
8729.0 3.09409819801e-17
8731.0 4.06828435641e-17
8733.0 4.04195519751e-17
8735.0 3.643210798e-17
8737.0 3.42143044088e-17
8739.0 3.54596943042e-17
8741.0 3.21895714101e-17
8743.0 3.74371092632e-17
8745.0 3.99342451098e-17
8747.0 3.60398953295e-17
8749.0 3.3866299599e-17
8751.0 4.00937652365e-17
8753.0 4.60673923051e-17
8755.0 3.58403462785e-17
8757.0 2.03683349305e-17
8759.0 2.93898694391e-17
8761.0 3.37101014295e-17
8763.0 3.9446225092e-17
8765.0 3.91882274589e-17
8767.0 4.15233318584e-17
8769.0 5.86601219441e-17
8771.0 5.82680515687e-17
8773.0 3.86451337559e-17
8775.0 4.58337369432e-17
8777.0 2.93236652116e-17
8779.0 3.65163017315e-17
8781.0 5.33949816876e-17
8783.0 6.35547216822e-17
8785.0 5.54495725977e-17
8787.0 4.42088068042e-17
8789.0 2.77717089463e-17
8791.0 2.60595178702e-17
8793.0 3.2129359279e-17
8795.0 3.09673161021e-17
8797.0 3.13688428063e-17
8799.0 4.77221605031e-17
8801.0 3.7910597372e-17
8803.0 2.32954839272e-17
8805.0 3.86672691091e-17
8807.0 4.23757679494e-17
8809.0 4.32103237043e-17
8811.0 4.39255536927e-17
8813.0 4.44676018394e-17
8815.0 4.28376325162e-17
8817.0 3.73737439195e-17
8819.0 3.49973764424e-17
8821.0 3.907880139e-17
8823.0 2.77594600558e-17
8825.0 1.85937661644e-17
8827.0 1.23576002411e-17
8829.0 2.7969365408e-17
8831.0 5.61502574423e-17
8833.0 4.20748495687e-17
8835.0 6.13432311535e-17
8837.0 -1.34084587631e-17
8839.0 2.1173234606e-17
8841.0 4.95706047697e-17
8843.0 4.79972940097e-17
8845.0 5.05073305651e-17
8847.0 1.20700937669e-17
8849.0 2.07834902625e-17
8851.0 3.37842532084e-17
8853.0 3.70977402189e-17
8855.0 2.75748680846e-17
8857.0 2.49202618649e-17
8859.0 3.61460391457e-17
8861.0 3.97364629166e-17
8863.0 3.89565341693e-17
8865.0 3.4542635555e-17
8867.0 2.61723767386e-17
8869.0 3.77019228645e-17
8871.0 5.33081144884e-17
8873.0 5.59726650735e-17
8875.0 3.97678395316e-17
8877.0 3.72735194078e-17
8879.0 4.17275428993e-17
8881.0 3.63925191159e-17
8883.0 3.36931409183e-17
8885.0 2.79410725224e-17
8887.0 4.12197400299e-17
8889.0 6.6699139593e-17
8891.0 6.01251382183e-17
8893.0 5.16676168104e-17
8895.0 9.1305205174e-18
8897.0 2.3775301622e-17
8899.0 2.98549335405e-17
8901.0 2.5823754852e-17
8903.0 3.18752758646e-17
8905.0 5.43365977748e-17
8907.0 5.98000827073e-17
8909.0 5.08727326376e-17
8911.0 4.44936745723e-17
8913.0 2.72144555656e-17
8915.0 3.36738444489e-17
8917.0 3.33238775667e-17
8919.0 2.48316592407e-17
8921.0 2.61556743077e-17
8923.0 4.67058036845e-17
8925.0 2.8237735886e-17
8927.0 7.64597318547e-17
8929.0 -2.25350752982e-19
8931.0 1.88067635178e-17
8933.0 3.5402403775e-17
8935.0 3.70729347267e-17
8937.0 3.57495185385e-17
8939.0 3.6009061345e-17
8941.0 4.05333786449e-17
8943.0 2.85784416541e-17
8945.0 3.80050580892e-17
8947.0 2.35432179032e-17
8949.0 2.46356637577e-17
8951.0 3.56963672211e-17
8953.0 1.64414951501e-17
8955.0 3.02332694091e-17
8957.0 2.53831041592e-17
8959.0 2.21032999432e-17
8961.0 4.07622032721e-17
8963.0 4.27457095891e-17
8965.0 5.27240323317e-17
8967.0 4.74465273794e-17
8969.0 6.87306811153e-18
8971.0 3.0221361317e-17
8973.0 3.1177320716e-17
8975.0 3.76135634315e-17
8977.0 3.23125897108e-17
8979.0 3.64744662448e-17
8981.0 3.73365307181e-17
8983.0 3.75382436736e-17
8985.0 4.04527880922e-17
8987.0 2.01552929093e-17
8989.0 4.22583480071e-17
8991.0 2.80381570565e-17
8993.0 2.16475647847e-17
8995.0 3.19592545491e-17
8997.0 3.7904112276e-17
8999.0 3.19448616064e-17
9001.0 4.45467894938e-17
9003.0 4.32080671556e-17
9005.0 5.96405758155e-17
9007.0 3.57281243391e-17
9009.0 2.83557050762e-17
9011.0 2.32722500781e-17
9013.0 2.51829165248e-17
9015.0 4.10660531809e-17
9017.0 4.59742054461e-17
9019.0 5.18960179211e-17
9021.0 4.2293814203e-17
9023.0 4.4026559063e-17
9025.0 4.22246519776e-17
9027.0 3.82169652185e-17
9029.0 3.60787430398e-17
9031.0 3.99361476252e-17
9033.0 3.62722966856e-17
9035.0 4.38329127728e-17
9037.0 4.30697327786e-17
9039.0 1.3124254063e-16
9041.0 1.87997056819e-16
9043.0 2.04603402448e-16
9045.0 2.17029455193e-16
9047.0 2.97572071142e-16
9049.0 3.22116359566e-16
9051.0 4.28586336393e-16
9053.0 2.09626096067e-16
9055.0 5.50101180081e-17
9057.0 3.07856407698e-17
9059.0 2.42179673268e-17
9061.0 7.88078544227e-18
9063.0 -2.77655435556e-18
9065.0 2.32204057061e-17
9067.0 4.0867122861e-17
9069.0 2.8240584696e-17
9071.0 3.57578862976e-17
9073.0 3.93347939373e-17
9075.0 3.55796288756e-17
9077.0 3.73786573724e-17
9079.0 3.3152518831e-17
9081.0 2.10495727588e-17
9083.0 3.96989221516e-17
9085.0 2.95735498572e-17
9087.0 -1.79573449816e-17
9089.0 -5.65489849673e-17
9091.0 -5.6867403181e-17
9093.0 -2.96769110378e-17
9095.0 -4.05794542594e-18
9097.0 2.68085117169e-17
9099.0 4.02271001338e-17
9101.0 2.38986458319e-17
9103.0 2.82569860332e-17
9105.0 3.16104192499e-17
9107.0 3.6566174105e-17
9109.0 4.3047769479e-17
9111.0 2.62096660406e-17
9113.0 2.90109975575e-17
9115.0 3.04136841181e-17
9117.0 3.09350262797e-17
9119.0 3.97994047437e-17
9121.0 4.33731525535e-17
9123.0 3.41590421265e-17
9125.0 3.17505304107e-17
9127.0 3.59417453867e-17
9129.0 3.53263527895e-17
9131.0 4.11319827844e-17
9133.0 5.39976191598e-17
9135.0 4.9351441612e-17
9137.0 4.29593604151e-17
9139.0 3.99656845905e-17
9141.0 3.98223507339e-17
9143.0 3.91926082074e-17
9145.0 3.75127532758e-17
9147.0 3.74374963837e-17
9149.0 3.82941345522e-17
9151.0 4.47201797851e-17
9153.0 4.76929345577e-17
9155.0 3.62974032716e-17
9157.0 2.35362960558e-17
9159.0 3.75389616664e-17
9161.0 2.29712125835e-17
9163.0 2.94491981413e-17
9165.0 3.36412998549e-17
9167.0 3.04666170599e-17
9169.0 2.5450669926e-17
9171.0 2.98006704923e-17
9173.0 4.60053471418e-17
9175.0 5.02386722283e-17
9177.0 4.93959306941e-17
9179.0 4.81914564606e-17
9181.0 3.55474416236e-17
9183.0 3.07828713691e-17
9185.0 3.5718744111e-17
9187.0 3.48570469058e-17
9189.0 3.82545126009e-17
9191.0 2.68116748556e-17
9193.0 3.53445673066e-17
9195.0 3.58435623567e-17
9197.0 3.25146368472e-17
9199.0 3.3309031329e-17
9201.0 4.18935084174e-17
9203.0 4.20216221506e-17
9205.0 3.45479758331e-17
9207.0 3.5472393181e-17
9209.0 1.84760699437e-17
9211.0 2.35610204844e-17
9213.0 2.18437736804e-17
9215.0 2.46133513878e-17
9217.0 3.81795170978e-17
9219.0 3.83899386108e-17
9221.0 2.82087779471e-17
9223.0 3.58833497442e-17
9225.0 3.83644217433e-17
9227.0 4.32680079715e-17
9229.0 4.06217182256e-17
9231.0 3.8059063057e-17
9233.0 4.32022636564e-17
9235.0 4.40844153837e-17
9237.0 2.76964222757e-17
9239.0 2.63743610093e-17
9241.0 2.92734222612e-17
9243.0 2.94138444419e-17
9245.0 3.54720259128e-17
9247.0 4.10908586731e-17
9249.0 4.15736211309e-17
9251.0 4.12298647206e-17
9253.0 4.1278522793e-17
9255.0 3.17766097611e-17
9257.0 4.45245581877e-17
9259.0 2.88887468804e-17
9261.0 2.4192687033e-17
9263.0 2.69788712184e-17
9265.0 2.68021440805e-17
9267.0 2.01913248968e-17
9269.0 3.836316112e-17
9271.0 4.24721775041e-17
9273.0 4.46654733681e-17
9275.0 3.75840198487e-17
9277.0 3.8442818613e-17
9279.0 4.27190148164e-17
9281.0 4.29040948241e-17
9283.0 3.54733494018e-17
9285.0 3.59258932974e-17
9287.0 3.36863381849e-17
9289.0 3.0468618837e-17
9291.0 3.19376121955e-17
9293.0 3.23565692496e-17
9295.0 3.3771061332e-17
9297.0 4.11533405878e-17
9299.0 4.52206571429e-17
9301.0 3.11364017455e-17
9303.0 4.71032904386e-17
9305.0 3.37943216508e-17
9307.0 5.54321455566e-17
9309.0 5.829581175e-17
9311.0 5.10439921117e-17
9313.0 4.83807087673e-17
9315.0 7.05169023747e-17
9317.0 7.33909447217e-17
9319.0 5.76817591854e-17
9321.0 8.79247330774e-18
9323.0 -1.95734540665e-17
9325.0 -2.49596488969e-17
9327.0 -1.25514632526e-17
9329.0 2.41135738248e-17
9331.0 3.26564983223e-17
9333.0 1.91416790216e-17
9335.0 1.26024796169e-17
9337.0 4.65594092597e-17
9339.0 6.18125204935e-17
9341.0 4.31631644832e-17
9343.0 1.72896778784e-17
9345.0 4.23650352809e-18
9347.0 2.01121058096e-17
9349.0 2.57087734381e-17
9351.0 2.46632833183e-17
9353.0 6.19571646041e-17
9355.0 6.42196359283e-17
9357.0 6.57351300722e-17
9359.0 5.48662977693e-17
9361.0 3.25690057745e-17
9363.0 3.29781127619e-17
9365.0 3.76818885501e-17
9367.0 3.30477448258e-17
9369.0 3.28396691971e-17
9371.0 3.61477034331e-17
9373.0 4.91148332153e-18
9375.0 -6.30179674914e-17
9377.0 -8.39707568098e-17
9379.0 -4.1498745569e-18
9381.0 -2.05263661321e-17
9383.0 2.96673819171e-17
9385.0 -9.2566036877e-17
9387.0 5.1942904793e-19
9389.0 2.09753184096e-17
9391.0 2.49686502763e-17
9393.0 2.47508056446e-17
9395.0 2.31453390655e-17
9397.0 3.55114063274e-17
9399.0 1.8152686992e-17
9401.0 2.6325343527e-18
9403.0 2.31964886058e-17
9405.0 1.89438637412e-17
9407.0 2.06010076019e-17
9409.0 3.50850211914e-17
9411.0 3.42865238938e-17
9413.0 3.08762766039e-17
9415.0 1.27905995133e-17
9417.0 2.28930142371e-17
9419.0 2.98230870869e-17
9421.0 4.14326695545e-17
9423.0 3.46692636719e-17
9425.0 1.42767866481e-17
9427.0 2.73329376078e-17
9429.0 1.74218778839e-17
9431.0 6.65331542225e-17
9433.0 3.57115344048e-17
9435.0 4.0014352589e-17
9437.0 3.62390340989e-17
9439.0 4.73990273599e-17
9441.0 9.02760171296e-17
9443.0 1.08771630043e-16
9445.0 4.9622445833e-17
9447.0 1.10382157313e-16
9449.0 -4.63999644063e-18
9451.0 2.51199780063e-17
9453.0 3.66370270875e-17
9455.0 3.1503090911e-17
9457.0 2.20437313586e-17
9459.0 5.48535922751e-17
9461.0 1.17909567061e-16
9463.0 9.896128783e-17
9465.0 4.27166159926e-17
9467.0 -1.17398758218e-17
9469.0 2.9764254693e-17
9471.0 5.07285252784e-17
9473.0 2.51335338422e-17
9475.0 2.21222473423e-17
9477.0 -8.2258223281e-18
9479.0 1.25763349192e-16
9481.0 7.73900982856e-17
9483.0 9.54776993983e-17
9485.0 7.64136876731e-18
9487.0 -4.06970743794e-17
9489.0 7.32182310642e-18
9491.0 2.11810448454e-17
9493.0 1.42385096924e-17
9495.0 2.86252203721e-17
9497.0 1.42103524644e-17
9499.0 2.74939632033e-17
9501.0 3.24821848974e-17
9503.0 4.12810341133e-17
9505.0 5.413060995e-17
9507.0 5.45076554168e-17
9509.0 5.90915727342e-17
9511.0 3.93075300643e-17
9513.0 1.13615167921e-17
9515.0 2.6991101911e-17
9517.0 1.93331101221e-17
9519.0 -2.72035260282e-18
9521.0 -2.01880294093e-17
9523.0 -3.9889221669e-18
9525.0 -1.00326740923e-18
9527.0 1.53604676968e-17
9529.0 2.07306383844e-17
9531.0 2.7837254738e-17
9533.0 1.99149522736e-17
9535.0 2.23793863619e-17
9537.0 3.64068624277e-17
9539.0 3.14674890575e-17
9541.0 2.88670251175e-17
9543.0 3.5129980112e-17
9545.0 3.44238821976e-17
9547.0 3.45053958838e-17
9549.0 4.24044214858e-17
9551.0 3.43155480071e-17
9553.0 3.7526603588e-17
9555.0 7.10182002957e-17
9557.0 6.14973448277e-17
9559.0 6.89194842629e-17
9561.0 2.75001687123e-17
9563.0 1.61129754067e-17
9565.0 7.44546261976e-18
9567.0 -9.566402514e-18
9569.0 -1.75913705001e-17
9571.0 -6.49500107666e-18
9573.0 -1.99221685973e-17
9575.0 1.91211500532e-17
9577.0 -9.06655919012e-19
9579.0 9.29507155665e-18
9581.0 1.11043223515e-17
9583.0 1.36021811539e-17
9585.0 1.83672377906e-17
9587.0 2.31986161144e-17
9589.0 3.17648472528e-17
9591.0 2.6874178277e-17
9593.0 2.25208226661e-17
9595.0 5.65380794181e-17
9597.0 3.89302596044e-17
9599.0 2.59544526975e-17
9601.0 2.49630965857e-17
9603.0 1.74087968497e-17
9605.0 2.66779793075e-17
9607.0 2.94378426059e-17
9609.0 2.96545109868e-17
9611.0 -4.58828896695e-18
9613.0 2.24813479529e-17
9615.0 4.14707860371e-17
9617.0 3.22975714196e-17
9619.0 4.14260289485e-17
9621.0 5.29615655164e-17
9623.0 6.27783498116e-17
9625.0 5.96498865604e-17
9627.0 4.55432112597e-17
9629.0 3.40919213829e-17
9631.0 2.87636672456e-17
9633.0 2.45761596931e-17
9635.0 2.1638310288e-17
9637.0 3.89688591605e-17
9639.0 3.58267639728e-17
9641.0 3.199007199e-17
9643.0 1.61757981199e-17
9645.0 1.88125637082e-17
9647.0 2.11929297764e-17
9649.0 2.82650758596e-17
9651.0 4.13121725003e-17
9653.0 3.4414912251e-17
9655.0 1.92357807425e-17
9657.0 6.62550742985e-18
9659.0 3.63066676945e-17
9661.0 3.35876588465e-17
9663.0 2.96627066923e-17
9665.0 3.3389343949e-17
9667.0 3.05291949276e-17
9669.0 1.45433687615e-17
9671.0 3.81519322788e-17
9673.0 5.33342649763e-18
9675.0 2.84052068728e-17
9677.0 4.12026306262e-17
9679.0 2.84368779641e-17
9681.0 2.42675865831e-17
9683.0 4.34567341913e-17
9685.0 5.114116929e-17
9687.0 3.60716888435e-17
9689.0 4.59668633909e-17
9691.0 9.23434574634e-18
9693.0 1.97852950213e-17
9695.0 3.3999541852e-17
9697.0 3.10111666007e-17
9699.0 3.23705862387e-18
9701.0 2.43226730895e-18
9703.0 2.82160207405e-17
9705.0 2.11051543329e-17
9707.0 3.25233057e-17
9709.0 3.49051722739e-17
9711.0 3.05893640453e-17
9713.0 2.83095583242e-17
9715.0 3.38436513938e-17
9717.0 3.91818879467e-17
9719.0 2.97235706418e-17
9721.0 -1.06739741932e-17
9723.0 3.83755919902e-17
9725.0 3.80425558407e-17
9727.0 5.86195305371e-17
9729.0 5.03390555588e-17
9731.0 8.33875812431e-18
9733.0 1.93549658882e-17
9735.0 2.83395221147e-17
9737.0 2.361829447e-17
9739.0 3.25282820186e-17
9741.0 5.46060071916e-17
9743.0 3.04893777616e-17
9745.0 1.91275640116e-17
9747.0 3.94898406713e-17
9749.0 2.37407833751e-17
9751.0 -1.02425012502e-19
9753.0 2.23924508525e-17
9755.0 1.79084503356e-17
9757.0 5.25857839816e-17
9759.0 3.24030170954e-17
9761.0 1.30216128604e-17
9763.0 1.15390231341e-17
9765.0 1.60556170487e-17
9767.0 2.57510142433e-17
9769.0 1.67008576311e-17
9771.0 1.14931038568e-17
9773.0 3.84157499546e-17
9775.0 3.21688753512e-17
9777.0 3.3460835515e-17
9779.0 4.14047141585e-17
9781.0 2.94166270775e-17
9783.0 3.64548488294e-17
9785.0 4.10602397555e-17
9787.0 7.82663075474e-18
9789.0 3.0858333402e-17
9791.0 9.64715829605e-19
9793.0 -1.11709591944e-17
9795.0 -1.36272827767e-17
9797.0 -6.28194706142e-18
9799.0 2.31144885374e-17
9801.0 9.6186596492e-18
9803.0 3.801696949e-17
9805.0 4.54072889414e-17
9807.0 2.76094971738e-17
9809.0 9.83347597274e-18
9811.0 6.90149996355e-18
9813.0 1.49646336495e-17
9815.0 2.74530802151e-18
9817.0 2.36827889151e-18
9819.0 3.5566880368e-17
9821.0 6.43031877876e-17
9823.0 5.26564616018e-17
9825.0 4.22073672116e-17
9827.0 4.53814114231e-17
9829.0 5.29556726817e-17
9831.0 4.00888418575e-17
9833.0 4.27507686257e-17
9835.0 2.69089033191e-17
9837.0 2.29439487105e-17
9839.0 1.57788275265e-17
9841.0 1.60318686933e-17
9843.0 1.92057722842e-17
9845.0 1.92584140584e-17
9847.0 9.00130663391e-18
9849.0 -1.83274611694e-20
9851.0 5.09924984642e-17
