3400.0 2.7361e-16
3401.525 2.5853e-16
3403.05 2.6704e-16
3404.575 2.9191e-16
3406.1 2.3625e-16
3407.625 3.1692e-16
3409.15 2.9863e-16
3410.675 2.5304e-16
3412.2 2.1717e-16
3413.725 2.1803e-16
3415.25 2.1192e-16
3416.775 1.9912e-16
3418.3 1.9608e-16
3419.825 2.4955e-16
3421.35 1.8905e-16
3422.875 2.0352e-16
3424.4 1.834e-16
3425.925 1.9029e-16
3427.45 2.626e-16
3428.975 2.2938e-16
3430.5 2.9436e-16
3432.025 2.2391e-16
3433.55 2.3556e-16
3435.075 1.6552e-16
3436.6 2.4915e-16
3438.125 3.545e-16
3439.65 2.5653e-16
3441.175 2.5585e-16
3442.7 2.6938e-16
3444.225 2.6336e-16
3445.75 2.7896e-16
3447.275 2.3833e-16
3448.8 2.5838e-16
3450.325 2.5931e-16
3451.85 2.0143e-16
3453.375 2.6418e-16
3454.9 2.7121e-16
3456.425 2.6623e-16
3457.95 2.52e-16
3459.475 2.2615e-16
3461.0 2.6642e-16
3462.525 2.2127e-16
3464.05 2.6259e-16
3465.575 2.8366e-16
3467.1 2.7203e-16
3468.625 2.4887e-16
3470.15 2.8528e-16
3471.675 3.1854e-16
3473.2 2.7218e-16
3474.725 2.4999e-16
3476.25 2.6873e-16
3477.775 2.7626e-16
3479.3 2.6169e-16
3480.825 2.4039e-16
3482.35 2.3795e-16
3483.875 2.3523e-16
3485.4 2.3455e-16
3486.925 2.8716e-16
3488.45 2.7082e-16
3489.975 2.5582e-16
3491.5 2.5541e-16
3493.025 2.4624e-16
3494.55 2.9557e-16
3496.075 2.9227e-16
3497.6 3.0282e-16
3499.125 2.7689e-16
3500.65 3.0781e-16
3502.175 2.8137e-16
3503.7 2.4673e-16
3505.225 2.4407e-16
3506.75 2.4103e-16
3508.275 2.4482e-16
3509.8 2.7252e-16
3511.325 2.2818e-16
3512.85 2.6126e-16
3514.375 2.3651e-16
3515.9 2.504e-16
3517.425 2.7703e-16
3518.95 2.9661e-16
3520.475 2.6954e-16
3522.0 2.5824e-16
3523.525 2.4974e-16
3525.05 2.3493e-16
3526.575 2.6377e-16
3528.1 2.1678e-16
3529.625 2.3866e-16
3531.15 2.5873e-16
3532.675 3.1266e-16
3534.2 2.1465e-16
3535.725 2.1251e-16
3537.25 2.046e-16
3538.775 2.7509e-16
3540.3 2.3177e-16
3541.825 2.4913e-16
3543.35 2.2062e-16
3544.875 2.5358e-16
3546.4 2.3772e-16
3547.925 2.2772e-16
3549.45 2.2437e-16
3550.975 2.7052e-16
3552.5 2.4281e-16
3554.025 2.3917e-16
3555.55 2.5524e-16
3557.075 2.8066e-16
3558.6 2.7663e-16
3560.125 2.4991e-16
3561.65 2.3072e-16
3563.175 2.5039e-16
3564.7 2.3014e-16
3566.225 2.2669e-16
3567.75 2.1656e-16
3569.275 2.5546e-16
3570.8 2.4642e-16
3572.325 2.5681e-16
3573.85 2.5369e-16
3575.375 2.481e-16
3576.9 2.0877e-16
3578.425 2.3437e-16
3579.95 2.5784e-16
3581.475 2.4946e-16
3583.0 2.4217e-16
3584.525 2.6051e-16
3586.05 2.3868e-16
3587.575 2.4152e-16
3589.1 2.6919e-16
3590.625 2.2582e-16
3592.15 2.472e-16
3593.675 2.4785e-16
3595.2 2.4096e-16
3596.725 2.2332e-16
3598.25 2.3948e-16
3599.775 2.6997e-16
3601.3 2.4943e-16
3602.825 2.3324e-16
3604.35 2.6094e-16
3605.875 2.5607e-16
3607.4 2.5682e-16
3608.925 3.0617e-16
3610.45 2.585e-16
3611.975 2.5711e-16
3613.5 2.4814e-16
3615.025 2.3375e-16
3616.55 2.4434e-16
3618.075 2.153e-16
3619.6 2.2355e-16
3621.125 2.3897e-16
3622.65 2.1809e-16
3624.175 2.1714e-16
3625.7 2.4805e-16
3627.225 2.6752e-16
3628.75 2.343e-16
3630.275 2.6882e-16
3631.8 2.3488e-16
3633.325 2.2838e-16
3634.85 2.2925e-16
3636.375 2.2671e-16
3637.9 2.3253e-16
3639.425 2.5378e-16
3640.95 2.3901e-16
3642.475 2.188e-16
3644.0 1.9986e-16
3645.525 1.8977e-16
3647.05 1.7587e-16
3648.575 2.235e-16
3650.1 2.096e-16
3651.625 2.204e-16
3653.15 2.2288e-16
3654.675 2.5524e-16
3656.2 2.4715e-16
3657.725 2.1913e-16
3659.25 2.447e-16
3660.775 2.5108e-16
3662.3 2.3522e-16
3663.825 2.585e-16
3665.35 2.4633e-16
3666.875 2.1946e-16
3668.4 2.0763e-16
3669.925 2.3156e-16
3671.45 2.2326e-16
3672.975 2.1136e-16
3674.5 1.7856e-16
3676.025 2.3648e-16
3677.55 2.5646e-16
3679.075 2.4946e-16
3680.6 2.5238e-16
3682.125 2.4401e-16
3683.65 2.5075e-16
3685.175 2.4994e-16
3686.7 2.4119e-16
3688.225 2.2199e-16
3689.75 2.4201e-16
3691.275 2.4958e-16
3692.8 2.4152e-16
3694.325 2.4873e-16
3695.85 2.3304e-16
3697.375 2.0252e-16
3698.9 2.0757e-16
3700.425 1.9658e-16
3701.95 2.3596e-16
3703.475 2.3373e-16
3705.0 2.1375e-16
3706.525 2.3511e-16
3708.05 2.0448e-16
3709.575 2.0761e-16
3711.1 2.4202e-16
3712.625 2.2953e-16
3714.15 2.2893e-16
3715.675 2.1865e-16
3717.2 2.2555e-16
3718.725 2.3219e-16
3720.25 1.8898e-16
3721.775 2.0795e-16
3723.3 2.2456e-16
3724.825 2.35e-16
3726.35 2.5991e-16
3727.875 2.3434e-16
3729.4 2.0408e-16
3730.925 2.3715e-16
3732.45 2.4715e-16
3733.975 2.3718e-16
3735.5 2.3626e-16
3737.025 2.3901e-16
3738.55 2.5672e-16
3740.075 2.6521e-16
3741.6 2.6344e-16
3743.125 2.1976e-16
3744.65 2.4291e-16
3746.175 2.1528e-16
3747.7 2.22e-16
3749.225 2.2154e-16
3750.75 2.0826e-16
3752.275 2.5186e-16
3753.8 2.2001e-16
3755.325 1.885e-16
3756.85 2.0226e-16
3758.375 2.1959e-16
3759.9 2.2713e-16
3761.425 2.185e-16
3762.95 2.2886e-16
3764.475 2.1913e-16
3766.0 2.0793e-16
3767.525 1.9981e-16
3769.05 2.527e-16
3770.575 2.3163e-16
3772.1 2.0881e-16
3773.625 2.3158e-16
3775.15 2.3932e-16
3776.675 2.2538e-16
3778.2 2.2742e-16
3779.725 2.3018e-16
3781.25 2.2227e-16
3782.775 2.056e-16
3784.3 2.2538e-16
3785.825 2.2856e-16
3787.35 2.1399e-16
3788.875 2.1501e-16
3790.4 2.0631e-16
3791.925 2.0618e-16
3793.45 1.9931e-16
3794.975 2.0396e-16
3796.5 2.3784e-16
3798.025 2.2723e-16
3799.55 2.1461e-16
3801.075 2.1312e-16
3802.6 2.1539e-16
3804.125 2.3979e-16
3805.65 2.4307e-16
3807.175 2.3693e-16
3808.7 2.2229e-16
3810.225 1.9966e-16
3811.75 2.0569e-16
3813.275 2.333e-16
3814.8 2.3938e-16
3816.325 2.2299e-16
3817.85 2.3167e-16
3819.375 2.2695e-16
3820.9 2.2021e-16
3822.425 2.1108e-16
3823.95 1.9854e-16
3825.475 2.1984e-16
3827.0 2.0293e-16
3828.525 2.0199e-16
3830.05 2.1875e-16
3831.575 2.2038e-16
3833.1 2.2377e-16
3834.625 2.31e-16
3836.15 2.5352e-16
3837.675 2.3051e-16
3839.2 2.2291e-16
3840.725 2.1484e-16
3842.25 2.182e-16
3843.775 2.2621e-16
3845.3 2.3439e-16
3846.825 2.3868e-16
3848.35 2.4585e-16
3849.875 2.2007e-16
3851.4 2.2007e-16
3852.925 2.3461e-16
3854.45 2.2364e-16
3855.975 2.1163e-16
3857.5 2.4308e-16
3859.025 2.5819e-16
3860.55 2.1282e-16
3862.075 2.3105e-16
3863.6 2.2382e-16
3865.125 1.9341e-16
3866.65 2.1064e-16
3868.175 2.2903e-16
3869.7 2.2212e-16
3871.225 2.0531e-16
3872.75 2.0863e-16
3874.275 2.3561e-16
3875.8 2.1087e-16
3877.325 2.1128e-16
3878.85 1.9966e-16
3880.375 2.2111e-16
3881.9 2.3411e-16
3883.425 2.0958e-16
3884.95 2.1711e-16
3886.475 2.1572e-16
3888.0 2.0825e-16
3889.525 2.4252e-16
3891.05 2.2266e-16
3892.575 2.1588e-16
3894.1 2.24e-16
3895.625 2.3025e-16
3897.15 2.2484e-16
3898.675 2.2038e-16
3900.2 2.3801e-16
3901.725 2.1056e-16
3903.25 2.0894e-16
3904.775 2.2914e-16
3906.3 2.1602e-16
3907.825 2.2461e-16
3909.35 2.3332e-16
3910.875 2.2556e-16
3912.4 2.1845e-16
3913.925 2.2128e-16
3915.45 2.0372e-16
3916.975 2.1918e-16
3918.5 2.1508e-16
3920.025 2.2107e-16
3921.55 2.2884e-16
3923.075 2.2738e-16
3924.6 2.2211e-16
3926.125 2.2389e-16
3927.65 2.2561e-16
3929.175 2.0677e-16
3930.7 2.1522e-16
3932.225 2.1645e-16
3933.75 2.0801e-16
3935.275 2.0928e-16
3936.8 2.1828e-16
3938.325 2.1631e-16
3939.85 2.2953e-16
3941.375 2.2213e-16
3942.9 2.2568e-16
3944.425 2.1261e-16
3945.95 2.171e-16
3947.475 2.1533e-16
3949.0 2.1159e-16
3950.525 2.2338e-16
3952.05 2.287e-16
3953.575 2.1984e-16
3955.1 2.0042e-16
3956.625 2.0166e-16
3958.15 2.0101e-16
3959.675 2.0288e-16
3961.2 1.9576e-16
3962.725 2.0081e-16
3964.25 1.9427e-16
3965.775 1.925e-16
3967.3 1.9983e-16
3968.825 1.9478e-16
3970.35 1.9162e-16
3971.875 2.0664e-16
3973.4 2.0264e-16
3974.925 1.9993e-16
3976.45 2.037e-16
3977.975 2.0407e-16
3979.5 2.2024e-16
3981.025 2.0298e-16
3982.55 2.0862e-16
3984.075 2.1242e-16
3985.6 2.0503e-16
3987.125 2.097e-16
3988.65 2.1133e-16
3990.175 1.8993e-16
3991.7 1.6857e-16
3993.225 2.0262e-16
3994.75 2.1414e-16
3996.275 2.0938e-16
3997.8 2.3624e-16
3999.325 2.0324e-16
4000.85 2.0555e-16
4002.375 1.9977e-16
4003.9 2.165e-16
4005.425 2.1759e-16
4006.95 2.1224e-16
4008.475 2.1732e-16
4010.0 2.1433e-16
4011.525 2.2931e-16
4013.05 2.2372e-16
4014.575 2.1306e-16
4016.1 2.0515e-16
4017.625 2.0533e-16
4019.15 2.0217e-16
4020.675 2.0499e-16
4022.2 2.2456e-16
4023.725 2.1167e-16
4025.25 2.3902e-16
4026.775 2.2992e-16
4028.3 2.2291e-16
4029.825 1.946e-16
4031.35 1.8375e-16
4032.875 2.207e-16
4034.4 2.2178e-16
4035.925 2.0502e-16
4037.45 2.1527e-16
4038.975 2.0834e-16
4040.5 2.139e-16
4042.025 2.1498e-16
4043.55 2.1447e-16
4045.075 1.9752e-16
4046.6 2.3929e-16
4048.125 2.2915e-16
4049.65 2.1693e-16
4051.175 2.0241e-16
4052.7 2.1793e-16
4054.225 2.0841e-16
4055.75 2.2644e-16
4057.275 2.0878e-16
4058.8 2.2839e-16
4060.325 2.1793e-16
4061.85 2.1487e-16
4063.375 2.2477e-16
4064.9 2.1788e-16
4066.425 2.2884e-16
4067.95 2.2314e-16
4069.475 2.155e-16
4071.0 2.1634e-16
4072.525 2.2712e-16
4074.05 2.181e-16
4075.575 2.2177e-16
4077.1 2.0809e-16
4078.625 2.0976e-16
4080.15 2.1828e-16
4081.675 2.2989e-16
4083.2 2.042e-16
4084.725 2.2451e-16
4086.25 2.1978e-16
4087.775 2.1138e-16
4089.3 2.2627e-16
4090.825 2.1809e-16
4092.35 2.0827e-16
4093.875 2.0146e-16
4095.4 2.0276e-16
4096.925 2.045e-16
4098.45 2.0415e-16
4099.975 2.2007e-16
4101.5 1.8779e-16
4103.025 1.8857e-16
4104.55 2.1224e-16
4106.075 2.1099e-16
4107.6 2.1538e-16
4109.125 2.1541e-16
4110.65 2.187e-16
4112.175 1.9348e-16
4113.7 1.8832e-16
4115.225 1.9773e-16
4116.75 2.1e-16
4118.275 2.013e-16
4119.8 1.9577e-16
4121.325 2.0217e-16
4122.85 2.1074e-16
4124.375 2.1062e-16
4125.9 2.1298e-16
4127.425 2.0443e-16
4128.95 1.9432e-16
4130.475 2.199e-16
4132.0 2.0928e-16
4133.525 1.9462e-16
4135.05 1.8922e-16
4136.575 2.0886e-16
4138.1 1.816e-16
4139.625 1.8917e-16
4141.15 2.0261e-16
4142.675 1.9023e-16
4144.2 1.8905e-16
4145.725 2.0057e-16
4147.25 2.1207e-16
4148.775 2.056e-16
4150.3 2.0715e-16
4151.825 2.0062e-16
4153.35 1.8666e-16
4154.875 2.0852e-16
4156.4 2.1741e-16
4157.925 1.9689e-16
4159.45 2.1363e-16
4160.975 2.282e-16
4162.5 2.0408e-16
4164.025 2.0589e-16
4165.55 2.1073e-16
4167.075 2.0256e-16
4168.6 1.9666e-16
4170.125 2.0744e-16
4171.65 1.9908e-16
4173.175 2.0166e-16
4174.7 2.0123e-16
4176.225 1.9404e-16
4177.75 1.771e-16
4179.275 2.0321e-16
4180.8 2.1608e-16
4182.325 2.2894e-16
4183.85 2.1288e-16
4185.375 2.0495e-16
4186.9 1.9984e-16
4188.425 2.087e-16
4189.95 2.0805e-16
4191.475 2.1056e-16
4193.0 1.9734e-16
4194.525 2.0473e-16
4196.05 2.1045e-16
4197.575 2.1404e-16
4199.1 2.1052e-16
4200.625 1.967e-16
4202.15 2.0669e-16
4203.675 2.1354e-16
4205.2 2.0386e-16
4206.725 2.0155e-16
4208.25 1.9903e-16
4209.775 1.93e-16
4211.3 2.0425e-16
4212.825 2.073e-16
4214.35 2.0395e-16
4215.875 1.9337e-16
4217.4 1.9761e-16
4218.925 2.1114e-16
4220.45 2.0556e-16
4221.975 2.1452e-16
4223.5 2.1311e-16
4225.025 1.9935e-16
4226.55 2.1914e-16
4228.075 2.1239e-16
4229.6 2.1264e-16
4231.125 2.1765e-16
4232.65 2.1124e-16
4234.175 2.1734e-16
4235.7 2.1358e-16
4237.225 2.091e-16
4238.75 2.0439e-16
4240.275 1.8318e-16
4241.8 1.9831e-16
4243.325 2.1099e-16
4244.85 2.1792e-16
4246.375 1.9045e-16
4247.9 2.0973e-16
4249.425 2.1214e-16
4250.95 2.0413e-16
4252.475 2.157e-16
4254.0 1.8978e-16
4255.525 1.9188e-16
4257.05 2.2032e-16
4258.575 2.1349e-16
4260.1 2.0262e-16
4261.625 2.1234e-16
4263.15 2.1584e-16
4264.675 1.9573e-16
4266.2 2.0742e-16
4267.725 2.2002e-16
4269.25 1.8827e-16
4270.775 1.881e-16
4272.3 2.0336e-16
4273.825 1.9953e-16
4275.35 2.0105e-16
4276.875 2.041e-16
4278.4 2.0506e-16
4279.925 2.1947e-16
4281.45 1.9324e-16
4282.975 1.7074e-16
4284.5 1.9014e-16
4286.025 2.0044e-16
4287.55 2.0907e-16
4289.075 1.9927e-16
4290.6 1.8896e-16
4292.125 1.9405e-16
4293.65 1.9088e-16
4295.175 2.0411e-16
4296.7 2.2213e-16
4298.225 2.003e-16
4299.75 2.0526e-16
4301.275 1.9324e-16
4302.8 1.9342e-16
4304.325 2.0319e-16
4305.85 1.9329e-16
4307.375 1.8912e-16
4308.9 1.8207e-16
4310.425 1.9828e-16
4311.95 1.9215e-16
4313.475 1.9426e-16
4315.0 2.0507e-16
4316.525 1.8961e-16
4318.05 1.9566e-16
4319.575 2.0747e-16
4321.1 2.0073e-16
4322.625 2.0229e-16
4324.15 1.9882e-16
4325.675 2.0873e-16
4327.2 1.9327e-16
4328.725 1.724e-16
4330.25 1.8845e-16
4331.775 1.8936e-16
4333.3 1.764e-16
4334.825 1.7346e-16
4336.35 1.8589e-16
4337.875 1.9751e-16
4339.4 1.9435e-16
4340.925 1.8217e-16
4342.45 1.92e-16
4343.975 1.8837e-16
4345.5 1.9617e-16
4347.025 1.7779e-16
4348.55 1.9686e-16
4350.075 2.1032e-16
4351.6 2.0995e-16
4353.125 1.9939e-16
4354.65 1.9517e-16
4356.175 2.0656e-16
4357.7 2.324e-16
4359.225 2.1969e-16
4360.75 1.8098e-16
4362.275 1.7751e-16
4363.8 1.7735e-16
4365.325 1.8875e-16
4366.85 1.8306e-16
4368.375 1.9944e-16
4369.9 1.8213e-16
4371.425 1.8232e-16
4372.95 1.9484e-16
4374.475 1.8796e-16
4376.0 1.9405e-16
4377.525 1.9792e-16
4379.05 1.9118e-16
4380.575 1.9497e-16
4382.1 1.9654e-16
4383.625 1.9193e-16
4385.15 1.8978e-16
4386.675 1.7961e-16
4388.2 1.9302e-16
4389.725 2.0211e-16
4391.25 1.8392e-16
4392.775 1.7887e-16
4394.3 1.65e-16
4395.825 1.7895e-16
4397.35 1.8962e-16
4398.875 1.8105e-16
4400.4 1.7749e-16
4401.925 2.1455e-16
4403.45 1.9623e-16
4404.975 2.0409e-16
4406.5 2.0589e-16
4408.025 2.0988e-16
4409.55 1.9829e-16
4411.075 2.0448e-16
4412.6 2.0997e-16
4414.125 2.0439e-16
4415.65 2.0472e-16
4417.175 2.086e-16
4418.7 1.893e-16
4420.225 1.9024e-16
4421.75 1.9424e-16
4423.275 2.0287e-16
4424.8 1.9206e-16
4426.325 1.8958e-16
4427.85 2.0232e-16
4429.375 2.1882e-16
4430.9 2.0953e-16
4432.425 2.1122e-16
4433.95 1.9157e-16
4435.475 1.9861e-16
4437.0 2.0493e-16
4438.525 2.0345e-16
4440.05 1.9707e-16
4441.575 1.9737e-16
4443.1 2.1364e-16
4444.625 1.7673e-16
4446.15 1.8165e-16
4447.675 1.9276e-16
4449.2 1.999e-16
4450.725 1.9954e-16
4452.25 1.9564e-16
4453.775 1.9226e-16
4455.3 1.8948e-16
4456.825 1.9118e-16
4458.35 1.8154e-16
4459.875 1.9997e-16
4461.4 1.887e-16
4462.925 1.8962e-16
4464.45 1.9732e-16
4465.975 1.9197e-16
4467.5 1.9598e-16
4469.025 2.0067e-16
4470.55 1.8284e-16
4472.075 1.7947e-16
4473.6 1.7898e-16
4475.125 2.2051e-16
4476.65 2.0096e-16
4478.175 1.739e-16
4479.7 1.7398e-16
4481.225 1.7992e-16
4482.75 1.9256e-16
4484.275 1.9652e-16
4485.8 1.7541e-16
4487.325 1.9208e-16
4488.85 2.0073e-16
4490.375 1.8268e-16
4491.9 1.8188e-16
4493.425 1.7865e-16
4494.95 1.9345e-16
4496.475 1.808e-16
4498.0 1.7194e-16
4499.525 1.7528e-16
4501.05 1.9744e-16
4502.575 1.9376e-16
4504.1 1.6593e-16
4505.625 1.7748e-16
4507.15 1.9854e-16
4508.675 1.8133e-16
4510.2 1.9313e-16
4511.725 1.8187e-16
4513.25 1.8264e-16
4514.775 1.8848e-16
4516.3 1.8273e-16
4517.825 1.8146e-16
4519.35 1.6085e-16
4520.875 1.7863e-16
4522.4 1.8039e-16
4523.925 1.8761e-16
4525.45 1.866e-16
4526.975 1.8555e-16
4528.5 1.8046e-16
4530.025 1.954e-16
4531.55 2.2103e-16
4533.075 2.0407e-16
4534.6 1.8857e-16
4536.125 1.8241e-16
4537.65 2.0439e-16
4539.175 1.9413e-16
4540.7 1.7344e-16
4542.225 1.9627e-16
4543.75 2.0034e-16
4545.275 1.8101e-16
4546.8 1.9692e-16
4548.325 1.9876e-16
4549.85 1.7322e-16
4551.375 1.7878e-16
4552.9 1.916e-16
4554.425 1.8575e-16
4555.95 1.8331e-16
4557.475 1.8255e-16
4559.0 1.8154e-16
4560.525 1.7751e-16
4562.05 1.7187e-16
4563.575 1.7878e-16
4565.1 1.8634e-16
4566.625 1.7397e-16
4568.15 1.8277e-16
4569.675 1.8941e-16
4571.2 1.9127e-16
4572.725 1.7855e-16
4574.25 1.7213e-16
4575.775 1.665e-16
4577.3 1.812e-16
4578.825 1.6757e-16
4580.35 1.5363e-16
4581.875 1.7785e-16
4583.4 1.5964e-16
4584.925 1.6531e-16
4586.45 1.7173e-16
4587.975 1.5679e-16
4589.5 1.7427e-16
4591.025 1.5515e-16
4592.55 1.519e-16
4594.075 1.748e-16
4595.6 1.8786e-16
4597.125 1.7015e-16
4598.65 1.6425e-16
4600.175 1.7015e-16
4601.7 1.6503e-16
4603.225 1.762e-16
4604.75 1.8772e-16
4606.275 1.8109e-16
4607.8 1.8027e-16
4609.325 1.7299e-16
4610.85 1.6624e-16
4612.375 1.6995e-16
4613.9 1.7665e-16
4615.425 1.589e-16
4616.95 1.6965e-16
4618.475 1.6854e-16
4620.0 1.736e-16
4621.525 1.7931e-16
4623.05 1.6819e-16
4624.575 1.6648e-16
4626.1 1.7477e-16
4627.625 1.6232e-16
4629.15 1.8154e-16
4630.675 1.6815e-16
4632.2 1.7367e-16
4633.725 1.8195e-16
4635.25 1.6399e-16
4636.775 1.7152e-16
4638.3 1.7608e-16
4639.825 1.7573e-16
4641.35 1.7303e-16
4642.875 1.6132e-16
4644.4 1.5477e-16
4645.925 1.5951e-16
4647.45 1.8487e-16
4648.975 1.7296e-16
4650.5 1.6449e-16
4652.025 1.658e-16
4653.55 1.7056e-16
4655.075 1.7817e-16
4656.6 1.5646e-16
4658.125 1.6245e-16
4659.65 1.5393e-16
4661.175 1.5695e-16
4662.7 1.6658e-16
4664.225 1.6548e-16
4665.75 1.5612e-16
4667.275 1.7575e-16
4668.8 1.888e-16
4670.325 1.5941e-16
4671.85 1.7099e-16
4673.375 1.8424e-16
4674.9 1.8187e-16
4676.425 1.6742e-16
4677.95 1.6436e-16
4679.475 1.8631e-16
4681.0 1.6289e-16
4682.525 1.4976e-16
4684.05 1.7132e-16
4685.575 1.5549e-16
4687.1 1.6997e-16
4688.625 1.7159e-16
4690.15 1.6874e-16
4691.675 1.6911e-16
4693.2 1.6924e-16
4694.725 1.6311e-16
4696.25 1.7239e-16
4697.775 1.7875e-16
4699.3 1.9283e-16
4700.825 1.6284e-16
4702.35 1.7492e-16
4703.875 1.8136e-16
4705.4 1.6618e-16
4706.925 1.7104e-16
4708.45 1.569e-16
4709.975 1.7644e-16
4711.5 1.68e-16
4713.025 1.5569e-16
4714.55 1.5593e-16
4716.075 1.5741e-16
4717.6 1.7346e-16
4719.125 1.5808e-16
4720.65 1.4995e-16
4722.175 1.7156e-16
4723.7 1.7385e-16
4725.225 1.6722e-16
4726.75 1.8125e-16
4728.275 1.7654e-16
4729.8 1.4894e-16
4731.325 1.4345e-16
4732.85 1.5475e-16
4734.375 1.5898e-16
4735.9 1.4616e-16
4737.425 1.7788e-16
4738.95 1.9628e-16
4740.475 1.5642e-16
4742.0 1.5634e-16
4743.525 1.6537e-16
4745.05 1.635e-16
4746.575 1.5288e-16
4748.1 1.4969e-16
4749.625 1.4414e-16
4751.15 1.5187e-16
4752.675 1.5704e-16
4754.2 1.8395e-16
4755.725 1.8658e-16
4757.25 1.7445e-16
4758.775 1.7442e-16
4760.3 1.7837e-16
4761.825 1.6786e-16
4763.35 1.6786e-16
4764.875 1.6575e-16
4766.4 1.7217e-16
4767.925 1.875e-16
4769.45 1.6712e-16
4770.975 1.5894e-16
4772.5 1.6333e-16
4774.025 1.6417e-16
4775.55 1.8135e-16
4777.075 1.7569e-16
4778.6 1.669e-16
4780.125 1.5628e-16
4781.65 1.5561e-16
4783.175 1.6972e-16
4784.7 1.5942e-16
4786.225 1.5622e-16
4787.75 1.5551e-16
4789.275 1.666e-16
4790.8 1.6481e-16
4792.325 1.7144e-16
4793.85 1.5652e-16
4795.375 1.5672e-16
4796.9 1.6695e-16
4798.425 1.6458e-16
4799.95 1.6905e-16
4801.475 1.4758e-16
4803.0 1.5236e-16
4804.525 1.763e-16
4806.05 1.5734e-16
4807.575 1.4528e-16
4809.1 1.479e-16
4810.625 1.4186e-16
4812.15 1.6699e-16
4813.675 1.5519e-16
4815.2 1.6192e-16
4816.725 1.6611e-16
4818.25 1.5652e-16
4819.775 1.3491e-16
4821.3 1.4652e-16
4822.825 1.3736e-16
4824.35 1.5222e-16
4825.875 1.5461e-16
4827.4 1.4307e-16
4828.925 1.5432e-16
4830.45 1.4551e-16
4831.975 1.6482e-16
4833.5 1.6318e-16
4835.025 1.5606e-16
4836.55 1.5736e-16
4838.075 1.5644e-16
4839.6 1.5989e-16
4841.125 1.7672e-16
4842.65 1.8268e-16
4844.175 1.8199e-16
4845.7 1.5379e-16
4847.225 1.6489e-16
4848.75 1.7583e-16
4850.275 1.5443e-16
4851.8 1.7226e-16
4853.325 1.9295e-16
4854.85 1.8628e-16
4856.375 1.7071e-16
4857.9 1.535e-16
4859.425 1.5088e-16
4860.95 1.6578e-16
4862.475 1.627e-16
4864.0 1.6568e-16
4865.525 1.6987e-16
4867.05 1.7e-16
4868.575 1.7886e-16
4870.1 1.818e-16
4871.625 1.6786e-16
4873.15 1.5191e-16
4874.675 1.5497e-16
4876.2 1.5707e-16
4877.725 1.619e-16
4879.25 1.8437e-16
4880.775 1.6048e-16
4882.3 1.3388e-16
4883.825 1.461e-16
4885.35 1.6691e-16
4886.875 1.8008e-16
4888.4 1.5945e-16
4889.925 1.3678e-16
4891.45 1.5531e-16
4892.975 1.6261e-16
4894.5 1.5625e-16
4896.025 1.6588e-16
4897.55 1.6459e-16
4899.075 1.612e-16
4900.6 1.4501e-16
4902.125 1.3445e-16
4903.65 1.3945e-16
4905.175 1.5492e-16
4906.7 1.7166e-16
4908.225 1.6513e-16
4909.75 1.5674e-16
4911.275 1.5648e-16
4912.8 1.5623e-16
4914.325 1.4984e-16
4915.85 1.48e-16
4917.375 1.5385e-16
4918.9 1.4609e-16
4920.425 1.5064e-16
4921.95 1.4829e-16
4923.475 1.5193e-16
4925.0 1.5782e-16
4926.525 1.4116e-16
4928.05 1.453e-16
4929.575 1.4888e-16
4931.1 1.4025e-16
4932.625 1.5432e-16
4934.15 1.595e-16
4935.675 1.5702e-16
4937.2 1.454e-16
4938.725 1.4813e-16
4940.25 1.4499e-16
4941.775 1.4071e-16
4943.3 1.55e-16
4944.825 1.5329e-16
4946.35 1.4149e-16
4947.875 1.6093e-16
4949.4 1.4757e-16
4950.925 1.5149e-16
4952.45 1.6817e-16
4953.975 1.465e-16
4955.5 1.4705e-16
4957.025 1.4028e-16
4958.55 1.3584e-16
4960.075 1.5928e-16
4961.6 1.6025e-16
4963.125 1.6336e-16
4964.65 1.6455e-16
4966.175 1.6962e-16
4967.7 1.5497e-16
4969.225 1.4005e-16
4970.75 1.4395e-16
4972.275 1.4357e-16
4973.8 1.6098e-16
4975.325 1.5551e-16
4976.85 1.5676e-16
4978.375 1.6821e-16
4979.9 1.5463e-16
4981.425 1.6183e-16
4982.95 1.6715e-16
4984.475 1.5455e-16
4986.0 1.4603e-16
4987.525 1.6171e-16
4989.05 1.5207e-16
4990.575 1.5321e-16
4992.1 1.5842e-16
4993.625 1.5473e-16
4995.15 1.4155e-16
4996.675 1.5201e-16
4998.2 1.5219e-16
4999.725 1.5342e-16
5001.25 1.5298e-16
5002.775 1.5262e-16
5004.3 1.5631e-16
5005.825 1.5333e-16
5007.35 1.6174e-16
5008.875 1.5721e-16
5010.4 1.5067e-16
5011.925 1.661e-16
5013.45 1.7276e-16
5014.975 1.6307e-16
5016.5 1.481e-16
5018.025 1.6344e-16
5019.55 1.6144e-16
5021.075 1.5538e-16
5022.6 1.5977e-16
5024.125 1.6331e-16
5025.65 1.5976e-16
5027.175 1.5328e-16
5028.7 1.4528e-16
5030.225 1.4188e-16
5031.75 1.4497e-16
5033.275 1.433e-16
5034.8 1.4483e-16
5036.325 1.6107e-16
5037.85 1.4125e-16
5039.375 1.351e-16
5040.9 1.4875e-16
5042.425 1.6116e-16
5043.95 1.6238e-16
5045.475 1.5231e-16
5047.0 1.5348e-16
5048.525 1.3943e-16
5050.05 1.3895e-16
5051.575 1.515e-16
5053.1 1.551e-16
5054.625 1.3006e-16
5056.15 1.4389e-16
5057.675 1.513e-16
5059.2 1.5573e-16
5060.725 1.6166e-16
5062.25 1.517e-16
5063.775 1.4835e-16
5065.3 1.4176e-16
5066.825 1.444e-16
5068.35 1.3387e-16
5069.875 1.3511e-16
5071.4 1.3547e-16
5072.925 1.3756e-16
5074.45 1.3568e-16
5075.975 1.3559e-16
5077.5 1.4079e-16
5079.025 1.3097e-16
5080.55 1.4389e-16
5082.075 1.5238e-16
5083.6 1.3947e-16
5085.125 1.4869e-16
5086.65 1.5027e-16
5088.175 1.5304e-16
5089.7 1.4349e-16
5091.225 1.44e-16
5092.75 1.3633e-16
5094.275 1.4319e-16
5095.8 1.5783e-16
5097.325 1.3907e-16
5098.85 1.4317e-16
5100.375 1.4218e-16
5101.9 1.4126e-16
5103.425 1.3651e-16
5104.95 1.4204e-16
5106.475 1.3013e-16
5108.0 1.3464e-16
5109.525 1.3912e-16
5111.05 1.4115e-16
5112.575 1.4951e-16
5114.1 1.5862e-16
5115.625 1.3393e-16
5117.15 1.4828e-16
5118.675 1.4639e-16
5120.2 1.5236e-16
5121.725 1.3456e-16
5123.25 1.1707e-16
5124.775 1.3351e-16
5126.3 1.3632e-16
5127.825 1.5021e-16
5129.35 1.4401e-16
5130.875 1.3881e-16
5132.4 1.4389e-16
5133.925 1.5376e-16
5135.45 1.4512e-16
5136.975 1.3721e-16
5138.5 1.4073e-16
5140.025 1.5853e-16
5141.55 1.5102e-16
5143.075 1.2423e-16
5144.6 1.418e-16
5146.125 1.5666e-16
5147.65 1.4406e-16
5149.175 1.3365e-16
5150.7 1.3573e-16
5152.225 1.5001e-16
5153.75 1.4528e-16
5155.275 1.3612e-16
5156.8 1.5123e-16
5158.325 1.3746e-16
5159.85 1.3229e-16
5161.375 1.5045e-16
5162.9 1.3383e-16
5164.425 1.3726e-16
5165.95 1.392e-16
5167.475 1.2247e-16
5169.0 1.3623e-16
5170.525 1.196e-16
5172.05 1.2974e-16
5173.575 1.5101e-16
5175.1 1.2503e-16
5176.625 1.2766e-16
5178.15 1.4005e-16
5179.675 1.2581e-16
5181.2 1.4686e-16
5182.725 1.5942e-16
5184.25 1.4623e-16
5185.775 1.3446e-16
5187.3 1.2668e-16
5188.825 1.3773e-16
5190.35 1.5245e-16
5191.875 1.4034e-16
5193.4 1.4554e-16
5194.925 1.4354e-16
5196.45 1.4179e-16
5197.975 1.4049e-16
5199.5 1.4915e-16
5201.025 1.366e-16
5202.55 1.2248e-16
5204.075 1.3073e-16
5205.6 1.3236e-16
5207.125 1.4121e-16
5208.65 1.3811e-16
5210.175 1.3379e-16
5211.7 1.2179e-16
5213.225 1.348e-16
5214.75 1.202e-16
5216.275 1.2759e-16
5217.8 1.4364e-16
5219.325 1.329e-16
5220.85 1.1459e-16
5222.375 1.2581e-16
5223.9 1.4083e-16
5225.425 1.191e-16
5226.95 1.181e-16
5228.475 1.2841e-16
5230.0 1.4099e-16
5231.525 1.3182e-16
5233.05 1.2532e-16
5234.575 1.3871e-16
5236.1 1.4934e-16
5237.625 1.4694e-16
5239.15 1.3582e-16
5240.675 1.3701e-16
5242.2 1.4274e-16
5243.725 1.1555e-16
5245.25 1.3653e-16
5246.775 1.2261e-16
5248.3 1.1732e-16
5249.825 1.413e-16
5251.35 1.4512e-16
5252.875 1.4474e-16
5254.4 1.4538e-16
5255.925 1.537e-16
5257.45 1.7341e-16
5258.975 1.4798e-16
5260.5 1.3167e-16
5262.025 1.2309e-16
5263.55 1.4607e-16
5265.075 1.3699e-16
5266.6 1.2998e-16
5268.125 1.4147e-16
5269.65 1.4653e-16
5271.175 1.5171e-16
5272.7 1.4722e-16
5274.225 1.2146e-16
5275.75 1.2611e-16
5277.275 1.5958e-16
5278.8 1.4456e-16
5280.325 1.3647e-16
5281.85 1.6021e-16
5283.375 1.5968e-16
5284.9 1.562e-16
5286.425 1.396e-16
5287.95 1.5288e-16
5289.475 1.7046e-16
5291.0 1.5787e-16
5292.525 1.5017e-16
5294.05 1.4434e-16
5295.575 1.489e-16
5297.1 1.4032e-16
5298.625 1.3485e-16
5300.15 1.4238e-16
5301.675 1.3856e-16
5303.2 1.3939e-16
5304.725 1.4021e-16
5306.25 1.4793e-16
5307.775 1.4454e-16
5309.3 1.5162e-16
5310.825 1.5908e-16
5312.35 1.5054e-16
5313.875 1.6703e-16
5315.4 1.4735e-16
5316.925 1.4658e-16
5318.45 1.3907e-16
5319.975 1.6359e-16
5321.5 1.5879e-16
5323.025 1.5521e-16
5324.55 1.327e-16
5326.075 1.3502e-16
5327.6 1.2726e-16
5329.125 1.2657e-16
5330.65 1.5407e-16
5332.175 1.4336e-16
5333.7 1.3705e-16
5335.225 1.4086e-16
5336.75 1.6527e-16
5338.275 1.5007e-16
5339.8 1.2234e-16
5341.325 1.4728e-16
5342.85 1.6273e-16
5344.375 1.3673e-16
5345.9 1.2419e-16
5347.425 1.3692e-16
5348.95 1.3362e-16
5350.475 1.4173e-16
5352.0 1.4114e-16
5353.525 1.4125e-16
5355.05 1.4586e-16
5356.575 1.2968e-16
5358.1 1.1138e-16
5359.625 1.2959e-16
5361.15 1.454e-16
5362.675 1.5348e-16
5364.2 1.5696e-16
5365.725 1.5404e-16
5367.25 1.4875e-16
5368.775 1.5784e-16
5370.3 1.4728e-16
5371.825 1.3194e-16
5373.35 1.4188e-16
5374.875 1.5139e-16
5376.4 1.3699e-16
5377.925 1.2663e-16
5379.45 1.5772e-16
5380.975 1.3983e-16
5382.5 1.5266e-16
5384.025 1.3669e-16
5385.55 1.1354e-16
5387.075 1.3655e-16
5388.6 1.4242e-16
5390.125 1.4556e-16
5391.65 1.3432e-16
5393.175 1.3721e-16
5394.7 1.3168e-16
5396.225 1.3747e-16
5397.75 1.3851e-16
5399.275 1.2104e-16
5400.8 1.3527e-16
5402.325 1.4706e-16
5403.85 1.3917e-16
5405.375 1.5967e-16
5406.9 1.5324e-16
5408.425 1.2688e-16
5409.95 1.3159e-16
5411.475 1.3138e-16
5413.0 1.05e-16
5414.525 1.2289e-16
5416.05 1.3888e-16
5417.575 1.74e-16
5419.1 1.3664e-16
5420.625 1.3255e-16
5422.15 1.4734e-16
5423.675 1.2782e-16
5425.2 1.2651e-16
5426.725 1.3797e-16
5428.25 1.5639e-16
5429.775 1.2864e-16
5431.3 1.4288e-16
5432.825 1.6326e-16
5434.35 1.4624e-16
5435.875 1.4511e-16
5437.4 1.334e-16
5438.925 1.5157e-16
5440.45 1.5442e-16
5441.975 1.6948e-16
5443.5 1.3593e-16
5445.025 1.4403e-16
5446.55 1.4754e-16
5448.075 1.3356e-16
5449.6 1.3631e-16
5451.125 1.2072e-16
5452.65 1.6408e-16
5454.175 1.5456e-16
5455.7 1.4586e-16
5457.225 1.2833e-16
5458.75 1.4012e-16
5460.275 1.6166e-16
5461.8 1.5043e-16
5463.325 1.453e-16
5464.85 1.3638e-16
5466.375 1.3658e-16
5467.9 1.5792e-16
5469.425 1.569e-16
5470.95 1.5343e-16
5472.475 1.5337e-16
5474.0 1.3705e-16
5475.525 1.364e-16
5477.05 1.4297e-16
5478.575 1.2198e-16
5480.1 1.2784e-16
5481.625 1.4071e-16
5483.15 1.405e-16
5484.675 1.4778e-16
5486.2 1.1753e-16
5487.725 1.2555e-16
5489.25 1.3343e-16
5490.775 1.1925e-16
5492.3 1.1036e-16
5493.825 1.2212e-16
5495.35 1.4673e-16
5496.875 1.1917e-16
5498.4 1.5131e-16
5499.925 1.4315e-16
5501.45 1.3557e-16
5502.975 1.2579e-16
5504.5 1.496e-16
5506.025 1.6386e-16
5507.55 1.36e-16
5509.075 1.2345e-16
5510.6 1.3728e-16
5512.125 1.3707e-16
5513.65 1.3437e-16
5515.175 1.4705e-16
5516.7 1.3358e-16
5518.225 1.2013e-16
5519.75 1.2408e-16
5521.275 1.3746e-16
5522.8 1.3911e-16
5524.325 1.2308e-16
5525.85 1.2333e-16
5527.375 1.2297e-16
5528.9 1.2719e-16
5530.425 1.2708e-16
5531.95 1.2778e-16
5533.475 1.3206e-16
5535.0 1.0708e-16
5536.525 1.2794e-16
5538.05 1.4114e-16
5539.575 1.4111e-16
5541.1 1.4408e-16
5542.625 1.2644e-16
5544.15 1.2643e-16
5545.675 1.2308e-16
5547.2 1.4315e-16
5548.725 1.3812e-16
5550.25 1.3587e-16
5551.775 1.3953e-16
5553.3 1.2994e-16
5554.825 1.2879e-16
5556.35 1.3927e-16
5557.875 1.3592e-16
5559.4 1.2178e-16
5560.925 1.0552e-16
5562.45 1.2685e-16
5563.975 1.396e-16
5565.5 1.4215e-16
5567.025 1.3344e-16
5568.55 1.311e-16
5570.075 1.2417e-16
5571.6 1.1381e-16
5573.125 1.2668e-16
5574.65 1.6986e-16
5576.175 1.8693e-16
5577.7 1.7156e-16
5579.225 1.2893e-16
5580.75 1.1189e-16
5582.275 1.2421e-16
5583.8 1.364e-16
5585.325 1.2934e-16
5586.85 1.1304e-16
5588.375 1.0902e-16
5589.9 1.2221e-16
5591.425 1.3069e-16
5592.95 1.2385e-16
5594.475 1.3638e-16
5596.0 1.1286e-16
5597.525 1.2397e-16
5599.05 1.4717e-16
5600.575 1.4164e-16
5602.1 1.357e-16
5603.625 1.3977e-16
5605.15 1.2938e-16
5606.675 1.1998e-16
5608.2 1.4101e-16
5609.725 1.4783e-16
5611.25 1.3905e-16
5612.775 1.2066e-16
5614.3 1.1896e-16
5615.825 1.1957e-16
5617.35 1.2611e-16
5618.875 1.31e-16
5620.4 1.2193e-16
5621.925 1.3825e-16
5623.45 1.3338e-16
5624.975 1.2832e-16
5626.5 1.2816e-16
5628.025 1.2553e-16
5629.55 1.1782e-16
5631.075 1.1833e-16
5632.6 1.2592e-16
5634.125 1.1485e-16
5635.65 1.281e-16
5637.175 1.4479e-16
5638.7 1.4201e-16
5640.225 1.3977e-16
5641.75 1.3037e-16
5643.275 1.293e-16
5644.8 1.3047e-16
5646.325 1.218e-16
5647.85 1.2642e-16
5649.375 1.256e-16
5650.9 1.0876e-16
5652.425 1.1599e-16
5653.95 1.1231e-16
5655.475 1.165e-16
5657.0 1.2102e-16
5658.525 1.2461e-16
5660.05 1.2993e-16
5661.575 1.2379e-16
5663.1 1.2757e-16
5664.625 1.2693e-16
5666.15 1.2375e-16
5667.675 1.1734e-16
5669.2 1.1771e-16
5670.725 1.1993e-16
5672.25 1.3042e-16
5673.775 1.306e-16
5675.3 1.2674e-16
5676.825 1.2559e-16
5678.35 1.1194e-16
5679.875 1.195e-16
5681.4 1.2853e-16
5682.925 1.2159e-16
5684.45 1.2643e-16
5685.975 1.3614e-16
5687.5 1.1166e-16
5689.025 9.5226e-17
5690.55 1.173e-16
5692.075 1.2874e-16
5693.6 1.2856e-16
5695.125 1.2608e-16
5696.65 1.1407e-16
5698.175 1.1784e-16
5699.7 1.3427e-16
5701.225 1.2202e-16
5702.75 9.802e-17
5704.275 1.0651e-16
5705.8 1.1327e-16
5707.325 1.1181e-16
5708.85 1.2511e-16
5710.375 1.3018e-16
5711.9 1.2059e-16
5713.425 1.1067e-16
5714.95 1.1795e-16
5716.475 1.2934e-16
5718.0 1.2205e-16
5719.525 1.1599e-16
5721.05 1.1945e-16
5722.575 1.227e-16
5724.1 1.3367e-16
5725.625 1.3683e-16
5727.15 1.196e-16
5728.675 1.1882e-16
5730.2 1.2504e-16
5731.725 1.194e-16
5733.25 1.1771e-16
5734.775 1.189e-16
5736.3 1.2547e-16
5737.825 1.283e-16
5739.35 1.1794e-16
5740.875 1.1375e-16
5742.4 1.2044e-16
5743.925 1.2445e-16
5745.45 1.167e-16
5746.975 1.1802e-16
5748.5 1.303e-16
5750.025 1.2803e-16
5751.55 1.1333e-16
5753.075 1.1378e-16
5754.6 1.23e-16
5756.125 1.215e-16
5757.65 1.1848e-16
5759.175 1.1611e-16
5760.7 1.1241e-16
5762.225 1.1784e-16
5763.75 1.2798e-16
5765.275 1.2457e-16
5766.8 1.0736e-16
5768.325 1.1276e-16
5769.85 1.2769e-16
5771.375 1.1662e-16
5772.9 1.0623e-16
5774.425 1.1305e-16
5775.95 1.3631e-16
5777.475 1.45e-16
5779.0 1.3201e-16
5780.525 1.1943e-16
5782.05 1.238e-16
5783.575 1.2191e-16
5785.1 1.1251e-16
5786.625 1.2204e-16
5788.15 1.2001e-16
5789.675 1.1619e-16
5791.2 1.1846e-16
5792.725 1.2275e-16
5794.25 1.2772e-16
5795.775 1.3451e-16
5797.3 1.2452e-16
5798.825 1.0242e-16
5800.35 1.0605e-16
5801.875 1.1867e-16
5803.4 1.1797e-16
5804.925 1.2151e-16
5806.45 1.2177e-16
5807.975 1.1671e-16
5809.5 1.1912e-16
5811.025 1.1647e-16
5812.55 1.1536e-16
5814.075 1.1842e-16
5815.6 1.1605e-16
5817.125 1.0941e-16
5818.65 1.1948e-16
5820.175 1.214e-16
5821.7 1.1872e-16
5823.225 1.1874e-16
5824.75 1.1311e-16
5826.275 1.1423e-16
5827.8 1.1486e-16
5829.325 1.1373e-16
5830.85 1.12e-16
5832.375 1.0039e-16
5833.9 1.0709e-16
5835.425 1.2475e-16
5836.95 1.2524e-16
5838.475 1.1569e-16
5840.0 1.1129e-16
5841.525 9.7459e-17
5843.05 1.0486e-16
5844.575 1.249e-16
5846.1 1.2515e-16
5847.625 1.1545e-16
5849.15 1.0437e-16
5850.675 1.0208e-16
5852.2 1.127e-16
5853.725 1.1699e-16
5855.25 1.262e-16
5856.775 1.356e-16
5858.3 1.3035e-16
5859.825 1.1792e-16
5861.35 1.1364e-16
5862.875 1.1388e-16
5864.4 1.1524e-16
5865.925 1.1809e-16
5867.45 1.1469e-16
5868.975 1.1716e-16
5870.5 1.2421e-16
5872.025 1.306e-16
5873.55 1.251e-16
5875.075 1.1729e-16
5876.6 1.2356e-16
5878.125 1.2937e-16
5879.65 1.2899e-16
5881.175 1.2423e-16
5882.7 1.2589e-16
5884.225 1.2096e-16
5885.75 1.2257e-16
5887.275 1.3125e-16
5888.8 1.2142e-16
5890.325 1.1575e-16
5891.85 1.2668e-16
5893.375 1.2491e-16
5894.9 1.1571e-16
5896.425 1.16e-16
5897.95 1.2711e-16
5899.475 1.2173e-16
5901.0 1.033e-16
5902.525 1.1254e-16
5904.05 1.1594e-16
5905.575 1.1917e-16
5907.1 1.2019e-16
5908.625 1.1958e-16
5910.15 1.2482e-16
5911.675 1.1996e-16
5913.2 1.1379e-16
5914.725 1.1569e-16
5916.25 1.0159e-16
5917.775 1.0792e-16
5919.3 1.1907e-16
5920.825 1.2268e-16
5922.35 1.2693e-16
5923.875 1.1632e-16
5925.4 1.1851e-16
5926.925 1.2825e-16
5928.45 1.274e-16
5929.975 1.3337e-16
5931.5 1.31e-16
5933.025 1.3348e-16
5934.55 1.3935e-16
5936.075 1.3998e-16
5937.6 1.3743e-16
5939.125 1.5549e-16
5940.65 1.6711e-16
5942.175 1.5862e-16
5943.7 1.6372e-16
5945.225 1.6657e-16
5946.75 1.5433e-16
5948.275 1.4256e-16
5949.8 1.3846e-16
5951.325 1.3032e-16
5952.85 1.3352e-16
5954.375 1.2664e-16
5955.9 1.3469e-16
5957.425 1.5296e-16
5958.95 1.4145e-16
5960.475 1.2409e-16
5962.0 1.2244e-16
5963.525 1.2375e-16
5965.05 1.268e-16
5966.575 1.239e-16
5968.1 1.2143e-16
5969.625 1.1958e-16
5971.15 1.1859e-16
5972.675 1.2698e-16
5974.2 1.2622e-16
5975.725 1.2455e-16
5977.25 1.2265e-16
5978.775 1.1001e-16
5980.3 1.1211e-16
5981.825 1.154e-16
5983.35 1.1984e-16
5984.875 1.3074e-16
5986.4 1.2053e-16
5987.925 1.1285e-16
5989.45 1.2013e-16
5990.975 1.0779e-16
5992.5 1.0754e-16
5994.025 1.2691e-16
5995.55 1.2294e-16
5997.075 1.1609e-16
5998.6 1.2305e-16
6000.125 1.2449e-16
6001.65 1.2211e-16
6003.175 1.1687e-16
6004.7 1.1142e-16
6006.225 1.0915e-16
6007.75 1.1052e-16
6009.275 1.0694e-16
6010.8 1.1212e-16
6012.325 1.2987e-16
6013.85 1.2869e-16
6015.375 1.1422e-16
6016.9 1.1198e-16
6018.425 1.1239e-16
6019.95 1.1604e-16
6021.475 1.272e-16
6023.0 1.2011e-16
6024.525 1.101e-16
6026.05 1.1351e-16
6027.575 1.1403e-16
6029.1 1.1421e-16
6030.625 1.1898e-16
6032.15 1.2374e-16
6033.675 1.1839e-16
6035.2 1.1425e-16
6036.725 1.0268e-16
6038.25 1.0996e-16
6039.775 1.2218e-16
6041.3 1.1385e-16
6042.825 1.1104e-16
6044.35 1.0838e-16
6045.875 1.0526e-16
6047.4 1.0514e-16
6048.925 1.0083e-16
6050.45 1.0667e-16
6051.975 1.0869e-16
6053.5 1.0372e-16
6055.025 1.0189e-16
6056.55 1.0282e-16
6058.075 1.0804e-16
6059.6 1.0192e-16
6061.125 9.886e-17
6062.65 1.0891e-16
6064.175 1.1811e-16
6065.7 1.1575e-16
6067.225 1.163e-16
6068.75 1.1677e-16
6070.275 1.1546e-16
6071.8 1.1075e-16
6073.325 1.037e-16
6074.85 1.0687e-16
6076.375 1.041e-16
6077.9 9.9904e-17
6079.425 9.6447e-17
6080.95 1.0566e-16
6082.475 1.118e-16
6084.0 1.1555e-16
6085.525 1.2435e-16
6087.05 1.1784e-16
6088.575 1.048e-16
6090.1 9.9772e-17
6091.625 1.0389e-16
6093.15 1.1303e-16
6094.675 1.1755e-16
6096.2 1.1007e-16
6097.725 1.0895e-16
6099.25 1.1616e-16
6100.775 1.0611e-16
6102.3 9.662e-17
6103.825 1.0063e-16
6105.35 1.051e-16
6106.875 1.0656e-16
6108.4 1.0641e-16
6109.925 1.0704e-16
6111.45 1.1063e-16
6112.975 1.104e-16
6114.5 1.1067e-16
6116.025 1.1164e-16
6117.55 1.0459e-16
6119.075 1.086e-16
6120.6 1.1357e-16
6122.125 1.0976e-16
6123.65 1.0415e-16
6125.175 1.0535e-16
6126.7 9.3202e-17
6128.225 8.905e-17
6129.75 1.0893e-16
6131.275 1.212e-16
6132.8 1.1324e-16
6134.325 1.1262e-16
6135.85 1.1245e-16
6137.375 1.1532e-16
6138.9 1.1061e-16
6140.425 1.1258e-16
6141.95 1.0749e-16
6143.475 1.0093e-16
6145.0 1.0399e-16
6146.525 1.1057e-16
6148.05 1.1369e-16
6149.575 1.0696e-16
6151.1 1.0747e-16
6152.625 1.1287e-16
6154.15 1.1686e-16
6155.675 1.0669e-16
6157.2 9.502e-17
6158.725 1.0448e-16
6160.25 1.0375e-16
6161.775 9.6545e-17
6163.3 1.031e-16
6164.825 1.0799e-16
6166.35 1e-16
6167.875 9.5491e-17
6169.4 9.9843e-17
6170.925 1.0216e-16
6172.45 1.0268e-16
6173.975 1.0954e-16
6175.5 1.0193e-16
6177.025 9.3903e-17
6178.55 1.0166e-16
6180.075 1.0718e-16
6181.6 1.1484e-16
6183.125 1.1028e-16
6184.65 9.7846e-17
6186.175 9.249e-17
6187.7 9.429e-17
6189.225 8.9763e-17
6190.75 8.9665e-17
6192.275 9.6931e-17
6193.8 9.4683e-17
6195.325 1.0072e-16
6196.85 1.0173e-16
6198.375 1.0009e-16
6199.9 1.0046e-16
6201.425 1.021e-16
6202.95 9.9282e-17
6204.475 9.9077e-17
6206.0 1.0955e-16
6207.525 1.0571e-16
6209.05 1.0611e-16
6210.575 1.1027e-16
6212.1 1.0439e-16
6213.625 9.6429e-17
6215.15 9.5202e-17
6216.675 1.0469e-16
6218.2 1.0937e-16
6219.725 1.0362e-16
6221.25 9.472e-17
6222.775 9.2516e-17
6224.3 9.4602e-17
6225.825 9.3737e-17
6227.35 9.6731e-17
6228.875 9.8979e-17
6230.4 1.0103e-16
6231.925 1.0091e-16
6233.45 1.0136e-16
6234.975 1.0431e-16
6236.5 9.5893e-17
6238.025 9.8277e-17
6239.55 1.0045e-16
6241.075 1.0706e-16
6242.6 9.5417e-17
6244.125 8.9443e-17
6245.65 1.022e-16
6247.175 1.0662e-16
6248.7 9.709e-17
6250.225 9.1095e-17
6251.75 9.6475e-17
6253.275 9.2923e-17
6254.8 9.7208e-17
6256.325 1.0454e-16
6257.85 9.977e-17
6259.375 1.0273e-16
6260.9 9.8511e-17
6262.425 9.1369e-17
6263.95 9.8595e-17
6265.475 9.3884e-17
6267.0 9.2526e-17
6268.525 9.2194e-17
6270.05 8.7792e-17
6271.575 9.9681e-17
6273.1 9.904e-17
6274.625 9.3111e-17
6276.15 9.4356e-17
6277.675 9.5342e-17
6279.2 1.0316e-16
6280.725 1.0568e-16
6282.25 1.0657e-16
6283.775 9.8114e-17
6285.3 9.1631e-17
6286.825 9.3896e-17
6288.35 1.0017e-16
6289.875 1.0127e-16
6291.4 9.9596e-17
6292.925 8.5853e-17
6294.45 8.221e-17
6295.975 9.4174e-17
6297.5 1.0209e-16
6299.025 1.0626e-16
6300.55 1.0405e-16
6302.075 1.0289e-16
6303.6 9.7305e-17
6305.125 9.4551e-17
6306.65 9.761e-17
6308.175 9.9496e-17
6309.7 1.007e-16
6311.225 1.0151e-16
6312.75 1.0007e-16
6314.275 9.0191e-17
6315.8 9.4019e-17
6317.325 9.9733e-17
6318.85 1.0485e-16
6320.375 9.5223e-17
6321.9 9.6685e-17
6323.425 1.0505e-16
6324.95 9.5872e-17
6326.475 9.0873e-17
6328.0 1.0173e-16
6329.525 1.0018e-16
6331.05 9.2534e-17
6332.575 1.017e-16
6334.1 9.9907e-17
6335.625 9.727e-17
6337.15 1.034e-16
6338.675 9.5181e-17
6340.2 9.253e-17
6341.725 9.0836e-17
6343.25 9.2183e-17
6344.775 9.6487e-17
6346.3 8.9917e-17
6347.825 9.1165e-17
6349.35 9.6274e-17
6350.875 9.4486e-17
6352.4 9.2921e-17
6353.925 9.0373e-17
6355.45 9.6495e-17
6356.975 1.0121e-16
6358.5 9.8288e-17
6360.025 1.0608e-16
6361.55 1.099e-16
6363.075 1.0255e-16
6364.6 9.7877e-17
6366.125 1.0044e-16
6367.65 9.0702e-17
6369.175 8.3045e-17
6370.7 8.9431e-17
6372.225 1.0254e-16
6373.75 9.701e-17
6375.275 9.7054e-17
6376.8 1.0402e-16
6378.325 1.0192e-16
6379.85 9.7579e-17
6381.375 8.82e-17
6382.9 8.6776e-17
6384.425 9.5242e-17
6385.95 1.054e-16
6387.475 1.014e-16
6389.0 9.4579e-17
6390.525 9.3007e-17
6392.05 9.519e-17
6393.575 1.0085e-16
6395.1 1.018e-16
6396.625 1.015e-16
6398.15 9.4313e-17
6399.675 8.8075e-17
6401.2 9.0265e-17
6402.725 9.6794e-17
6404.25 9.7823e-17
6405.775 9.8466e-17
6407.3 8.9727e-17
6408.825 8.5541e-17
6410.35 8.7129e-17
6411.875 9.5153e-17
6413.4 9.9728e-17
6414.925 9.5294e-17
6416.45 9.2258e-17
6417.975 8.9606e-17
6419.5 9.5545e-17
6421.025 9.1473e-17
6422.55 8.7868e-17
6424.075 8.7769e-17
6425.6 8.5852e-17
6427.125 8.9521e-17
6428.65 9.0754e-17
6430.175 9.1784e-17
6431.7 1.004e-16
6433.225 9.5203e-17
6434.75 8.8206e-17
6436.275 9.8202e-17
6437.8 9.9885e-17
6439.325 9.1866e-17
6440.85 9.243e-17
6442.375 1.0308e-16
6443.9 9.6094e-17
6445.425 8.4403e-17
6446.95 8.7709e-17
6448.475 8.4907e-17
6450.0 8.468e-17
6451.525 9.3038e-17
6453.05 9.744e-17
6454.575 9.7458e-17
6456.1 9.1688e-17
6457.625 8.8307e-17
6459.15 9.0959e-17
6460.675 9.0313e-17
6462.2 9.436e-17
6463.725 1.0042e-16
6465.25 9.1699e-17
6466.775 8.9118e-17
6468.3 9.2321e-17
6469.825 9.0243e-17
6471.35 9.851e-17
6472.875 1.0124e-16
6474.4 8.6595e-17
6475.925 8.6178e-17
6477.45 9.1857e-17
6478.975 8.8071e-17
6480.5 8.6287e-17
6482.025 8.5564e-17
6483.55 9.2639e-17
6485.075 9.3996e-17
6486.6 9.2331e-17
6488.125 8.6552e-17
6489.65 8.5234e-17
6491.175 9.0105e-17
6492.7 9.0984e-17
6494.225 9.0045e-17
6495.75 9.6163e-17
6497.275 1.0084e-16
6498.8 9.6363e-17
6500.325 9.5592e-17
6501.85 9.5956e-17
6503.375 9.6202e-17
6504.9 9.9496e-17
6506.425 9.7016e-17
6507.95 8.8758e-17
6509.475 8.5836e-17
6511.0 8.2198e-17
6512.525 8.5463e-17
6514.05 9.7055e-17
6515.575 9.5772e-17
6517.1 8.9425e-17
6518.625 8.2529e-17
6520.15 7.9944e-17
6521.675 8.3187e-17
6523.2 8.6151e-17
6524.725 8.3981e-17
6526.25 7.9817e-17
6527.775 8.1434e-17
6529.3 8.7586e-17
6530.825 9.4227e-17
6532.35 9.6999e-17
6533.875 9.2235e-17
6535.4 8.7365e-17
6536.925 9.1091e-17
6538.45 8.7981e-17
6539.975 8.5522e-17
6541.5 8.7579e-17
6543.025 8.499e-17
6544.55 8.561e-17
6546.075 8.9772e-17
6547.6 8.685e-17
6549.125 8.023e-17
6550.65 8.3286e-17
6552.175 9.1701e-17
6553.7 8.3602e-17
6555.225 7.5782e-17
6556.75 8.7487e-17
6558.275 9.0766e-17
6559.8 8.098e-17
6561.325 8.5232e-17
6562.85 9.092e-17
6564.375 8.537e-17
6565.9 7.9819e-17
6567.425 7.711e-17
6568.95 8.3031e-17
6570.475 9.4531e-17
6572.0 9.0169e-17
6573.525 7.9981e-17
6575.05 8.0598e-17
6576.575 8.3508e-17
6578.1 9.2113e-17
6579.625 9.3077e-17
6581.15 8.294e-17
6582.675 8.1504e-17
6584.2 8.7906e-17
6585.725 9.0512e-17
6587.25 8.3333e-17
6588.775 8.0674e-17
6590.3 8.238e-17
6591.825 8.1773e-17
6593.35 8.301e-17
6594.875 8.5435e-17
6596.4 8.2785e-17
6597.925 7.77e-17
6599.45 8.581e-17
6600.975 8.9757e-17
6602.5 8.1397e-17
6604.025 7.5277e-17
6605.55 7.6499e-17
6607.075 8.3726e-17
6608.6 8.3959e-17
6610.125 7.982e-17
6611.65 8.5379e-17
6613.175 9.2441e-17
6614.7 9.0603e-17
6616.225 9.0749e-17
6617.75 9.0577e-17
6619.275 8.6424e-17
6620.8 8.716e-17
6622.325 8.7312e-17
6623.85 8.5876e-17
6625.375 8.4701e-17
6626.9 8.1831e-17
6628.425 8.5445e-17
6629.95 9.3824e-17
6631.475 9.4663e-17
6633.0 9.1381e-17
6634.525 8.6211e-17
6636.05 7.9719e-17
6637.575 7.9445e-17
6639.1 8.6067e-17
6640.625 9.1828e-17
6642.15 9.1189e-17
6643.675 8.5758e-17
6645.2 8.6092e-17
6646.725 9.0752e-17
6648.25 8.5477e-17
6649.775 8.3343e-17
6651.3 8.4818e-17
6652.825 8.2769e-17
6654.35 8.1637e-17
6655.875 8.5961e-17
6657.4 8.6074e-17
6658.925 8.0667e-17
6660.45 8.1073e-17
6661.975 8.3235e-17
6663.5 8.5053e-17
6665.025 8.7253e-17
6666.55 8.0221e-17
6668.075 8.2724e-17
6669.6 8.3921e-17
6671.125 8.7972e-17
6672.65 9.0736e-17
6674.175 8.641e-17
6675.7 8.1281e-17
6677.225 8.2451e-17
6678.75 8.2434e-17
6680.275 8.4009e-17
6681.8 8.1648e-17
6683.325 8.2314e-17
6684.85 8.6681e-17
6686.375 8.2559e-17
6687.9 7.2204e-17
6689.425 7.2913e-17
6690.95 8.4483e-17
6692.475 8.2593e-17
6694.0 8.0901e-17
6695.525 8.3133e-17
6697.05 8.6901e-17
6698.575 8.5265e-17
6700.1 8.3254e-17
6701.625 8.5887e-17
6703.15 8.9152e-17
6704.675 8.6487e-17
6706.2 8.0595e-17
6707.725 7.8511e-17
6709.25 8.0855e-17
6710.775 8.1792e-17
6712.3 7.7023e-17
6713.825 7.5984e-17
6715.35 7.9136e-17
6716.875 8.698e-17
6718.4 8.8016e-17
6719.925 8.9647e-17
6721.45 9.2969e-17
6722.975 8.7335e-17
6724.5 7.9399e-17
6726.025 8.275e-17
6727.55 8.4178e-17
6729.075 8.5653e-17
6730.6 8.9694e-17
6732.125 8.2962e-17
6733.65 7.8091e-17
6735.175 7.7837e-17
6736.7 8.2967e-17
6738.225 8.5999e-17
6739.75 8.2076e-17
6741.275 8.7567e-17
6742.8 8.994e-17
6744.325 9.0958e-17
6745.85 8.3561e-17
6747.375 7.7271e-17
6748.9 7.4195e-17
6750.425 7.7381e-17
6751.95 7.7766e-17
6753.475 8.3703e-17
6755.0 8.2653e-17
6756.525 8.6454e-17
6758.05 8.5157e-17
6759.575 8.2832e-17
6761.1 8.8284e-17
6762.625 8.9162e-17
6764.15 8.3795e-17
6765.675 8.4066e-17
6767.2 7.8547e-17
6768.725 7.68e-17
6770.25 8.0408e-17
6771.775 8.6479e-17
6773.3 8.2347e-17
6774.825 7.8748e-17
6776.35 8.2269e-17
6777.875 8.2336e-17
6779.4 8.8791e-17
6780.925 8.4428e-17
6782.45 7.4978e-17
6783.975 7.5632e-17
6785.5 8.3559e-17
6787.025 8.4395e-17
6788.55 8.0904e-17
6790.075 8.2348e-17
6791.6 7.9527e-17
6793.125 8.0789e-17
6794.65 8.181e-17
6796.175 7.5578e-17
6797.7 7.6556e-17
6799.225 8.1164e-17
6800.75 7.6858e-17
6802.275 7.6318e-17
6803.8 7.9636e-17
6805.325 8.2234e-17
6806.85 8.124e-17
6808.375 8.3921e-17
6809.9 8.567e-17
6811.425 8.2003e-17
6812.95 7.9995e-17
6814.475 8.4576e-17
6816.0 8.905e-17
6817.525 8.6854e-17
6819.05 8.7095e-17
6820.575 8.6123e-17
6822.1 7.8295e-17
6823.625 7.3938e-17
6825.15 8.8029e-17
6826.675 8.8251e-17
6828.2 7.7567e-17
6829.725 8.4644e-17
6831.25 9.3168e-17
6832.775 8.6927e-17
6834.3 8.0354e-17
6835.825 8.1557e-17
6837.35 7.7774e-17
6838.875 7.1759e-17
6840.4 7.23e-17
6841.925 7.3976e-17
6843.45 7.4773e-17
6844.975 7.4559e-17
6846.5 7.8191e-17
6848.025 8.0412e-17
6849.55 7.8153e-17
6851.075 7.7247e-17
6852.6 7.7091e-17
6854.125 7.3817e-17
6855.65 6.9454e-17
6857.175 7.2653e-17
6858.7 7.8679e-17
6860.225 8.1228e-17
6861.75 8.3912e-17
6863.275 8.0772e-17
6864.8 7.6394e-17
6866.325 6.7356e-17
6867.85 5.5049e-17
6869.375 5.5065e-17
6870.9 5.3719e-17
6872.425 4.9494e-17
6873.95 5.6564e-17
6875.475 7.2597e-17
6877.0 8.1065e-17
6878.525 7.4363e-17
6880.05 6.6897e-17
6881.575 6.9951e-17
6883.1 7.2347e-17
6884.625 6.5007e-17
6886.15 6.1958e-17
6887.675 6.4372e-17
6889.2 6.8302e-17
6890.725 6.7922e-17
6892.25 6.3047e-17
6893.775 6.6456e-17
6895.3 6.973e-17
6896.825 6.7139e-17
6898.35 6.7612e-17
6899.875 7.0918e-17
6901.4 7.1546e-17
6902.925 7.3712e-17
6904.45 7.5808e-17
6905.975 7.2332e-17
6907.5 7.2604e-17
6909.025 7.6357e-17
6910.55 7.4677e-17
6912.075 7.5121e-17
6913.6 7.693e-17
6915.125 7.2934e-17
6916.65 7.202e-17
6918.175 7.4697e-17
6919.7 7.4989e-17
6921.225 7.4527e-17
6922.75 7.1234e-17
6924.275 7.1938e-17
6925.8 7.5937e-17
6927.325 7.7647e-17
6928.85 7.8821e-17
6930.375 7.0639e-17
6931.9 6.9232e-17
6933.425 7.7255e-17
6934.95 8.3697e-17
6936.475 7.5231e-17
6938.0 7.0965e-17
6939.525 7.6196e-17
6941.05 8.1148e-17
6942.575 8.1193e-17
6944.1 7.9924e-17
6945.625 8.2228e-17
6947.15 7.8573e-17
6948.675 7.4697e-17
6950.2 8.3072e-17
6951.725 8.6796e-17
6953.25 8.3135e-17
6954.775 7.8604e-17
6956.3 7.6627e-17
6957.825 8.4047e-17
6959.35 8.6882e-17
6960.875 8.5749e-17
6962.4 8.0208e-17
6963.925 7.9515e-17
6965.45 8.2504e-17
6966.975 8.5635e-17
6968.5 8.2052e-17
6970.025 7.323e-17
6971.55 7.2314e-17
6973.075 7.785e-17
6974.6 7.4646e-17
6976.125 7.7459e-17
6977.65 8.3297e-17
6979.175 8.0409e-17
6980.7 7.421e-17
6982.225 6.9991e-17
6983.75 7.1669e-17
6985.275 7.4216e-17
6986.8 7.7763e-17
6988.325 7.7781e-17
6989.85 7.2136e-17
6991.375 6.8224e-17
6992.9 6.9989e-17
6994.425 7.4714e-17
6995.95 7.5928e-17
6997.475 7.1169e-17
6999.0 7.6185e-17
7000.525 7.8477e-17
7002.05 7.8679e-17
7003.575 7.6421e-17
7005.1 7.5402e-17
7006.625 7.5965e-17
7008.15 7.3727e-17
7009.675 7.0866e-17
7011.2 7.2288e-17
7012.725 7.7027e-17
7014.25 6.8912e-17
7015.775 6.4934e-17
7017.3 7.1651e-17
7018.825 7.5706e-17
7020.35 8.091e-17
7021.875 8.1552e-17
7023.4 7.3746e-17
7024.925 7.8193e-17
7026.45 8.2129e-17
7027.975 7.5433e-17
7029.5 7.0026e-17
7031.025 7.4208e-17
7032.55 8.4328e-17
7034.075 7.9779e-17
7035.6 6.9886e-17
7037.125 7.5042e-17
7038.65 8.0397e-17
7040.175 7.3537e-17
7041.7 6.7121e-17
7043.225 7.4778e-17
7044.75 8.9681e-17
7046.275 8.9969e-17
7047.8 7.6073e-17
7049.325 6.443e-17
7050.85 6.2109e-17
7052.375 6.9597e-17
7053.9 7.2227e-17
7055.425 7.2839e-17
7056.95 7.4487e-17
7058.475 7.601e-17
7060.0 7.5136e-17
7061.525 7.6821e-17
7063.05 7.8328e-17
7064.575 7.373e-17
7066.1 7.5237e-17
7067.625 8.0726e-17
7069.15 8.9794e-17
7070.675 8.7174e-17
7072.2 7.3508e-17
7073.725 6.8345e-17
7075.25 6.9758e-17
7076.775 7.2673e-17
7078.3 7.1426e-17
7079.825 7.3469e-17
7081.35 7.7982e-17
7082.875 8.0134e-17
7084.4 7.9332e-17
7085.925 7.311e-17
7087.45 7.3088e-17
7088.975 7.7513e-17
7090.5 8.0145e-17
7092.025 8.0307e-17
7093.55 7.6997e-17
7095.075 7.7558e-17
7096.6 7.6547e-17
7098.125 7.1989e-17
7099.65 7.214e-17
7101.175 7.2652e-17
7102.7 7.4932e-17
7104.225 7.3784e-17
7105.75 6.6307e-17
7107.275 6.5868e-17
7108.8 6.8526e-17
7110.325 7.4701e-17
7111.85 7.7502e-17
7113.375 7.179e-17
7114.9 7.2947e-17
7116.425 7.826e-17
7117.95 7.5649e-17
7119.475 7.838e-17
7121.0 8.1716e-17
7122.525 7.6969e-17
7124.05 7.289e-17
7125.575 7.2594e-17
7127.1 7.6507e-17
7128.625 7.5336e-17
7130.15 7.4636e-17
7131.675 7.9929e-17
7133.2 8.6129e-17
7134.725 8.0761e-17
7136.25 7.5661e-17
7137.775 7.6437e-17
7139.3 7.8291e-17
7140.825 7.8789e-17
7142.35 7.4707e-17
7143.875 7.2798e-17
7145.4 7.0829e-17
7146.925 6.884e-17
7148.45 7.8658e-17
7149.975 7.4874e-17
7151.5 7.4559e-17
7153.025 7.8111e-17
7154.55 7.8519e-17
7156.075 7.7647e-17
7157.6 7.3896e-17
7159.125 7.6106e-17
7160.65 7.5691e-17
7162.175 7.2698e-17
7163.7 7.256e-17
7165.225 7.6877e-17
7166.75 8.1719e-17
7168.275 8.4544e-17
7169.8 8.1295e-17
7171.325 7.4938e-17
7172.85 7.4164e-17
7174.375 7.3075e-17
7175.9 7.3891e-17
7177.425 7.6897e-17
7178.95 7.9358e-17
7180.475 8.3225e-17
7182.0 8.3061e-17
7183.525 8.0175e-17
7185.05 8.4536e-17
7186.575 8.1674e-17
7188.1 7.6887e-17
7189.625 7.7186e-17
7191.15 8.034e-17
7192.675 7.7928e-17
7194.2 7.6911e-17
7195.725 7.5002e-17
7197.25 7.7159e-17
7198.775 7.8283e-17
7200.3 7.6034e-17
7201.825 7.3934e-17
7203.35 7.8241e-17
7204.875 8.2747e-17
7206.4 7.9119e-17
7207.925 7.5993e-17
7209.45 6.8903e-17
7210.975 6.9032e-17
7212.5 7.895e-17
7214.025 8.4324e-17
7215.55 8.1555e-17
7217.075 7.6037e-17
7218.6 7.3187e-17
7220.125 7.6884e-17
7221.65 7.694e-17
7223.175 7.79e-17
7224.7 7.3393e-17
7226.225 6.8906e-17
7227.75 7.2842e-17
7229.275 7.5709e-17
7230.8 7.7234e-17
7232.325 7.5177e-17
7233.85 6.9503e-17
7235.375 6.756e-17
7236.9 6.8359e-17
7238.425 7.2335e-17
7239.95 7.5632e-17
7241.475 7.7364e-17
7243.0 6.9881e-17
7244.525 6.0594e-17
7246.05 6.3719e-17
7247.575 6.6052e-17
7249.1 6.9108e-17
7250.625 7.6887e-17
7252.15 7.9051e-17
7253.675 7.7164e-17
7255.2 7.6028e-17
7256.725 7.1749e-17
7258.25 6.7151e-17
7259.775 7.0102e-17
7261.3 7.367e-17
7262.825 7.108e-17
7264.35 7.1904e-17
7265.875 7.5096e-17
7267.4 7.4315e-17
7268.925 7.597e-17
7270.45 7.5452e-17
7271.975 7.8472e-17
7273.5 7.5625e-17
7275.025 6.4496e-17
7276.55 7.1777e-17
7278.075 7.3045e-17
7279.6 6.9104e-17
7281.125 7.8393e-17
7282.65 8.0949e-17
7284.175 7.6978e-17
7285.7 7.0532e-17
7287.225 6.1336e-17
7288.75 6.2253e-17
7290.275 6.554e-17
7291.8 6.6391e-17
7293.325 6.7116e-17
7294.85 6.9044e-17
7296.375 7.3432e-17
7297.9 7.8131e-17
7299.425 6.5608e-17
7300.95 6.286e-17
7302.475 7.3452e-17
7304.0 7.0711e-17
7305.525 6.6831e-17
7307.05 6.5312e-17
7308.575 6.9934e-17
7310.1 7.7735e-17
7311.625 7.345e-17
7313.15 6.5709e-17
7314.675 6.7123e-17
7316.2 7.2512e-17
7317.725 7.4103e-17
7319.25 7.4208e-17
7320.775 7.3969e-17
7322.3 7.2935e-17
7323.825 7.1151e-17
7325.35 6.7262e-17
7326.875 7.102e-17
7328.4 6.9159e-17
7329.925 6.89e-17
7331.45 6.7385e-17
7332.975 6.5626e-17
7334.5 6.3994e-17
7336.025 6.5918e-17
7337.55 7.3897e-17
7339.075 8.0137e-17
7340.6 8.1673e-17
7342.125 7.6212e-17
7343.65 6.239e-17
7345.175 6.193e-17
7346.7 6.9693e-17
7348.225 6.8446e-17
7349.75 6.235e-17
7351.275 6.7872e-17
7352.8 6.8321e-17
7354.325 6.87e-17
7355.85 7.2155e-17
7357.375 7.4145e-17
7358.9 7.0173e-17
7360.425 6.9422e-17
7361.95 6.876e-17
7363.475 6.3157e-17
7365.0 6.2542e-17
7366.525 6.7166e-17
7368.05 6.7176e-17
7369.575 6.284e-17
7371.1 6.1884e-17
7372.625 7.0229e-17
7374.15 7.5625e-17
7375.675 7.3167e-17
7377.2 6.596e-17
7378.725 6.3707e-17
7380.25 6.74e-17
7381.775 6.7809e-17
7383.3 6.7374e-17
7384.825 6.773e-17
7386.35 6.5815e-17
7387.875 6.923e-17
7389.4 6.9884e-17
7390.925 6.8194e-17
7392.45 6.5444e-17
7393.975 6.3846e-17
7395.5 6.4024e-17
7397.025 6.5628e-17
7398.55 6.7963e-17
7400.075 7.1439e-17
7401.6 6.8634e-17
7403.125 6.4965e-17
7404.65 6.1754e-17
7406.175 5.8553e-17
7407.7 6.4632e-17
7409.225 7.2299e-17
7410.75 6.873e-17
7412.275 6.4747e-17
7413.8 6.8054e-17
7415.325 6.9283e-17
7416.85 6.7282e-17
7418.375 6.8683e-17
7419.9 7.0654e-17
7421.425 6.5637e-17
7422.95 6.3704e-17
7424.475 6.8349e-17
7426.0 6.7666e-17
7427.525 6.3157e-17
7429.05 6.1861e-17
7430.575 6.1359e-17
7432.1 6.3549e-17
7433.625 6.7228e-17
7435.15 6.8508e-17
7436.675 6.5499e-17
7438.2 6.4071e-17
7439.725 6.2942e-17
7441.25 6.494e-17
7442.775 6.6278e-17
7444.3 6.7403e-17
7445.825 6.8675e-17
7447.35 6.6523e-17
7448.875 6.5973e-17
7450.4 6.4114e-17
7451.925 6.5669e-17
7453.45 6.7097e-17
7454.975 6.6751e-17
7456.5 6.5057e-17
7458.025 6.4249e-17
7459.55 6.3205e-17
7461.075 5.744e-17
7462.6 5.7769e-17
7464.125 6.0545e-17
7465.65 5.9932e-17
7467.175 6.2944e-17
7468.7 6.7224e-17
7470.225 6.1608e-17
7471.75 6.4745e-17
7473.275 6.6805e-17
7474.8 6.2408e-17
7476.325 6.6965e-17
7477.85 6.7606e-17
7479.375 6.446e-17
7480.9 6.5335e-17
7482.425 6.6466e-17
7483.95 6.371e-17
7485.475 5.9929e-17
7487.0 5.8938e-17
7488.525 6.3087e-17
7490.05 6.3353e-17
7491.575 6.2853e-17
7493.1 6.4071e-17
7494.625 6.6707e-17
7496.15 6.9674e-17
7497.675 6.9652e-17
7499.2 6.8767e-17
7500.725 6.4981e-17
7502.25 6.5162e-17
7503.775 6.3354e-17
7505.3 6.5057e-17
7506.825 6.4693e-17
7508.35 5.8645e-17
7509.875 5.9129e-17
7511.4 6.6467e-17
7512.925 6.3183e-17
7514.45 5.9884e-17
7515.975 5.8597e-17
7517.5 5.5562e-17
7519.025 5.8426e-17
7520.55 6.4503e-17
7522.075 6.6671e-17
7523.6 6.571e-17
7525.125 6.8641e-17
7526.65 6.5787e-17
7528.175 6.1196e-17
7529.7 6.3959e-17
7531.225 6.3301e-17
7532.75 5.9997e-17
7534.275 5.9354e-17
7535.8 6.0196e-17
7537.325 6.5309e-17
7538.85 6.5816e-17
7540.375 5.3386e-17
7541.9 5.2007e-17
7543.425 5.6929e-17
7544.95 5.9148e-17
7546.475 5.888e-17
7548.0 5.5883e-17
7549.525 5.4681e-17
7551.05 5.5209e-17
7552.575 5.8665e-17
7554.1 6.2083e-17
7555.625 6.3089e-17
7557.15 6.2346e-17
7558.675 6.258e-17
7560.2 6.0262e-17
7561.725 5.6566e-17
7563.25 6.2424e-17
7564.775 6.8587e-17
7566.3 6.6407e-17
7567.825 6.2597e-17
7569.35 6.4357e-17
7570.875 7.1686e-17
7572.4 7.2013e-17
7573.925 6.6562e-17
7575.45 6.2335e-17
7576.975 5.83e-17
7578.5 5.9953e-17
7580.025 6.7315e-17
7581.55 6.5012e-17
7583.075 5.8001e-17
7584.6 6.1261e-17
7586.125 5.9796e-17
7587.65 5.6446e-17
7589.175 5.6214e-17
7590.7 5.3847e-17
7592.225 4.8514e-17
7593.75 3.9752e-17
7595.275 3.099e-17
7596.8 2.6677e-17
7598.325 2.5745e-17
7599.85 2.7202e-17
7601.375 2.6203e-17
7602.9 1.883e-17
7604.425 1.4814e-17
7605.95 1.8822e-17
7607.475 2.137e-17
7609.0 2.4679e-17
7610.525 2.6006e-17
7612.05 2.3278e-17
7613.575 3.0004e-17
7615.1 4.3779e-17
7616.625 5.0849e-17
7618.15 5.3056e-17
7619.675 5.3911e-17
7621.2 5.0878e-17
7622.725 4.4651e-17
7624.25 3.5348e-17
7625.775 3.609e-17
7627.3 4.4324e-17
7628.825 4.5846e-17
7630.35 3.9e-17
7631.875 3.3408e-17
7633.4 3.069e-17
7634.925 3.3696e-17
7636.45 3.9228e-17
7637.975 4.2874e-17
7639.5 4.3507e-17
7641.025 4.6623e-17
7642.55 4.5835e-17
7644.075 4.3625e-17
7645.6 4.5861e-17
7647.125 4.8996e-17
7648.65 4.5524e-17
7650.175 4.3987e-17
7651.7 4.5584e-17
7653.225 4.5293e-17
7654.75 5.486e-17
7656.275 5.8084e-17
7657.8 5.4156e-17
7659.325 5.5558e-17
7660.85 5.5913e-17
7662.375 5.7663e-17
7663.9 5.6551e-17
7665.425 5.1415e-17
7666.95 5.0785e-17
7668.475 5.5194e-17
7670.0 6.4283e-17
7671.525 6.3136e-17
7673.05 5.6958e-17
7674.575 5.6399e-17
7676.1 5.738e-17
7677.625 5.5653e-17
7679.15 6.0226e-17
7680.675 6.3424e-17
7682.2 5.9959e-17
7683.725 5.7486e-17
7685.25 5.7791e-17
7686.775 5.6527e-17
7688.3 5.907e-17
7689.825 6.517e-17
7691.35 6.0208e-17
7692.875 5.4631e-17
7694.4 6.1186e-17
7695.925 6.4923e-17
7697.45 5.6545e-17
7698.975 5.4133e-17
7700.5 6.0373e-17
7702.025 5.8322e-17
7703.55 5.5746e-17
7705.075 5.8566e-17
7706.6 5.8399e-17
7708.125 5.9792e-17
7709.65 6.5374e-17
7711.175 6.7933e-17
7712.7 6.7598e-17
7714.225 6.1031e-17
7715.75 5.7684e-17
7717.275 6.0773e-17
7718.8 6.2003e-17
7720.325 6.4135e-17
7721.85 6.3042e-17
7723.375 6.0822e-17
7724.9 6.0633e-17
7726.425 6.2121e-17
7727.95 6.0745e-17
7729.475 5.4257e-17
7731.0 5.6673e-17
7732.525 6.4857e-17
7734.05 6.539e-17
7735.575 6.0546e-17
7737.1 5.9009e-17
7738.625 6.1306e-17
7740.15 5.8372e-17
7741.675 5.6622e-17
7743.2 6.138e-17
7744.725 5.7824e-17
7746.25 5.6589e-17
7747.775 6.4802e-17
7749.3 6.1024e-17
7750.825 5.5357e-17
7752.35 5.1196e-17
7753.875 4.6124e-17
7755.4 5.5303e-17
7756.925 6.625e-17
7758.45 7.1343e-17
7759.975 6.6473e-17
7761.5 6.0762e-17
7763.025 6.0509e-17
7764.55 6.1675e-17
7766.075 6.2144e-17
7767.6 5.5458e-17
7769.125 5.2503e-17
7770.65 5.7854e-17
7772.175 5.3652e-17
7773.7 5.358e-17
7775.225 5.5966e-17
7776.75 5.9651e-17
7778.275 5.7184e-17
7779.8 6.4228e-17
7781.325 6.5209e-17
7782.85 6.0918e-17
7784.375 5.5124e-17
7785.9 5.6121e-17
7787.425 5.6906e-17
7788.95 5.6947e-17
7790.475 6.9169e-17
7792.0 6.7577e-17
7793.525 5.8942e-17
7795.05 5.9013e-17
7796.575 6.0232e-17
7798.1 5.872e-17
7799.625 5.8256e-17
7801.15 5.5065e-17
7802.675 5.0607e-17
7804.2 5.3173e-17
7805.725 6.3877e-17
7807.25 6.4612e-17
7808.775 5.8592e-17
7810.3 5.8661e-17
7811.825 5.4173e-17
7813.35 5.2033e-17
7814.875 5.1481e-17
7816.4 4.9263e-17
7817.925 5.4954e-17
7819.45 6.1129e-17
7820.975 6.6554e-17
7822.5 6.4523e-17
7824.025 5.1541e-17
7825.55 4.7154e-17
7827.075 5.2034e-17
7828.6 5.7772e-17
7830.125 5.7191e-17
7831.65 5.3571e-17
7833.175 5.7473e-17
7834.7 5.7036e-17
7836.225 5.6335e-17
7837.75 5.9255e-17
7839.275 5.9743e-17
7840.8 5.8284e-17
7842.325 5.6596e-17
7843.85 5.0826e-17
7845.375 5.0282e-17
7846.9 5.1769e-17
7848.425 5.4228e-17
7849.95 6.2612e-17
7851.475 7.1795e-17
7853.0 6.5429e-17
7854.525 5.9827e-17
7856.05 4.8621e-17
7857.575 4.7664e-17
7859.1 6.1676e-17
7860.625 6.585e-17
7862.15 6.8562e-17
7863.675 6.3638e-17
7865.2 5.3527e-17
7866.725 5.429e-17
7868.25 6.231e-17
7869.775 6.2796e-17
7871.3 5.6514e-17
7872.825 5.4615e-17
7874.35 5.3756e-17
7875.875 4.7967e-17
7877.4 5.6165e-17
7878.925 5.6742e-17
7880.45 6.411e-17
7881.975 6.1753e-17
7883.5 5.3733e-17
7885.025 5.2743e-17
7886.55 6.1815e-17
7888.075 6.5215e-17
7889.6 6.3564e-17
7891.125 6.4451e-17
7892.65 6.5959e-17
7894.175 5.8762e-17
7895.7 5.6871e-17
7897.225 5.8663e-17
7898.75 5.5216e-17
7900.275 5.5207e-17
7901.8 5.7008e-17
7903.325 5.9177e-17
7904.85 5.3352e-17
7906.375 5.31e-17
7907.9 5.7297e-17
7909.425 5.6333e-17
7910.95 6.1233e-17
7912.475 6.4385e-17
7914.0 5.5997e-17
7915.525 5.0195e-17
7917.05 5.1973e-17
7918.575 4.8114e-17
7920.1 5.4765e-17
7921.625 6.0087e-17
7923.15 5.5785e-17
7924.675 6.0449e-17
7926.2 6.0528e-17
7927.725 5.1109e-17
7929.25 4.8769e-17
7930.775 5.5094e-17
7932.3 6.3011e-17
7933.825 6.723e-17
7935.35 6.366e-17
7936.875 5.9276e-17
7938.4 5.8908e-17
7939.925 5.8185e-17
7941.45 5.7115e-17
7942.975 5.5598e-17
7944.5 5.4189e-17
7946.025 5.578e-17
7947.55 5.5287e-17
7949.075 5.3523e-17
7950.6 5.8997e-17
7952.125 6.124e-17
7953.65 5.7364e-17
7955.175 5.6462e-17
7956.7 5.8189e-17
7958.225 6.0549e-17
7959.75 6.3117e-17
7961.275 7.23e-17
7962.8 7.1424e-17
7964.325 5.935e-17
7965.85 6.1859e-17
7967.375 6.61e-17
7968.9 6.2327e-17
7970.425 6.0255e-17
7971.95 5.3036e-17
7973.475 5.6165e-17
7975.0 6.1287e-17
7976.525 6.3045e-17
7978.05 6.0219e-17
7979.575 6.7198e-17
7981.1 7.3414e-17
7982.625 7.0397e-17
7984.15 6.5917e-17
7985.675 6.4737e-17
7987.2 6.7408e-17
7988.725 7.0016e-17
7990.25 7.6731e-17
7991.775 6.7661e-17
7993.3 7.6846e-17
7994.825 7.669e-17
7996.35 7.1293e-17
7997.875 7.4917e-17
7999.4 7.499e-17
8000.925 7.0943e-17
8002.45 7.8591e-17
8003.975 8.2224e-17
8005.5 8.0506e-17
8007.025 8.2723e-17
8008.55 8.4273e-17
8010.075 8.4899e-17
8011.6 9.759e-17
8013.125 9.5463e-17
8014.65 8.9493e-17
8016.175 1.0275e-16
8017.7 1.1726e-16
8019.225 1.2315e-16
8020.75 1.2512e-16
8022.275 1.2171e-16
8023.8 1.1062e-16
8025.325 1.1054e-16
8026.85 1.1112e-16
8028.375 9.9756e-17
8029.9 8.3897e-17
8031.425 7.5437e-17
8032.95 7.4679e-17
8034.475 7.8914e-17
8036.0 7.9194e-17
8037.525 7.8248e-17
8039.05 7.5005e-17
8040.575 7.2402e-17
8042.1 6.587e-17
8043.625 6.7644e-17
8045.15 7.4147e-17
8046.675 7.0341e-17
8048.2 6.6205e-17
8049.725 6.5458e-17
8051.25 6.6892e-17
8052.775 7.0851e-17
8054.3 6.7726e-17
8055.825 5.7974e-17
8057.35 5.8167e-17
8058.875 6.7196e-17
8060.4 7.0042e-17
8061.925 6.8976e-17
8063.45 6.6184e-17
8064.975 6.1441e-17
8066.5 5.9802e-17
8068.025 5.9485e-17
8069.55 5.9438e-17
8071.075 5.7849e-17
8072.6 5.9923e-17
8074.125 6.1828e-17
8075.65 5.694e-17
8077.175 5.5992e-17
8078.7 6.1991e-17
8080.225 6.1707e-17
8081.75 5.9098e-17
8083.275 6.1262e-17
8084.8 6.2165e-17
8086.325 6.0359e-17
8087.85 5.7308e-17
8089.375 5.6594e-17
8090.9 5.4877e-17
8092.425 6.0002e-17
8093.95 5.8603e-17
8095.475 5.2101e-17
8097.0 5.3235e-17
8098.525 5.7055e-17
8100.05 6.0617e-17
8101.575 6.0801e-17
8103.1 5.9089e-17
8104.625 5.3521e-17
8106.15 5.5661e-17
8107.675 5.8848e-17
8109.2 5.9039e-17
8110.725 5.9449e-17
8112.25 6.1555e-17
8113.775 5.5826e-17
8115.3 5.2946e-17
8116.825 5.4971e-17
8118.35 5.8085e-17
8119.875 6.1761e-17
8121.4 5.8731e-17
8122.925 5.4414e-17
8124.45 5.8109e-17
8125.975 6.1148e-17
8127.5 5.7034e-17
8129.025 5.9311e-17
8130.55 5.8668e-17
8132.075 5.6733e-17
8133.6 5.5338e-17
8135.125 5.4324e-17
8136.65 5.4079e-17
8138.175 5.71e-17
8139.7 6.01e-17
8141.225 5.6075e-17
8142.75 5.2727e-17
8144.275 5.2691e-17
8145.8 5.4187e-17
8147.325 5.3563e-17
8148.85 5.6942e-17
8150.375 5.4162e-17
8151.9 5.1136e-17
8153.425 5.0981e-17
8154.95 5.2559e-17
8156.475 5.602e-17
8158.0 5.6086e-17
8159.525 5.5673e-17
8161.05 5.933e-17
8162.575 5.9289e-17
8164.1 5.5404e-17
8165.625 5.4052e-17
8167.15 5.8865e-17
8168.675 5.7538e-17
8170.2 5.216e-17
8171.725 4.9101e-17
8173.25 4.8974e-17
8174.775 5.7602e-17
8176.3 5.8389e-17
8177.825 5.8569e-17
8179.35 6.1225e-17
8180.875 6.1505e-17
8182.4 6.1132e-17
8183.925 5.719e-17
8185.45 5.826e-17
8186.975 5.1821e-17
8188.5 5.4327e-17
8190.025 5.9485e-17
8191.55 5.4789e-17
8193.075 6.2646e-17
8194.6 6.2264e-17
8196.125 5.3804e-17
8197.65 4.9767e-17
8199.175 5.3276e-17
8200.7 5.2008e-17
8202.225 4.8903e-17
8203.75 4.9497e-17
8205.275 5.3275e-17
8206.8 6.0576e-17
8208.325 6.1565e-17
8209.85 5.5203e-17
8211.375 5.1883e-17
8212.9 5.1879e-17
8214.425 5.2808e-17
8215.95 5.2814e-17
8217.475 5.038e-17
8219.0 5.0443e-17
8220.525 5.403e-17
8222.05 5.1268e-17
8223.575 4.6746e-17
8225.1 4.3389e-17
8226.625 4.6837e-17
8228.15 5.06e-17
8229.675 4.5539e-17
8231.2 4.782e-17
8232.725 5.2686e-17
8234.25 4.9648e-17
8235.775 4.6099e-17
8237.3 5.134e-17
8238.825 5.3692e-17
8240.35 5.2415e-17
8241.875 4.9875e-17
8243.4 4.4241e-17
8244.925 4.9234e-17
8246.45 5.3847e-17
8247.975 5.9126e-17
8249.5 5.4724e-17
8251.025 4.4166e-17
8252.55 4.3785e-17
8254.075 4.6262e-17
8255.6 5.1323e-17
8257.125 5.4225e-17
8258.65 5.5353e-17
8260.175 5.413e-17
8261.7 4.8539e-17
8263.225 5.0535e-17
8264.75 5.4876e-17
8266.275 5.1935e-17
8267.8 5.0533e-17
8269.325 5.0924e-17
8270.85 5.0269e-17
8272.375 5.1154e-17
8273.9 4.8221e-17
8275.425 4.8921e-17
8276.95 5.4083e-17
8278.475 5.4017e-17
8280.0 5.4869e-17
8281.525 5.7584e-17
8283.05 5.6429e-17
8284.575 5.6537e-17
8286.1 5.9204e-17
8287.625 5.2307e-17
8289.15 4.6967e-17
8290.675 5.3754e-17
8292.2 5.4152e-17
8293.725 4.7909e-17
8295.25 4.9036e-17
8296.775 6.0362e-17
8298.3 6.6862e-17
8299.825 6.1809e-17
8301.35 5.1616e-17
8302.875 4.7646e-17
8304.4 5.0807e-17
8305.925 5.3786e-17
8307.45 5.0945e-17
8308.975 5.3081e-17
8310.5 5.5104e-17
8312.025 5.4424e-17
8313.55 5.4957e-17
8315.075 5.0719e-17
8316.6 5.1512e-17
8318.125 5.1011e-17
8319.65 4.9341e-17
8321.175 4.8221e-17
8322.7 5.1037e-17
8324.225 4.7348e-17
8325.75 4.833e-17
8327.275 5.1417e-17
8328.8 5.2833e-17
8330.325 5.0484e-17
8331.85 4.8429e-17
8333.375 4.5118e-17
8334.9 4.4698e-17
8336.425 4.6963e-17
8337.95 4.7555e-17
8339.475 4.661e-17
8341.0 5.4284e-17
8342.525 6.5475e-17
8344.05 5.9922e-17
8345.575 7.4762e-17
8347.1 7.3952e-17
8348.625 5.196e-17
8350.15 4.837e-17
8351.675 4.6626e-17
8353.2 5.7331e-17
8354.725 5.8547e-17
8356.25 4.8578e-17
8357.775 4.8141e-17
8359.3 5.6389e-17
8360.825 5.1431e-17
8362.35 4.4694e-17
8363.875 4.5584e-17
8365.4 4.7151e-17
8366.925 3.5546e-17
8368.45 3.9426e-17
8369.975 5.268e-17
8371.5 5.4704e-17
8373.025 5.1904e-17
8374.55 4.8704e-17
8376.075 4.4213e-17
8377.6 4.6205e-17
8379.125 5.4922e-17
8380.65 5.2515e-17
8382.175 5.3105e-17
8383.7 5.67e-17
8385.225 4.6066e-17
8386.75 4.3823e-17
8388.275 4.9592e-17
8389.8 4.6742e-17
8391.325 4.303e-17
8392.85 3.8951e-17
8394.375 3.8377e-17
8395.9 5.3243e-17
8397.425 6.4243e-17
8398.95 6.1047e-17
8400.475 6.0475e-17
8402.0 5.2512e-17
8403.525 4.6554e-17
8405.05 4.8504e-17
8406.575 4.8289e-17
8408.1 4.9922e-17
8409.625 4.807e-17
8411.15 4.7375e-17
8412.675 4.7194e-17
8414.2 4.9429e-17
8415.725 5.2066e-17
8417.25 5.0917e-17
8418.775 5.0493e-17
8420.3 5.2674e-17
8421.825 5.0972e-17
8423.35 4.665e-17
8424.875 4.4019e-17
8426.4 4.5126e-17
8427.925 4.9733e-17
8429.45 5.0233e-17
8430.975 6.1245e-17
8432.5 6.6724e-17
8434.025 4.9952e-17
8435.55 4.3043e-17
8437.075 4.6972e-17
8438.6 4.6774e-17
8440.125 4.6547e-17
8441.65 4.7593e-17
8443.175 4.6165e-17
8444.7 4.7744e-17
8446.225 5.3143e-17
8447.75 5.2898e-17
8449.275 4.9792e-17
8450.8 4.1274e-17
8452.325 4.6102e-17
8453.85 5.3449e-17
8455.375 4.6327e-17
8456.9 4.3705e-17
8458.425 4.3015e-17
8459.95 4.5725e-17
8461.475 5.3299e-17
8463.0 5.409e-17
8464.525 4.7369e-17
8466.05 5.0424e-17
8467.575 5.3767e-17
8469.1 4.3083e-17
8470.625 3.7123e-17
8472.15 4.5064e-17
8473.675 5.1916e-17
8475.2 5.5385e-17
8476.725 5.4015e-17
8478.25 5.2294e-17
8479.775 5.3616e-17
8481.3 5.474e-17
8482.825 5.5679e-17
8484.35 5.2922e-17
8485.875 5.131e-17
8487.4 5.0037e-17
8488.925 4.6021e-17
8490.45 4.5887e-17
8491.975 4.2401e-17
8493.5 4.2647e-17
8495.025 4.7159e-17
8496.55 4.5267e-17
8498.075 4.7156e-17
8499.6 4.6763e-17
8501.125 4.6939e-17
8502.65 5.1092e-17
8504.175 4.7021e-17
8505.7 4.4605e-17
8507.225 4.701e-17
8508.75 4.0964e-17
8510.275 4.0802e-17
8511.8 4.1727e-17
8513.325 4.6203e-17
8514.85 5.4391e-17
8516.375 5.0493e-17
8517.9 4.8061e-17
8519.425 5.0145e-17
8520.95 4.9546e-17
8522.475 4.6408e-17
8524.0 4.4388e-17
8525.525 4.8271e-17
8527.05 5.1834e-17
8528.575 5.2045e-17
8530.1 4.4773e-17
8531.625 4.4042e-17
8533.15 4.8351e-17
8534.675 4.9932e-17
8536.2 5.0261e-17
8537.725 4.7113e-17
8539.25 4.4183e-17
8540.775 4.5188e-17
8542.3 4.5584e-17
8543.825 4.0209e-17
8545.35 4.3339e-17
8546.875 4.8171e-17
8548.4 4.575e-17
8549.925 3.9436e-17
8551.45 4.3404e-17
8552.975 4.7091e-17
8554.5 4.8231e-17
8556.025 4.543e-17
8557.55 4.6475e-17
8559.075 4.9091e-17
8560.6 4.7505e-17
8562.125 4.6282e-17
8563.65 4.9477e-17
8565.175 4.7372e-17
8566.7 4.482e-17
8568.225 4.3536e-17
8569.75 4.2909e-17
8571.275 4.4891e-17
8572.8 4.4243e-17
8574.325 4.4925e-17
8575.85 4.2717e-17
8577.375 4.3585e-17
8578.9 4.6066e-17
8580.425 4.5038e-17
8581.95 4.6701e-17
8583.475 4.8158e-17
8585.0 4.3905e-17
8586.525 4.4296e-17
8588.05 4.6471e-17
8589.575 4.2605e-17
8591.1 4.5931e-17
8592.625 4.9999e-17
8594.15 4.2953e-17
8595.675 4.1647e-17
8597.2 4.2278e-17
8598.725 4.1968e-17
8600.25 4.6159e-17
8601.775 4.6431e-17
8603.3 4.9222e-17
8604.825 4.8414e-17
8606.35 4.6115e-17
8607.875 4.6996e-17
8609.4 4.9072e-17
8610.925 5.0944e-17
8612.45 5.0038e-17
8613.975 4.807e-17
8615.5 4.9127e-17
8617.025 4.5444e-17
8618.55 4.795e-17
8620.075 4.5188e-17
8621.6 4.4532e-17
8623.125 4.7239e-17
8624.65 5.0827e-17
8626.175 5.6806e-17
8627.7 5.3397e-17
8629.225 4.8395e-17
8630.75 4.4473e-17
8632.275 4.4549e-17
8633.8 4.9334e-17
8635.325 5.5779e-17
8636.85 5.5614e-17
8638.375 4.9836e-17
8639.9 4.6322e-17
8641.425 4.8383e-17
8642.95 4.1121e-17
8644.475 3.558e-17
8646.0 4.2893e-17
8647.525 5.0447e-17
8649.05 4.8523e-17
8650.575 5.1053e-17
8652.1 5.1597e-17
8653.625 4.4376e-17
8655.15 4.1024e-17
8656.675 4.3981e-17
8658.2 4.8982e-17
8659.725 4.6337e-17
8661.25 4.4702e-17
8662.775 4.4008e-17
8664.3 4.1251e-17
8665.825 4.3154e-17
8667.35 4.9775e-17
8668.875 4.9864e-17
8670.4 4.6483e-17
8671.925 4.2021e-17
8673.45 4.3439e-17
8674.975 4.8818e-17
8676.5 4.8793e-17
8678.025 4.2431e-17
8679.55 4.6592e-17
8681.075 5.3135e-17
8682.6 4.8336e-17
8684.125 4.514e-17
8685.65 4.6847e-17
8687.175 4.2869e-17
8688.7 4.0502e-17
8690.225 4.4453e-17
8691.75 4.218e-17
8693.275 4.1878e-17
8694.8 4.7114e-17
8696.325 4.3432e-17
8697.85 4.0407e-17
8699.375 4.5253e-17
8700.9 4.7878e-17
8702.425 4.2512e-17
8703.95 3.6623e-17
8705.475 4.3156e-17
8707.0 5.1143e-17
8708.525 5.3063e-17
8710.05 5.3423e-17
8711.575 4.6984e-17
8713.1 4.2626e-17
8714.625 4.5417e-17
8716.15 4.7113e-17
8717.675 4.8355e-17
8719.2 4.1296e-17
8720.725 3.477e-17
8722.25 4.1585e-17
8723.775 4.7742e-17
8725.3 4.3872e-17
8726.825 4.2705e-17
8728.35 4.5923e-17
8729.875 4.712e-17
8731.4 4.5811e-17
8732.925 3.9865e-17
8734.45 4.093e-17
8735.975 4.5432e-17
8737.5 4.6512e-17
8739.025 4.3934e-17
8740.55 4.0709e-17
8742.075 4.3657e-17
8743.6 4.4735e-17
8745.125 4.424e-17
8746.65 4.2683e-17
8748.175 4.3965e-17
8749.7 4.8677e-17
8751.225 4.907e-17
8752.75 4.6626e-17
8754.275 4.3411e-17
8755.8 3.8299e-17
8757.325 3.3881e-17
8758.85 3.6627e-17
8760.375 3.3786e-17
8761.9 3.6857e-17
8763.425 4.7341e-17
8764.95 5.3797e-17
8766.475 4.7379e-17
8768.0 3.9794e-17
8769.525 3.4231e-17
8771.05 2.9484e-17
8772.575 3.3558e-17
8774.1 4.7049e-17
8775.625 5.8423e-17
8777.15 6.0195e-17
8778.675 5.6686e-17
8780.2 5.4016e-17
8781.725 4.8104e-17
8783.25 4.4225e-17
8784.775 4.3124e-17
8786.3 4.1783e-17
8787.825 4.2135e-17
8789.35 4.5571e-17
8790.875 4.9362e-17
8792.4 4.7021e-17
8793.925 4.2777e-17
8795.45 3.8056e-17
8796.975 3.6233e-17
8798.5 3.9211e-17
8800.025 4.1519e-17
8801.55 4.4707e-17
8803.075 4.4596e-17
8804.6 4.1977e-17
8806.125 3.9514e-17
8807.65 4.3093e-17
8809.175 4.7647e-17
8810.7 4.3908e-17
8812.225 4.4266e-17
8813.75 4.301e-17
8815.275 4.0931e-17
8816.8 4.3102e-17
8818.325 4.0067e-17
8819.85 3.8659e-17
8821.375 3.9793e-17
8822.9 3.9778e-17
8824.425 4.3036e-17
8825.95 4.6937e-17
8827.475 5.1156e-17
8829.0 4.6671e-17
8830.525 3.7214e-17
8832.05 3.735e-17
8833.575 4.7352e-17
8835.1 5.4342e-17
8836.625 5.55e-17
8838.15 5.0209e-17
8839.675 3.4794e-17
8841.2 3.4546e-17
8842.725 3.9237e-17
8844.25 4.1767e-17
8845.775 4.1482e-17
8847.3 4.8411e-17
8848.825 5.4122e-17
8850.35 5.6419e-17
8851.875 5.2552e-17
8853.4 4.2001e-17
8854.925 4.1862e-17
8856.45 4.1617e-17
8857.975 4.0425e-17
8859.5 4.0383e-17
8861.025 3.8972e-17
8862.55 3.9648e-17
8864.075 4.598e-17
8865.6 4.3075e-17
8867.125 4.1146e-17
8868.65 3.8371e-17
8870.175 4.2768e-17
8871.7 4.4115e-17
8873.225 4.2314e-17
8874.75 4.0351e-17
8876.275 4.1201e-17
8877.8 4.2191e-17
8879.325 4.1681e-17
8880.85 3.8072e-17
8882.375 3.7987e-17
8883.9 3.8974e-17
8885.425 4.1869e-17
8886.95 5.5269e-17
8888.475 5.0406e-17
8890.0 3.4165e-17
8891.525 3.4275e-17
8893.05 3.9744e-17
8894.575 4.3506e-17
8896.1 4.4111e-17
8897.625 3.9405e-17
8899.15 3.7565e-17
8900.675 4.2234e-17
8902.2 4.8769e-17
8903.725 4.9772e-17
8905.25 3.9375e-17
8906.775 3.6858e-17
8908.3 3.6525e-17
8909.825 3.5818e-17
8911.35 4.0255e-17
8912.875 3.9848e-17
8914.4 2.9268e-17
8915.925 3.1101e-17
8917.45 5.1274e-17
8918.975 5.2275e-17
8920.5 5.7987e-17
8922.025 6.1978e-17
8923.55 4.0084e-17
8925.075 3.3075e-17
8926.6 4e-17
8928.125 4.0746e-17
8929.65 3.7282e-17
8931.175 4.0099e-17
8932.7 3.8799e-17
8934.225 3.9611e-17
8935.75 4.3302e-17
8937.275 4.1712e-17
8938.8 3.5541e-17
8940.325 3.7434e-17
8941.85 4.1498e-17
8943.375 4.5911e-17
8944.9 4.4279e-17
8946.425 3.9606e-17
8947.95 3.7619e-17
8949.475 3.9095e-17
8951.0 3.9051e-17
8952.525 3.8363e-17
8954.05 4.2017e-17
8955.575 4.7961e-17
8957.1 5.03e-17
8958.625 5.0458e-17
8960.15 4.9395e-17
8961.675 3.3772e-17
8963.2 2.8964e-17
8964.725 3.3576e-17
8966.25 3.8791e-17
8967.775 3.9887e-17
8969.3 4.045e-17
8970.825 3.9991e-17
8972.35 3.9309e-17
8973.875 3.864e-17
8975.4 3.8913e-17
8976.925 4.1532e-17
8978.45 4.3019e-17
8979.975 4.2107e-17
8981.5 3.6614e-17
8983.025 3.4169e-17
8984.55 3.7827e-17
8986.075 3.3981e-17
8987.6 3.4613e-17
8989.125 4.2559e-17
8990.65 4.0974e-17
8992.175 3.8845e-17
8993.7 3.9997e-17
8995.225 3.3758e-17
8996.75 2.9853e-17
8998.275 3.7155e-17
8999.8 4.5282e-17
9001.325 4.6309e-17
9002.85 4.439e-17
9004.375 4.5234e-17
9005.9 4.0342e-17
9007.425 4.0948e-17
9008.95 4.2358e-17
9010.475 4.0832e-17
9012.0 3.8813e-17
9013.525 3.9844e-17
9015.05 4.2238e-17
9016.575 4.0106e-17
9018.1 3.7598e-17
9019.625 3.3237e-17
9021.15 3.6303e-17
9022.675 3.7212e-17
9024.2 3.6793e-17
9025.725 3.1281e-17
9027.25 3.3643e-17
9028.775 3.584e-17
9030.3 3.8207e-17
9031.825 3.9126e-17
9033.35 3.7067e-17
9034.875 3.8295e-17
9036.4 4.1995e-17
9037.925 4.334e-17
9039.45 3.4831e-17
9040.975 3.5492e-17
9042.5 3.5004e-17
9044.025 3.5156e-17
9045.55 3.9238e-17
9047.075 4.0367e-17
9048.6 3.4172e-17
9050.125 3.354e-17
9051.65 4.0777e-17
9053.175 3.6816e-17
9054.7 3.4667e-17
9056.225 3.6965e-17
9057.75 3.9825e-17
9059.275 4.223e-17
9060.8 3.6498e-17
9062.325 3.3019e-17
9063.85 3.5037e-17
9065.375 3.6894e-17
9066.9 3.9036e-17
9068.425 3.4592e-17
9069.95 3.0991e-17
9071.475 3.5301e-17
9073.0 3.5926e-17
9074.525 3.3093e-17
9076.05 3.3623e-17
9077.575 3.7397e-17
9079.1 3.7019e-17
9080.625 3.4664e-17
9082.15 3.775e-17
9083.675 3.9707e-17
9085.2 3.7587e-17
9086.725 3.6492e-17
9088.25 3.7816e-17
9089.775 3.628e-17
9091.3 3.4888e-17
9092.825 3.4613e-17
9094.35 3.3449e-17
9095.875 3.6222e-17
9097.4 3.5724e-17
9098.925 3.5267e-17
9100.45 3.6186e-17
9101.975 3.4308e-17
9103.5 3.4226e-17
9105.025 3.4699e-17
9106.55 3.376e-17
9108.075 3.6645e-17
9109.6 4.0212e-17
9111.125 4.0192e-17
9112.65 4.0691e-17
9114.175 3.7005e-17
9115.7 3.4612e-17
9117.225 3.8393e-17
9118.75 3.946e-17
9120.275 3.7751e-17
9121.8 3.6472e-17
9123.325 3.4336e-17
9124.85 3.3015e-17
9126.375 3.3744e-17
9127.9 3.8556e-17
9129.425 3.4287e-17
9130.95 3.2389e-17
9132.475 3.6235e-17
9134.0 3.2182e-17
9135.525 3.1801e-17
9137.05 3.3117e-17
9138.575 3.6157e-17
9140.1 3.5281e-17
9141.625 3.6184e-17
9143.15 3.6654e-17
9144.675 3.7818e-17
9146.2 3.8075e-17
9147.725 3.4797e-17
9149.25 3.7217e-17
9150.775 3.8093e-17
9152.3 3.9262e-17
9153.825 3.6822e-17
9155.35 3.8505e-17
9156.875 3.9877e-17
9158.4 3.7575e-17
9159.925 3.9257e-17
9161.45 4.1943e-17
9162.975 3.9887e-17
9164.5 3.3104e-17
9166.025 3.203e-17
9167.55 3.7929e-17
9169.075 4.0982e-17
9170.6 4.1241e-17
9172.125 3.8249e-17
9173.65 3.2432e-17
9175.175 2.999e-17
9176.7 3.3656e-17
9178.225 3.6283e-17
9179.75 3.4097e-17
9181.275 3.4581e-17
9182.8 3.6633e-17
9184.325 3.4867e-17
9185.85 3.3776e-17
9187.375 3.5146e-17
9188.9 3.7582e-17
9190.425 3.7153e-17
9191.95 3.6082e-17
9193.475 3.925e-17
9195.0 3.8739e-17
9196.525 3.9591e-17
9198.05 4.4296e-17
9199.575 4.1549e-17
9201.1 3.5563e-17
9202.625 3.5636e-17
9204.15 3.4391e-17
9205.675 3.0948e-17
9207.2 3.3237e-17
9208.725 3.8217e-17
9210.25 3.56e-17
9211.775 3.862e-17
9213.3 3.9652e-17
9214.825 3.685e-17
9216.35 3.4425e-17
9217.875 3.6347e-17
9219.4 3.6091e-17
9220.925 3.536e-17
9222.45 3.5213e-17
9223.975 3.427e-17
9225.5 3.6968e-17
9227.025 3.8855e-17
9228.55 3.7516e-17
9230.075 3.7099e-17
9231.6 3.8794e-17
9233.125 3.5814e-17
9234.65 3.6721e-17
9236.175 4.0638e-17
9237.7 3.9758e-17
9239.225 4.0693e-17
9240.75 3.8141e-17
9242.275 3.2531e-17
9243.8 3.2617e-17
9245.325 3.5705e-17
9246.85 3.525e-17
9248.375 3.3336e-17
9249.9 3.3884e-17
9251.425 3.6374e-17
9252.95 3.6209e-17
9254.475 3.6386e-17
9256.0 3.3946e-17
9257.525 3.5779e-17
9259.05 3.9893e-17
9260.575 3.9861e-17
9262.1 3.5468e-17
9263.625 3.0699e-17
9265.15 3.2551e-17
9266.675 3.6104e-17
9268.2 3.7868e-17
9269.725 3.6649e-17
9271.25 3.5201e-17
9272.775 3.3166e-17
9274.3 3.5562e-17
9275.825 4.0454e-17
9277.35 3.8231e-17
9278.875 3.1728e-17
9280.4 3.168e-17
9281.925 3.4642e-17
9283.45 3.2613e-17
9284.975 3.3183e-17
9286.5 3.7214e-17
9288.025 3.9226e-17
9289.55 3.606e-17
9291.075 3.4186e-17
9292.6 3.9464e-17
9294.125 3.8318e-17
9295.65 3.3306e-17
9297.175 3.4595e-17
9298.7 3.602e-17
9300.225 3.5458e-17
9301.75 3.0747e-17
9303.275 3.87e-17
9304.8 4.5559e-17
9306.325 4.1713e-17
9307.85 4.279e-17
9309.375 3.5877e-17
9310.9 2.7556e-17
9312.425 3.3157e-17
9313.95 3.6522e-17
9315.475 2.8837e-17
9317.0 7.7239e-18
9318.525 5.0349e-18
9320.05 2.2886e-17
9321.575 4.4372e-17
9323.1 5.1584e-17
9324.625 4.5193e-17
9326.15 2.9626e-17
9327.675 2.1986e-17
9329.2 2.6587e-17
9330.725 2.9156e-17
9332.25 2.9419e-17
9333.775 2.7115e-17
9335.3 3.0446e-17
9336.825 3.6652e-17
9338.35 3.1619e-17
9339.875 2.8905e-17
9341.4 2.4347e-17
9342.925 2.5411e-17
9344.45 2.6428e-17
9345.975 3.053e-17
9347.5 3.5364e-17
9349.025 3.4425e-17
9350.55 3.2546e-17
9352.075 3.2725e-17
9353.6 3.1989e-17
9355.125 3.3403e-17
9356.65 3.0484e-17
9358.175 2.7995e-17
9359.7 3.0382e-17
9361.225 3.3241e-17
9362.75 3.0962e-17
9364.275 3.0718e-17
9365.8 3.2482e-17
9367.325 3.0494e-17
9368.85 2.8292e-17
9370.375 2.2068e-17
9371.9 2.7149e-17
9373.425 5.323e-17
9374.95 5.682e-17
9376.475 4.7406e-17
9378.0 3.5587e-17
9379.525 1.447e-17
9381.05 1.7175e-17
9382.575 3.2314e-17
9384.1 3.1688e-17
9385.625 2.2375e-17
9387.15 2.5025e-17
9388.675 2.6231e-17
9390.2 3.092e-17
9391.725 4.4866e-17
9393.25 4.3933e-17
9394.775 3.2495e-17
9396.3 3.0895e-17
9397.825 3.8116e-17
9399.35 3.5362e-17
9400.875 3.7522e-17
9402.4 4.2784e-17
9403.925 3.7635e-17
9405.45 3.1159e-17
9406.975 2.7586e-17
9408.5 2.7515e-17
9410.025 2.9887e-17
9411.55 2.9245e-17
9413.075 3.1237e-17
9414.6 3.3357e-17
9416.125 3.5156e-17
9417.65 2.9896e-17
9419.175 3.714e-17
9420.7 5.0218e-17
9422.225 4.6886e-17
9423.75 3.0996e-17
9425.275 2.5268e-17
9426.8 2.7412e-17
9428.325 2.6503e-17
9429.85 2.8857e-17
9431.375 3.5252e-17
9432.9 3.3824e-17
9434.425 2.8731e-17
9435.95 3.6113e-17
9437.475 3.7339e-17
9439.0 3.726e-17
9440.525 4.586e-17
9442.05 3.4084e-17
9443.575 1.6676e-17
9445.1 2.0637e-17
9446.625 3.4044e-17
9448.15 3.5486e-17
9449.675 3.0467e-17
9451.2 3.2942e-17
9452.725 2.9995e-17
9454.25 2.8316e-17
9455.775 3.8197e-17
9457.3 4.0079e-17
9458.825 2.6809e-17
9460.35 2.2449e-17
9461.875 2.5068e-17
9463.4 2.9814e-17
9464.925 3.61e-17
9466.45 3.497e-17
9467.975 3.5181e-17
9469.5 3.9039e-17
9471.025 3.0001e-17
9472.55 3.4305e-17
9474.075 6.0659e-17
9475.6 5.1531e-17
9477.125 2.6429e-17
9478.65 3.4806e-17
9480.175 2.8901e-17
9481.7 1.2882e-17
9483.225 2.8192e-17
9484.75 3.7628e-17
9486.275 3.4612e-17
9487.8 3.303e-17
9489.325 3.5972e-17
9490.85 3.4391e-17
9492.375 2.9156e-17
9493.9 3.0783e-17
9495.425 2.9207e-17
9496.95 3.1453e-17
9498.475 3.302e-17
9500.0 3.7837e-17
9501.525 4.0493e-17
9503.05 4.1805e-17
9504.575 4.1716e-17
9506.1 3.6471e-17
9507.625 3.5224e-17
9509.15 3.5631e-17
9510.675 3.5502e-17
9512.2 3.5843e-17
9513.725 2.9052e-17
9515.25 2.4204e-17
9516.775 3.573e-17
9518.3 4.6563e-17
9519.825 5.1168e-17
9521.35 5.6587e-17
9522.875 3.0185e-17
9524.4 2.2022e-17
9525.925 2.7371e-17
9527.45 3.4218e-17
9528.975 3.6967e-17
9530.5 3.3191e-17
9532.025 3.3898e-17
9533.55 3.7006e-17
9535.075 3.89e-17
9536.6 3.6742e-17
9538.125 3.4758e-17
9539.65 3.3351e-17
9541.175 3.271e-17
9542.7 3.0822e-17
9544.225 3.103e-17
9545.75 3.1567e-17
9547.275 3.3042e-17
9548.8 3.7493e-17
9550.325 3.8783e-17
9551.85 4.1906e-17
9553.375 4.3984e-17
9554.9 4.0055e-17
9556.425 3.2021e-17
9557.95 3.4786e-17
9559.475 4.1527e-17
9561.0 3.2244e-17
9562.525 2.2622e-17
9564.05 2.5711e-17
9565.575 2.8733e-17
9567.1 2.0561e-17
9568.625 2.7582e-17
9570.15 3.7217e-17
9571.675 2.9679e-17
9573.2 3.1365e-17
9574.725 3.6024e-17
9576.25 3.5883e-17
9577.775 3.4902e-17
9579.3 3.4868e-17
9580.825 3.3172e-17
9582.35 2.8553e-17
9583.875 3.2066e-17
9585.4 3.9695e-17
9586.925 3.7326e-17
9588.45 3.381e-17
9589.975 3.2306e-17
9591.5 2.9639e-17
9593.025 2.4445e-17
9594.55 2.65e-17
9596.075 2.8906e-17
9597.6 2.7977e-17
9599.125 3.3299e-17
9600.65 3.5082e-17
9602.175 3.2523e-17
9603.7 3.5352e-17
9605.225 4.2222e-17
9606.75 3.7219e-17
9608.275 2.3518e-17
9609.8 2.4122e-17
9611.325 3.3213e-17
9612.85 3.1353e-17
9614.375 2.4206e-17
9615.9 2.3695e-17
9617.425 2.9396e-17
9618.95 2.7178e-17
9620.475 3.5417e-17
9622.0 3.3424e-17
9623.525 3.0151e-17
9625.05 3.3973e-17
9626.575 3.3202e-17
9628.1 3.1893e-17
9629.625 3.0513e-17
9631.15 3.4268e-17
9632.675 3.669e-17
9634.2 3.3955e-17
9635.725 3.3264e-17
9637.25 3.409e-17
9638.775 4.0001e-17
9640.3 3.8283e-17
9641.825 3.2659e-17
9643.35 3.1673e-17
9644.875 3.3845e-17
9646.4 3.3129e-17
9647.925 3.308e-17
9649.45 3.2302e-17
9650.975 3.3825e-17
9652.5 3.465e-17
9654.025 3.1577e-17
9655.55 3.1301e-17
9657.075 3.3248e-17
9658.6 3.434e-17
9660.125 2.8738e-17
9661.65 2.1578e-17
9663.175 2.4144e-17
9664.7 3.1624e-17
9666.225 3.4364e-17
9667.75 3.433e-17
9669.275 3.6419e-17
9670.8 3.9011e-17
9672.325 3.6685e-17
9673.85 3.51e-17
9675.375 3.6324e-17
9676.9 3.7631e-17
9678.425 4.0426e-17
9679.95 3.2237e-17
9681.475 2.6057e-17
9683.0 2.7145e-17
9684.525 2.6419e-17
9686.05 3.1525e-17
9687.575 3.7445e-17
9689.1 3.2952e-17
9690.625 3.1421e-17
9692.15 2.5004e-17
9693.675 2.1991e-17
9695.2 2.7559e-17
9696.725 3.3576e-17
9698.25 4.2444e-17
9699.775 4.3747e-17
9701.3 3.7023e-17
9702.825 3.6554e-17
9704.35 3.6687e-17
9705.875 2.8715e-17
9707.4 2.961e-17
9708.925 4.0161e-17
9710.45 4.1275e-17
9711.975 3.3882e-17
9713.5 2.8922e-17
9715.025 2.6334e-17
9716.55 2.8224e-17
9718.075 3.7936e-17
9719.6 3.5785e-17
9721.125 3.615e-17
9722.65 2.9491e-17
9724.175 3.1059e-17
9725.7 3.1298e-17
9727.225 2.8558e-17
9728.75 2.7149e-17
9730.275 2.9307e-17
9731.8 3.0617e-17
9733.325 2.894e-17
9734.85 3.4127e-17
9736.375 3.6709e-17
9737.9 3.0051e-17
9739.425 2.4891e-17
9740.95 2.791e-17
9742.475 3.3937e-17
9744.0 3.0843e-17
9745.525 3.1924e-17
9747.05 3.3929e-17
9748.575 3.0704e-17
9750.1 3.0983e-17
9751.625 3.509e-17
9753.15 3.1506e-17
9754.675 3.1015e-17
9756.2 3.055e-17
9757.725 2.9192e-17
9759.25 3.413e-17
9760.775 3.5466e-17
9762.3 3.1538e-17
9763.825 2.7987e-17
9765.35 2.8313e-17
9766.875 3.1588e-17
9768.4 3.0336e-17
9769.925 2.9638e-17
9771.45 3.6782e-17
9772.975 3.9352e-17
9774.5 3.606e-17
9776.025 3.1497e-17
9777.55 2.5074e-17
9779.075 2.6131e-17
9780.6 2.7491e-17
9782.125 2.7106e-17
9783.65 3.3627e-17
9785.175 3.1548e-17
9786.7 2.9593e-17
9788.225 4.9415e-17
9789.75 6.0195e-17
9791.275 6.045e-17
9792.8 6.5629e-17
9794.325 3.7067e-17
9795.85 7.9235e-18
9797.375 1.5377e-17
9798.9 2.9162e-17
9800.425 3.3168e-17
9801.95 3.3896e-17
9803.475 2.8726e-17
9805.0 2.7684e-17
9806.525 2.7397e-17
9808.05 2.8005e-17
9809.575 3.0074e-17
9811.1 3.1948e-17
9812.625 2.8817e-17
9814.15 2.9818e-17
9815.675 3.1162e-17
9817.2 2.7925e-17
9818.725 2.7279e-17
9820.25 3.03e-17
9821.775 3.4959e-17
9823.3 3.459e-17
9824.825 3.4459e-17
9826.35 3.188e-17
9827.875 3.3881e-17
9829.4 3.6317e-17
9830.925 3.5934e-17
9832.45 3.5279e-17
9833.975 3.3751e-17
9835.5 3.612e-17
9837.025 3.4751e-17
9838.55 3.4717e-17
9840.075 3.8087e-17
9841.6 3.7831e-17
9843.125 3.788e-17
9844.65 3.9756e-17
9846.175 4.2576e-17
9847.7 3.2837e-17
9849.225 2.7187e-17
9850.75 3.426e-17
9852.275 3.6481e-17
9853.8 3.4546e-17
9855.325 3.3565e-17
9856.85 3.4491e-17
9858.375 3.5069e-17
9859.9 3.5214e-17
9861.425 3.4399e-17
9862.95 2.8842e-17
9864.475 2.9324e-17
9866.0 3.2784e-17
9867.525 2.8297e-17
9869.05 4.0651e-17
9870.575 5.8886e-17
9872.1 4.758e-17
9873.625 2.4798e-17
9875.15 1.2855e-17
9876.675 1.8103e-17
9878.2 2.4599e-17
9879.725 2.2864e-17
9881.25 2.6945e-17
9882.775 3.8832e-17
9884.3 3.995e-17
9885.825 2.9483e-17
9887.35 2.9128e-17
9888.875 2.5981e-17
9890.4 2.54e-17
9891.925 3.1724e-17
9893.45 3.6577e-17
9894.975 2.9316e-17
9896.5 3.8996e-17
9898.025 3.9106e-17
9899.55 2.8388e-17
9901.075 2.7451e-17
9902.6 3.2961e-17
9904.125 2.6823e-17
9905.65 2.6009e-17
9907.175 3.2864e-17
9908.7 2.884e-17
9910.225 2.4803e-17
9911.75 3.628e-17
9913.275 5.6006e-17
9914.8 5.5253e-17
9916.325 3.3338e-17
9917.85 3.3431e-17
9919.375 3.6466e-17
9920.9 3.9309e-17
9922.425 4.4356e-17
9923.95 4.4098e-17
9925.475 4.701e-17
9927.0 5.5546e-17
9928.525 4.8099e-17
9930.05 3.7274e-17
9931.575 3.7547e-17
9933.1 4.3012e-17
9934.625 5.6337e-17
9936.15 5.7983e-17
9937.675 4.8731e-17
9939.2 5.7952e-17
9940.725 6.3353e-17
9942.25 5.4284e-17
9943.775 7.5802e-17
9945.3 4.1858e-17
9946.825 5.8824e-18
9948.35 2.5185e-17
9949.875 2.6955e-17
9951.4 1.2532e-17
9952.925 1.6331e-17
9954.45 2.3535e-17
9955.975 2.1612e-17
9957.5 1.3593e-17
9959.025 8.9667e-18
9960.55 7.1222e-18
9962.075 3.9698e-18
9963.6 2.293e-18
9965.125 1.3151e-18
9966.65 7.5082e-19
9968.175 6.0286e-19
9969.7 3.6426e-19
9971.225 2.252e-19
9972.75 1.4968e-19
9974.275 9.4093e-20
9975.8 4.8419e-20
9977.325 1.8322e-20
9978.85 6.382e-21
9980.375 2.5349e-21
9981.9 1.0135e-21
9983.425 4.5042e-22
9984.95 1.4454e-22
9986.475 3.012e-23
9988.0 7.9888e-24
9989.525 2.8209e-24
9991.05 9.3589e-25
9992.575 1.8826e-25
9994.1 2.8255e-26
9995.625 1.2404e-26
9997.15 3.4277e-27
9998.675 3.8445e-28
10000.2 7.0033e-29
