3119.81745445 7382.4
3121.55937864 7291.63
3123.30130283 7372.33
3125.04322703 12393.5
3126.78515122 13228.5
3128.52707541 20700.0
3130.2689996 22729.2
3132.01092379 21435.4
3133.75284799 18264.9
3135.49477218 16428.8
3137.23669637 30003.7
3138.97862056 33558.7
3140.72054475 30033.8
3142.46246895 22234.4
3144.20439314 29887.3
3145.94631733 24515.6
3147.68824152 18619.5
3149.43016572 34189.4
3151.17208991 28469.0
3152.9140141 19826.0
3154.65593829 11672.8
3156.39786248 8277.0
3158.13978668 20754.6
3159.88171087 22953.7
3161.62363506 9404.66
3163.36555925 17070.7
3165.10748345 23550.0
3166.84940764 24092.4
3168.59133183 18177.8
3170.33325602 12954.7
3172.07518021 19211.7
3173.81710441 26258.9
3175.5590286 18102.1
3177.30095279 17585.5
3179.04287698 15056.8
3180.78480118 13285.1
3182.52672537 19969.3
3184.26864956 25175.5
3186.01057375 23127.3
3187.75249794 20350.6
3189.49442214 16843.4
3191.23634633 12919.1
3192.97827052 15172.9
3194.72019471 18148.2
3196.46211891 12189.3
3198.2040431 6584.29
3199.94596729 8030.85
3201.68789148 14453.5
3203.42981567 17357.0
3205.17173987 12075.9
3206.91366406 12093.8
3208.65558825 2888.91
3210.39751244 -1264.87
3212.13943663 10975.8
3213.88136083 14580.8
3215.62328502 21549.4
3217.36520921 21527.2
3219.1071334 14183.0
3220.8490576 10884.2
3222.59098179 17484.7
3224.33290598 22965.6
3226.07483017 15532.2
3227.81675436 19949.7
3229.55867856 16050.4
3231.30060275 13493.0
3233.04252694 20553.5
3234.78445113 18553.3
3236.52637533 20831.5
3238.26829952 18555.6
3240.01022371 19659.9
3241.7521479 14730.4
3243.49407209 19597.8
3245.23599629 22318.9
3246.97792048 19012.0
3248.71984467 16653.8
3250.46176886 17494.8
3252.20369306 15197.0
3253.94561725 15167.9
3255.68754144 16205.4
3257.42946563 19760.5
3259.17138982 13452.5
3260.91331402 14430.9
3262.65523821 19057.6
3264.3971624 15666.3
3266.13908659 16176.3
3267.88101079 17398.4
3269.62293498 19012.8
3271.36485917 18267.9
3273.10678336 22926.0
3274.84870755 20879.7
3276.59063175 13072.3
3278.33255594 9145.88
3280.07448013 13435.3
3281.81640432 16687.3
3283.55832851 15162.9
3285.30025271 13305.6
3287.0421769 5227.23
3288.78410109 6426.36
3290.52602528 8819.97
3292.26794948 11489.3
3294.00987367 14461.9
3295.75179786 14141.3
3297.49372205 10718.1
3299.23564624 12644.4
3300.97757044 16211.3
3302.71949463 12598.2
3304.46141882 11211.0
3306.20334301 16971.0
3307.94526721 13996.5
3309.6871914 11504.2
3311.42911559 14914.6
3313.17103978 16085.7
3314.91296397 10149.8
3316.65488817 13629.7
3318.39681236 15160.5
3320.13873655 14546.1
3321.88066074 14016.3
3323.62258494 14673.4
3325.36450913 14203.7
3327.10643332 13660.5
3328.84835751 15640.1
3330.5902817 12104.3
3332.3322059 11274.5
3334.07413009 14162.3
3335.81605428 15060.9
3337.55797847 12422.3
3339.29990267 12033.4
3341.04182686 15839.4
3342.78375105 16470.9
3344.52567524 15846.8
3346.26759943 14063.3
3348.00952363 13088.9
3349.75144782 16560.9
3351.49337201 14668.6
3353.2352962 11246.1
3354.97722039 14441.5
3356.71914459 16070.1
3358.46106878 14448.2
3360.20299297 16509.3
3361.94491716 17803.0
3363.68684136 13434.6
3365.42876555 17984.1
3367.17068974 21470.6
3368.91261393 21255.4
3370.65453812 16372.9
3372.39646232 17232.9
3374.13838651 16617.0
3375.8803107 15921.4
3377.62223489 13034.4
3379.36415909 15110.2
3381.10608328 15686.2
3382.84800747 14037.2
3384.58993166 16975.5
3386.33185585 16735.3
3388.07378005 18734.5
3389.81570424 19172.9
3391.55762843 15836.5
3393.29955262 17494.0
3395.04147682 18895.3
3396.78340101 21308.5
3398.5253252 21088.0
3400.26724939 12521.5
3402.00917358 14104.3
3403.75109778 17225.8
3405.49302197 15761.2
3407.23494616 14903.1
3408.97687035 15250.4
3410.71879455 15223.0
3412.46071874 13517.3
3414.20264293 12943.3
3415.94456712 15864.1
3417.68649131 17749.1
3419.42841551 12706.6
3421.1703397 15367.8
3422.91226389 18419.8
3424.65418808 23569.6
3426.39611227 13292.4
3428.13803647 15071.6
3429.87996066 14914.4
3431.62188485 16044.6
3433.36380904 15993.3
3435.10573324 14154.9
3436.84765743 15706.1
3438.58958162 19214.4
3440.33150581 17033.1
3442.07343 15435.6
3443.8153542 15855.8
3445.55727839 15705.2
3447.29920258 14940.8
3449.04112677 15691.9
3450.78305097 16304.8
3452.52497516 17014.9
3454.26689935 15376.1
3456.00882354 12548.1
3457.75074773 13914.5
3459.49267193 14433.7
3461.23459612 14821.6
3462.97652031 13817.3
3464.7184445 11769.8
3466.4603687 14022.2
3468.20229289 17128.7
3469.94421708 17127.5
3471.68614127 13721.6
3473.42806546 14295.0
3475.16998966 17415.9
3476.91191385 15699.7
3478.65383804 14277.9
3480.39576223 16643.4
3482.13768642 17367.3
3483.87961062 18959.5
3485.62153481 20274.1
3487.363459 19389.0
3489.10538319 14432.2
3490.84730739 14267.8
3492.58923158 15889.3
3494.33115577 13396.2
3496.07307996 10111.1
3497.81500415 10919.9
3499.55692835 15334.8
3501.29885254 14730.8
3503.04077673 10727.9
3504.78270092 10146.2
3506.52462512 10812.4
3508.26654931 12150.0
3510.0084735 15549.1
3511.75039769 16402.1
3513.49232188 15262.3
3515.23424608 15108.9
3516.97617027 14800.3
3518.71809446 13354.8
3520.46001865 16055.9
3522.20194285 13329.0
3523.94386704 13473.1
3525.68579123 18629.4
3527.42771542 20865.9
3529.16963961 18549.9
3530.91156381 14049.8
3532.653488 17966.4
3534.39541219 18516.5
3536.13733638 14682.8
3537.87926058 12970.3
3539.62118477 16596.7
3541.36310896 17386.4
3543.10503315 16088.9
3544.84695734 13956.7
3546.58888154 13114.9
3548.33080573 16855.3
3550.07272992 19769.1
3551.81465411 16952.1
3553.5565783 15497.9
3555.2985025 13756.3
3557.04042669 14963.2
3558.78235088 18687.1
3560.52427507 14247.3
3562.26619927 13982.8
3564.00812346 19910.3
3565.75004765 18257.4
3567.49197184 14356.9
3569.23389603 14792.0
3570.97582023 21666.8
3572.71774442 19146.8
3574.45966861 16974.4
3576.2015928 18446.5
3577.943517 17019.6
3579.68544119 16741.0
3581.42736538 15255.1
3583.16928957 14276.2
3584.91121376 15172.0
3586.65313796 17641.0
3588.39506215 16798.1
3590.13698634 14422.6
3591.87891053 14995.6
3593.62083473 16683.3
3595.36275892 15540.3
3597.10468311 13697.5
3598.8466073 13029.6
3600.58853149 14879.5
3602.33045569 14329.0
3604.07237988 14359.8
3605.81430407 13447.1
3607.55622826 14219.9
3609.29815246 15920.8
3611.04007665 17792.1
3612.78200084 19120.0
3614.52392503 17142.2
3616.26584922 15794.8
3618.00777342 14786.4
3619.74969761 14429.7
3621.4916218 17047.2
3623.23354599 16155.1
3624.97547018 15894.5
3626.71739438 16345.7
3628.45931857 16262.9
3630.20124276 16556.3
3631.94316695 17451.6
3633.68509115 15782.9
3635.42701534 14367.5
3637.16893953 18686.7
3638.91086372 16936.1
3640.65278791 14459.0
3642.39471211 16282.1
3644.1366363 16624.9
3645.87856049 16530.9
3647.62048468 19691.8
3649.36240888 19069.1
3651.10433307 16760.3
3652.84625726 17961.9
3654.58818145 17351.2
3656.33010564 18410.5
3658.07202984 17961.6
3659.81395403 19914.5
3661.55587822 18541.9
3663.29780241 17272.3
3665.03972661 18827.5
3666.7816508 17442.4
3668.52357499 16581.6
3670.26549918 16720.3
3672.00742337 16460.2
3673.74934757 15249.4
3675.49127176 18436.3
3677.23319595 16335.4
3678.97512014 16646.8
3680.71704434 19682.5
3682.45896853 17352.4
3684.20089272 17717.5
3685.94281691 18541.1
3687.6847411 17121.7
3689.4266653 18659.3
3691.16858949 19170.2
3692.91051368 14652.6
3694.65243787 18197.8
3696.39436206 21278.3
3698.13628626 17075.0
3699.87821045 15195.1
3701.62013464 18055.2
3703.36205883 15686.9
3705.10398303 14277.1
3706.84590722 16279.7
3708.58783141 16572.2
3710.3297556 17948.6
3712.07167979 18654.1
3713.81360399 19427.5
3715.55552818 18836.9
3717.29745237 17179.3
3719.03937656 17265.7
3720.78130076 17980.1
3722.52322495 17781.8
3724.26514914 17616.4
3726.00707333 18027.5
3727.74899752 17736.7
3729.49092172 17258.2
3731.23284591 19849.5
3732.9747701 18186.7
3734.71669429 17477.2
3736.45861849 18436.3
3738.20054268 22089.8
3739.94246687 20864.2
3741.68439106 19341.6
3743.42631525 17454.8
3745.16823945 17093.4
3746.91016364 17760.3
3748.65208783 16934.2
3750.39401202 16824.7
3752.13593622 18660.1
3753.87786041 18994.2
3755.6197846 17892.8
3757.36170879 19172.9
3759.10363298 17413.5
3760.84555718 13786.3
3762.58748137 13336.8
3764.32940556 16732.2
3766.07132975 17370.7
3767.81325394 15149.0
3769.55517814 16458.3
3771.29710233 17566.9
3773.03902652 18181.7
3774.78095071 18120.9
3776.52287491 13244.0
3778.2647991 13020.5
3780.00672329 13495.8
3781.74864748 17151.8
3783.49057167 20023.0
3785.23249587 17608.6
3786.97442006 17670.1
3788.71634425 15871.5
3790.45826844 14144.3
3792.20019264 15698.9
3793.94211683 14824.3
3795.68404102 16260.8
3797.42596521 17027.4
3799.1678894 14650.6
3800.9098136 16825.3
3802.65173779 18458.0
3804.39366198 15519.6
3806.13558617 14057.8
3807.87751037 17734.2
3809.61943456 18368.1
3811.36135875 15712.6
3813.10328294 17010.9
3814.84520713 16071.1
3816.58713133 14121.6
3818.32905552 14896.9
3820.07097971 16392.7
3821.8129039 15692.0
3823.5548281 14303.5
3825.29675229 14777.1
3827.03867648 13254.6
3828.78060067 15076.3
3830.52252486 16386.9
3832.26444906 14994.8
3834.00637325 14176.5
3835.74829744 15715.2
3837.49022163 15408.1
3839.23214582 15166.3
3840.97407002 17294.9
3842.71599421 17343.5
3844.4579184 15501.9
3846.19984259 13942.7
3847.94176679 16560.7
3849.68369098 14778.5
3851.42561517 15437.4
3853.16753936 18994.1
3854.90946355 17031.7
3856.65138775 16332.5
3858.39331194 14190.4
3860.13523613 14657.2
3861.87716032 17325.2
3863.61908452 15066.7
3865.36100871 16887.7
3867.1029329 14277.1
3868.84485709 12445.0
3870.58678128 13121.4
3872.32870548 15778.1
3874.07062967 18344.6
3875.81255386 16640.1
3877.55447805 14485.1
3879.29640225 11833.5
3881.03832644 14657.7
3882.78025063 14620.1
3884.52217482 14080.5
3886.26409901 14058.0
3888.00602321 16613.3
3889.7479474 17186.7
3891.48987159 15947.1
3893.23179578 13622.9
3894.97371998 12916.9
3896.71564417 15403.3
3898.45756836 15384.9
3900.19949255 17906.3
3901.94141674 14546.9
3903.68334094 12133.0
3905.42526513 14698.4
3907.16718932 17450.4
3908.90911351 17769.0
3910.6510377 18637.4
3912.3929619 16856.2
3914.13488609 14377.4
3915.87681028 16397.0
3917.61873447 16102.8
3919.36065867 14741.9
3921.10258286 15214.9
3922.84450705 15649.1
3924.58643124 15689.9
3926.32835543 16281.2
3928.07027963 15332.9
3929.81220382 14180.6
3931.55412801 12149.2
3933.2960522 11493.9
3935.0379764 15112.0
3936.77990059 16636.6
3938.52182478 13705.4
3940.26374897 12177.5
3942.00567316 14266.6
3943.74759736 15857.6
3945.48952155 17734.0
3947.23144574 16269.9
3948.97336993 15591.6
3950.71529413 14961.2
3952.45721832 13124.4
3954.19914251 13944.7
3955.9410667 13821.7
3957.68299089 14448.0
3959.42491509 15981.9
3961.16683928 16315.1
3962.90876347 14341.4
3964.65068766 13497.9
3966.39261186 13372.7
3968.13453605 13504.1
3969.87646024 14548.5
3971.61838443 17733.1
3973.36030862 12809.7
3975.10223282 10685.9
3976.84415701 14402.5
3978.5860812 15581.0
3980.32800539 15122.2
3982.06992958 15539.6
3983.81185378 13722.8
3985.55377797 15270.1
3987.29570216 13433.8
3989.03762635 11444.4
3990.77955055 14260.2
3992.52147474 15806.1
3994.26339893 12902.1
3996.00532312 11358.2
3997.74724731 15454.9
3999.48917151 17302.7
4001.2310957 15198.6
4002.97301989 15676.8
4004.71494408 15320.3
4006.45686828 13434.6
4008.19879247 13771.0
4009.94071666 15650.2
4011.68264085 16043.4
4013.42456504 16432.9
4015.16648924 13129.4
4016.90841343 11070.5
4018.65033762 14155.7
4020.39226181 14819.5
4022.13418601 14459.6
4023.8761102 13571.9
4025.61803439 12222.7
4027.35995858 13051.3
4029.10188277 13114.8
4030.84380697 12828.9
4032.58573116 14258.9
4034.32765535 17747.1
4036.06957954 16059.4
4037.81150373 14073.9
4039.55342793 15490.3
4041.29535212 14096.9
4043.03727631 17957.6
4044.7792005 16515.0
4046.5211247 17330.8
4048.26304889 16560.5
4050.00497308 16091.2
4051.74689727 13921.1
4053.48882146 13870.0
4055.23074566 15450.8
4056.97266985 14755.3
4058.71459404 13116.2
4060.45651823 13438.9
4062.19844243 15704.1
4063.94036662 15472.9
4065.68229081 15232.0
4067.424215 14193.4
4069.16613919 14872.0
4070.90806339 15337.1
4072.64998758 16466.1
4074.39191177 16888.9
4076.13383596 16293.0
4077.87576016 14054.4
4079.61768435 12862.4
4081.35960854 13538.4
4083.10153273 14319.3
4084.84345692 13473.1
4086.58538112 14925.9
4088.32730531 15822.3
4090.0692295 14839.6
4091.81115369 15735.3
4093.55307789 14226.2
4095.29500208 11742.6
4097.03692627 15415.0
4098.77885046 14313.0
4100.52077465 13011.7
4102.26269885 15822.6
4104.00462304 15929.1
4105.74654723 15506.4
4107.48847142 13799.8
4109.23039561 15926.7
4110.97231981 17678.5
4112.714244 16793.6
4114.45616819 15448.6
4116.19809238 15725.8
4117.94001658 16393.5
4119.68194077 15553.1
4121.42386496 15339.2
4123.16578915 16123.1
4124.90771334 15194.2
4126.64963754 14528.5
4128.39156173 15012.9
4130.13348592 15760.0
4131.87541011 14686.1
4133.61733431 16927.3
4135.3592585 16552.6
4137.10118269 15725.1
4138.84310688 15674.2
4140.58503107 15487.2
4142.32695527 15358.8
4144.06887946 14668.9
4145.81080365 14369.3
4147.55272784 13687.0
4149.29465204 13237.3
4151.03657623 15003.7
4152.77850042 15935.4
4154.52042461 13764.8
4156.2623488 12752.6
4158.004273 14763.1
4159.74619719 15054.7
4161.48812138 14285.8
4163.23004557 13265.7
4164.97196977 13962.6
4166.71389396 15589.9
4168.45581815 13591.3
4170.19774234 12341.7
4171.93966653 12285.3
4173.68159073 13007.2
4175.42351492 13224.7
4177.16543911 14180.3
4178.9073633 13800.3
4180.64928749 14463.8
4182.39121169 13829.5
4184.13313588 13636.6
4185.87506007 13485.4
4187.61698426 13063.1
4189.35890846 13517.4
4191.10083265 13140.3
4192.84275684 15062.4
4194.58468103 15275.8
4196.32660522 15649.1
4198.06852942 15245.9
4199.81045361 14396.4
4201.5523778 12969.5
4203.29430199 12589.8
4205.03622619 12782.3
4206.77815038 14614.3
4208.52007457 14709.6
4210.26199876 15208.9
4212.00392295 14077.4
4213.74584715 12962.3
4215.48777134 14427.9
4217.22969553 14775.6
4218.97161972 14319.3
4220.71354392 13744.2
4222.45546811 14231.8
4224.1973923 15946.7
4225.93931649 12947.4
4227.68124068 11513.4
4229.42316488 13670.8
4231.16508907 15644.3
4232.90701326 14154.6
4234.64893745 14149.4
4236.39086165 13928.0
4238.13278584 14295.4
4239.87471003 15160.0
4241.61663422 15079.4
4243.35855841 14394.5
4245.10048261 14065.4
4246.8424068 14560.6
4248.58433099 15259.3
4250.32625518 15649.7
4252.06817937 17093.0
4253.81010357 16217.0
4255.55202776 14922.3
4257.29395195 15902.8
4259.03587614 15276.3
4260.77780034 15040.9
4262.51972453 15693.5
4264.26164872 14605.3
4266.00357291 13620.1
4267.7454971 12904.8
4269.4874213 13461.5
4271.22934549 15608.7
4272.97126968 16159.7
4274.71319387 14072.2
4276.45511807 13242.6
4278.19704226 13786.7
4279.93896645 14857.1
4281.68089064 16012.7
4283.42281483 13649.5
4285.16473903 14092.5
4286.90666322 14060.2
4288.64858741 13247.1
4290.3905116 13914.3
4292.1324358 12697.3
4293.87435999 12463.6
4295.61628418 13907.5
4297.35820837 12581.7
4299.10013256 13534.7
4300.84205676 13745.8
4302.58398095 13918.8
4304.32590514 12786.0
4306.06782933 11222.7
4307.80975353 12927.2
4309.55167772 13423.9
4311.29360191 15302.7
4313.0355261 14645.2
4314.77745029 14453.2
4316.51937449 14562.0
4318.26129868 13439.6
4320.00322287 12532.5
4321.74514706 13363.7
4323.48707125 15947.8
4325.22899545 12730.4
4326.97091964 12555.7
4328.71284383 14712.2
4330.45476802 14367.3
4332.19669222 12449.6
4333.93861641 11753.3
4335.6805406 13876.5
4337.42246479 14865.9
4339.16438898 14422.2
4340.90631318 12655.7
4342.64823737 12205.8
4344.39016156 13256.0
4346.13208575 13448.1
4347.87400995 11915.8
4349.61593414 12034.6
4351.35785833 14037.1
4353.09978252 14861.0
4354.84170671 12041.0
4356.58363091 11325.8
4358.3255551 13862.5
4360.06747929 13531.4
4361.80940348 14730.3
4363.55132768 14545.8
4365.29325187 14471.9
4367.03517606 16406.5
4368.77710025 16448.1
4370.51902444 14317.0
4372.26094864 13219.3
4374.00287283 12854.6
4375.74479702 13785.1
4377.48672121 13326.7
4379.22864541 13172.0
4380.9705696 13454.0
4382.71249379 14336.5
4384.45441798 14764.0
4386.19634217 13083.2
4387.93826637 11934.0
4389.68019056 13336.5
4391.42211475 15632.0
4393.16403894 15476.3
4394.90596313 15694.1
4396.64788733 14490.5
4398.38981152 13344.3
4400.13173571 13159.1
4401.8736599 13660.2
4403.6155841 14795.0
4405.35750829 13916.0
4407.09943248 13384.7
4408.84135667 14568.5
4410.58328086 13068.0
4412.32520506 14057.0
4414.06712925 13845.4
4415.80905344 11964.6
4417.55097763 13639.9
4419.29290183 12741.9
4421.03482602 12440.4
4422.77675021 10651.5
4424.5186744 12824.4
4426.26059859 14726.4
4428.00252279 10719.8
4429.74444698 7985.68
4431.48637117 11584.8
4433.22829536 13508.7
4434.97021956 14052.8
4436.71214375 13392.8
4438.45406794 12496.9
4440.19599213 14203.9
4441.93791632 13947.4
4443.67984052 15769.8
4445.42176471 15058.1
4447.1636889 11864.0
4448.90561309 13492.1
4450.64753729 14675.4
4452.38946148 12980.6
4454.13138567 12619.6
4455.87330986 11297.4
4457.61523405 12978.6
4459.35715825 13250.1
4461.09908244 11290.6
4462.84100663 13256.4
4464.58293082 15750.0
4466.32485501 14844.1
4468.06677921 11912.6
4469.8087034 11582.9
4471.55062759 11996.4
4473.29255178 15079.8
4475.03447598 14619.4
4476.77640017 12446.2
4478.51832436 12374.4
4480.26024855 12619.4
4482.00217274 12289.2
4483.74409694 13581.2
4485.48602113 14165.7
4487.22794532 13297.2
4488.96986951 13898.4
4490.71179371 13500.0
4492.4537179 13022.7
4494.19564209 12931.7
4495.93756628 12095.9
4497.67949047 11779.5
4499.42141467 12750.7
4501.16333886 11822.1
4502.90526305 9495.86
4504.64718724 10919.6
4506.38911144 12598.5
4508.13103563 10579.2
4509.87295982 10281.3
4511.61488401 10511.9
4513.3568082 9698.81
4515.0987324 9643.03
4516.84065659 9476.46
4518.58258078 9870.33
4520.32450497 9089.97
4522.06642917 9550.31
4523.80835336 9921.55
4525.55027755 8225.89
4527.29220174 7125.74
4529.03412593 6388.05
4530.77605013 7080.09
4532.51797432 7418.24
4534.25989851 6596.19
4536.0018227 8932.67
4537.74374689 9412.74
4539.48567109 6467.66
4541.22759528 8323.81
4542.96951947 7675.45
4544.71144366 5823.02
4546.45336786 5162.9
4548.19529205 6144.9
4549.93721624 7457.2
4551.67914043 6259.01
4553.42106462 5645.78
4555.16298882 5830.24
4556.90491301 6223.05
4558.6468372 6679.93
4560.38876139 5889.04
4562.13068559 5551.37
4563.87260978 5923.23
4565.61453397 5979.89
4567.35645816 5703.31
4569.09838235 4996.12
4570.84030655 4995.88
4572.58223074 5615.35
4574.32415493 6277.66
4576.06607912 5907.03
4577.80800332 6216.43
4579.54992751 6826.78
4581.2918517 8082.44
4583.03377589 6068.48
4584.77570008 5275.39
4586.51762428 8288.18
4588.25954847 10023.7
4590.00147266 26283.4
4591.74339685 47686.0
4593.48532105 40655.9
4595.22724524 37452.7
4596.96916943 14070.6
4598.71109362 19963.3
4600.45301781 15681.5
4602.19494201 11015.9
4603.9368662 11011.0
4605.67879039 7250.26
4607.42071458 5825.23
4609.16263877 5623.0
4610.90456297 5575.91
4612.64648716 5385.47
4614.38841135 5981.03
4616.13033554 5945.75
4617.87225974 5917.59
4619.61418393 6482.43
4621.35610812 5709.77
4623.09803231 6358.41
4624.8399565 6489.06
4626.5818807 5651.36
4628.32380489 6253.39
4630.06572908 7629.47
4631.80765327 9139.76
4633.54957747 9992.9
4635.29150166 8017.29
4637.03342585 8901.01
4638.77535004 7916.06
4640.51727423 8671.41
4642.25919843 9227.97
4644.00112262 14188.1
4645.74304681 10827.5
4647.484971 7984.41
4649.2268952 11932.9
4650.96881939 11084.7
4652.71074358 10747.7
4654.45266777 11201.0
4656.19459196 11202.1
4657.93651616 13089.6
4659.67844035 11020.7
4661.42036454 7905.87
4663.16228873 8633.89
4664.90421292 11582.0
4666.64613712 11167.2
4668.38806131 8934.83
4670.1299855 10101.0
4671.87190969 12184.9
4673.61383389 11119.6
4675.35575808 11679.5
4677.09768227 11703.5
4678.83960646 10150.8
4680.58153065 12598.3
4682.32345485 13819.6
4684.06537904 11426.2
4685.80730323 9234.99
4687.54922742 9541.44
4689.29115162 11108.7
4691.03307581 10913.7
4692.775 9874.19
4694.51692419 10441.6
4696.25884838 11770.8
4698.00077258 11014.6
4699.74269677 10379.6
4701.48462096 10121.7
4703.22654515 10332.5
4704.96846935 12095.0
4706.71039354 14310.5
4708.45231773 12707.7
4710.19424192 13130.9
4711.93616611 14571.4
4713.67809031 14766.7
4715.4200145 11525.9
4717.16193869 10738.3
4718.90386288 12495.7
4720.64578708 13025.7
4722.38771127 11690.0
4724.12963546 9899.71
4725.87155965 10522.4
4727.61348384 12398.6
4729.35540804 13489.3
4731.09733223 12844.1
4732.83925642 11977.2
4734.58118061 13394.8
4736.3231048 13833.8
4738.065029 11939.1
4739.80695319 12477.8
4741.54887738 11611.2
4743.29080157 11536.8
4745.03272577 13719.8
4746.77464996 13499.7
4748.51657415 11990.8
4750.25849834 12548.4
4752.00042253 14412.8
4753.74234673 15545.2
4755.48427092 14191.0
4757.22619511 13872.3
4758.9681193 12102.1
4760.7100435 11080.7
4762.45196769 10880.8
4764.19389188 12141.2
4765.93581607 13150.3
4767.67774026 12442.5
4769.41966446 11337.2
4771.16158865 12096.4
4772.90351284 12068.1
4774.64543703 12307.2
4776.38736123 13027.9
4778.12928542 12513.7
4779.87120961 12886.3
4781.6131338 12675.3
4783.35505799 11660.5
4785.09698219 11517.4
4786.83890638 12666.3
4788.58083057 11995.8
4790.32275476 11170.3
4792.06467896 11473.9
4793.80660315 11213.9
4795.54852734 12196.5
4797.29045153 10012.5
4799.03237572 10028.9
4800.77429992 11267.6
4802.51622411 10729.2
4804.2581483 10521.1
4806.00007249 10120.3
4807.74199668 11774.0
4809.48392088 10910.7
4811.22584507 11084.2
4812.96776926 12115.0
4814.70969345 11203.2
4816.45161765 11386.8
4818.19354184 10719.1
4819.93546603 11423.5
4821.67739022 11135.1
4823.41931441 11112.9
4825.16123861 11078.9
4826.9031628 10886.9
4828.64508699 10107.3
4830.38701118 10865.0
4832.12893538 12808.0
4833.87085957 11120.2
4835.61278376 11308.0
4837.35470795 11404.2
4839.09663214 12342.6
4840.83855634 11407.5
4842.58048053 11020.7
4844.32240472 11130.2
4846.06432891 11291.4
4847.80625311 11317.0
4849.5481773 11523.7
4851.29010149 11797.3
4853.03202568 13090.4
4854.77394987 12803.4
4856.51587407 10871.9
4858.25779826 10520.6
4859.99972245 10095.8
4861.74164664 9417.63
4863.48357084 10677.3
4865.22549503 10353.0
4866.96741922 9553.22
4868.70934341 9602.49
4870.4512676 9740.18
4872.1931918 10227.7
4873.93511599 9341.65
4875.67704018 9069.86
4877.41896437 9216.32
4879.16088856 9120.47
4880.90281276 9565.45
4882.64473695 10709.4
4884.38666114 10869.0
4886.12858533 15116.7
4887.87050953 38922.0
4889.61243372 35691.0
4891.35435791 14146.6
4893.0962821 10389.1
4894.83820629 11077.9
4896.58013049 9230.25
4898.32205468 9423.55
4900.06397887 9829.65
4901.80590306 9173.28
4903.54782726 9510.14
4905.28975145 8985.91
4907.03167564 9061.15
4908.77359983 10275.4
4910.51552402 9881.97
4912.25744822 9823.39
4913.99937241 10262.2
4915.7412966 9714.3
4917.48322079 9538.11
4919.22514499 9462.27
4920.96706918 9478.69
4922.70899337 11239.2
4924.45091756 10503.8
4926.19284175 9458.31
4927.93476595 9366.72
4929.67669014 9915.69
4931.41861433 10454.0
4933.16053852 10002.1
4934.90246272 9645.75
4936.64438691 9730.22
4938.3863111 9419.19
4940.12823529 8805.6
4941.87015948 9556.73
4943.61208368 9506.86
4945.35400787 8774.25
4947.09593206 9243.7
4948.83785625 9993.69
4950.57978044 11353.7
4952.32170464 10840.9
4954.06362883 9884.05
4955.80555302 9156.52
4957.54747721 10766.5
4959.28940141 10195.3
4961.0313256 9227.51
4962.77324979 9690.16
4964.51517398 9260.14
4966.25709817 9612.2
4967.99902237 10201.4
4969.74094656 10383.7
4971.48287075 10184.8
4973.22479494 10137.0
4974.96671914 10086.1
4976.70864333 9990.11
4978.45056752 9909.75
4980.19249171 10217.0
4981.9344159 10319.4
4983.6763401 9641.73
4985.41826429 9702.57
4987.16018848 10312.3
4988.90211267 10102.5
4990.64403687 9693.9
4992.38596106 9562.48
4994.12788525 9793.38
4995.86980944 10176.4
4997.61173363 10407.3
4999.35365783 10300.8
5001.09558202 9967.2
5002.83750621 9892.53
5004.5794304 10327.1
5006.3213546 10823.1
5008.06327879 10930.7
5009.80520298 10597.5
5011.54712717 10070.5
5013.28905136 9860.16
5015.03097556 10146.8
5016.77289975 10569.1
5018.51482394 10794.5
5020.25674813 10701.3
5021.99867232 10392.2
5023.74059652 10073.1
5025.48252071 9734.57
5027.2244449 9473.35
5028.96636909 9545.66
5030.70829329 9735.17
5032.45021748 9627.09
5034.19214167 9315.27
5035.93406586 9093.04
5037.67599005 8921.52
5039.41791425 8718.88
5041.15983844 8739.42
5042.90176263 9159.94
5044.64368682 9617.31
5046.38561102 9655.54
5048.12753521 9376.09
5049.8694594 9202.41
5051.61138359 9306.83
5053.35330778 9653.2
5055.09523198 10065.6
5056.83715617 10102.6
5058.57908036 9677.69
5060.32100455 9369.88
5062.06292875 9355.25
5063.80485294 9199.07
5065.54677713 8990.63
5067.28870132 9233.62
5069.03062551 9966.97
5070.77254971 10779.3
5072.5144739 10918.8
5074.25639809 9975.5
5075.99832228 8882.37
5077.74024648 8691.06
5079.48217067 9071.01
5081.22409486 9278.85
5082.96601905 9172.32
5084.70794324 8939.18
5086.44986744 8842.88
5088.19179163 9117.68
5089.93371582 9697.87
5091.67564001 10045.8
5093.4175642 9652.42
5095.1594884 8817.93
5096.90141259 8306.67
5098.64333678 8329.53
5100.38526097 8594.2
5102.12718517 8897.52
5103.86910936 9111.22
5105.61103355 9167.61
5107.35295774 9176.23
5109.09488193 9278.66
5110.83680613 9510.0
5112.57873032 9667.06
5114.32065451 9595.03
5116.0625787 9641.0
5117.8045029 9840.22
5119.54642709 9545.52
5121.28835128 9005.16
5123.03027547 9270.92
5124.77219966 10116.7
5126.51412386 10375.7
5128.25604805 9787.95
5129.99797224 8914.95
5131.73989643 8256.92
5133.48182063 8109.05
5135.22374482 8405.29
5136.96566901 8697.38
5138.7075932 8714.49
5140.44951739 8558.49
5142.19144159 8338.68
5143.93336578 8123.8
5145.67528997 8128.51
5147.41721416 8492.8
5149.15913836 8984.51
5150.90106255 9329.02
5152.64298674 9414.35
5154.38491093 9024.9
5156.12683512 8358.25
5157.86875932 8269.44
5159.61068351 9001.77
5161.3526077 9739.9
5163.09453189 9737.97
5164.83645608 9075.83
5166.57838028 8467.72
5168.32030447 8471.71
5170.06222866 8857.27
5171.80415285 9006.46
5173.54607705 8824.81
5175.28800124 8795.89
5177.02992543 9140.52
5178.77184962 9598.85
5180.51377381 9831.65
5182.25569801 9543.64
5183.9976222 8879.15
5185.73954639 8473.68
5187.48147058 8559.01
5189.22339478 8766.92
5190.96531897 8810.74
5192.70724316 8752.71
5194.44916735 8787.52
5196.19109154 8954.59
5197.93301574 9101.14
5199.67493993 9129.96
5201.41686412 9026.18
5203.15878831 8717.66
5204.90071251 8250.33
5206.6426367 7925.12
5208.38456089 8108.15
5210.12648508 8863.48
5211.86840927 9601.59
5213.61033347 9637.62
5215.35225766 9070.74
5217.09418185 8356.04
5218.83610604 7837.7
5220.57803023 7923.12
5222.31995443 8480.85
5224.06187862 8835.42
5225.80380281 8881.99
5227.545727 8854.81
5229.2876512 8639.32
5231.02957539 8301.43
5232.77149958 8259.11
5234.51342377 8669.09
5236.25534796 9161.79
5237.99727216 9292.69
5239.73919635 8984.75
5241.48112054 8235.23
5243.22304473 7353.41
5244.96496893 7341.83
5246.70689312 8359.6
5248.44881731 9050.93
5250.1907415 8766.34
5251.93266569 8378.49
5253.67458989 8573.07
5255.41651408 9134.4
5257.15843827 9489.43
5258.90036246 9277.96
5260.64228666 8743.13
5262.38421085 8363.07
5264.12613504 8164.76
5265.86805923 7870.92
5267.60998342 7657.1
5269.35190762 8012.41
5271.09383181 8642.98
5272.835756 8705.29
5274.57768019 8264.83
5276.31960439 8098.2
5278.06152858 8252.38
5279.80345277 8167.56
5281.54537696 7862.16
5283.28730115 7857.74
5285.02922535 8319.15
5286.77114954 9068.47
5288.51307373 9835.18
5290.25499792 10178.1
5291.99692211 9896.57
5293.73884631 9232.55
5295.4807705 8532.9
5297.22269469 8281.06
5298.96461888 8764.36
5300.70654308 9603.64
5302.44846727 10236.6
5304.19039146 10232.2
5305.93231565 9548.79
5307.67423984 9124.02
5309.41616404 9762.69
5311.15808823 10630.0
5312.90001242 10474.7
5314.64193661 9479.41
5316.38386081 8771.66
5318.125785 8809.21
5319.86770919 9044.52
5321.60963338 9088.42
5323.35155757 9182.45
5325.09348177 9284.72
5326.83540596 9033.14
5328.57733015 8643.05
5330.31925434 8624.26
5332.06117854 8877.7
5333.80310273 8788.81
5335.54502692 8233.77
5337.28695111 8006.39
5339.0288753 8439.36
5340.7707995 8682.46
5342.51272369 8495.78
5344.25464788 8655.06
5345.99657207 9122.58
5347.73849627 9194.65
5349.48042046 8901.62
5351.22234465 8762.71
5352.96426884 8912.76
5354.70619303 8903.78
5356.44811723 8307.12
5358.19004142 7536.78
5359.93196561 7493.51
5361.6738898 8296.64
5363.41581399 9106.02
5365.15773819 9275.9
5366.89966238 8886.19
5368.64158657 8235.78
5370.38351076 7692.22
5372.12543496 7709.1
5373.86735915 8248.1
5375.60928334 8546.87
5377.35120753 8069.22
5379.09313172 7408.96
5380.83505592 7366.81
5382.57698011 7634.05
5384.3189043 7680.67
5386.06082849 7813.72
5387.80275269 8263.07
5389.54467688 8686.7
5391.28660107 8793.85
5393.02852526 8585.43
5394.77044945 8411.86
5396.51237365 8511.35
5398.25429784 8436.83
5399.99622203 8059.49
5401.73814622 8089.2
5403.48007042 8528.86
5405.22199461 8561.34
5406.9639188 8171.44
5408.70584299 7969.67
5410.44776718 8134.73
5412.18969138 8507.2
5413.93161557 8816.58
5415.67353976 8741.77
5417.41546395 8179.7
5419.15738815 7442.37
5420.89931234 7175.06
5422.64123653 7739.33
5424.38316072 8714.92
5426.12508491 9412.72
5427.86700911 9558.35
5429.6089333 9234.23
5431.35085749 8711.93
5433.09278168 8434.46
5434.83470587 8515.75
5436.57663007 8438.64
5438.31855426 7915.67
5440.06047845 7465.73
5441.80240264 7482.27
5443.54432684 7625.9
5445.28625103 7665.44
5447.02817522 7942.25
5448.77009941 8491.38
5450.5120236 8607.96
5452.2539478 8066.31
5453.99587199 7611.14
5455.73779618 7442.26
5457.47972037 7087.32
5459.22164457 6880.94
5460.96356876 7360.55
5462.70549295 8002.92
5464.44741714 8156.06
5466.18934133 8002.85
5467.93126553 7941.73
5469.67318972 7987.86
5471.41511391 7864.26
5473.1570381 7382.55
5474.8989623 6901.79
5476.64088649 7038.27
5478.38281068 7715.53
5480.12473487 8167.89
5481.86665906 7935.73
5483.60858326 7312.22
5485.35050745 6879.49
5487.09243164 6863.23
5488.83435583 7049.34
5490.57628003 7239.42
5492.31820422 7388.02
5494.06012841 7471.94
5495.8020526 7569.75
5497.54397679 7761.22
5499.28590099 7943.51
5501.02782518 7934.39
5502.76974937 7673.66
5504.51167356 7372.28
5506.25359775 7308.83
5507.99552195 7407.62
5509.73744614 7339.11
5511.47937033 7094.59
5513.22129452 7099.59
5514.96321872 7501.09
5516.70514291 7827.64
5518.4470671 7726.19
5520.18899129 7496.22
5521.93091548 7538.55
5523.67283968 7662.34
5525.41476387 7550.14
5527.15668806 7544.76
5528.89861225 8011.17
5530.64053645 8530.41
5532.38246064 8541.48
5534.12438483 8025.86
5535.86630902 7382.03
5537.60823321 7154.01
5539.35015741 7528.28
5541.0920816 8071.43
5542.83400579 8363.38
5544.57592998 8393.53
5546.31785418 8085.27
5548.05977837 7292.81
5549.80170256 6535.43
5551.54362675 6564.86
5553.28555094 7108.86
5555.02747514 7437.28
5556.76939933 7572.24
5558.51132352 7709.57
5560.25324771 7613.32
5561.99517191 7258.11
5563.7370961 6989.09
5565.47902029 6916.26
5567.22094448 6911.66
5568.96286867 6951.53
5570.70479287 6932.26
5572.44671706 6711.1
5574.18864125 6547.77
5575.93056544 6794.52
5577.67248963 7223.74
5579.41441383 7306.71
5581.15633802 7017.87
5582.89826221 6836.36
5584.6401864 7040.71
5586.3821106 7379.65
5588.12403479 7433.77
5589.86595898 7181.36
5591.60788317 6963.98
5593.34980736 6913.07
5595.09173156 6942.38
5596.83365575 7094.89
5598.57557994 7403.38
5600.31750413 7698.28
5602.05942833 7765.02
5603.80135252 7593.54
5605.54327671 7420.37
5607.2852009 7478.74
5609.02712509 7704.42
5610.76904929 7825.08
5612.51097348 7790.72
5614.25289767 7726.87
5615.99482186 7548.29
5617.73674606 7233.21
5619.47867025 7078.44
5621.22059444 7164.27
5622.96251863 7212.63
5624.70444282 7128.14
5626.44636702 7006.46
5628.18829121 6861.73
5629.9302154 6794.54
5631.67213959 6889.59
5633.41406379 6911.55
5635.15598798 6717.18
5636.89791217 6599.63
5638.63983636 6764.82
5640.38176055 7031.43
5642.12368475 7185.72
5643.86560894 7212.56
5645.60753313 7278.11
5647.34945732 7432.28
5649.09138151 7379.06
5650.83330571 6970.88
5652.5752299 6565.66
5654.31715409 6605.83
5656.05907828 7121.54
5657.80100248 7677.9
5659.54292667 7890.66
5661.28485086 7813.69
5663.02677505 7657.49
5664.76869924 7504.39
5666.51062344 7360.11
5668.25254763 7269.03
5669.99447182 7235.13
5671.73639601 7096.9
5673.47832021 6822.53
5675.2202444 6739.32
5676.96216859 7081.67
5678.70409278 7618.29
5680.44601697 7979.31
5682.18794117 8005.37
5683.92986536 7657.97
5685.67178955 7106.0
5687.41371374 6846.61
5689.15563794 7017.3
5690.89756213 7093.5
5692.63948632 6887.19
5694.38141051 6826.62
5696.1233347 7023.02
5697.8652589 7170.41
5699.60718309 7188.94
5701.34910728 7169.25
5703.09103147 7108.24
5704.83295567 7069.94
5706.57487986 7158.06
5708.31680405 7322.43
5710.05872824 7474.76
5711.80065243 7587.8
5713.54257663 7571.75
5715.28450082 7444.09
5717.02642501 7600.2
5718.7683492 8221.14
5720.51027339 8665.91
5722.25219759 8363.44
5723.99412178 7722.13
5725.73604597 7420.64
5727.47797016 7509.13
5729.21989436 7581.2
5730.96181855 7452.39
5732.70374274 7407.54
5734.44566693 7615.18
5736.18759112 7731.79
5737.92951532 7575.71
5739.67143951 7474.68
5741.4133637 7541.39
5743.15528789 7537.86
5744.89721209 7388.76
5746.63913628 7092.82
5748.38106047 6741.04
5750.12298466 6706.05
5751.86490885 7031.81
5753.60683305 7259.84
5755.34875724 7282.35
5757.09068143 7360.55
5758.83260562 7502.29
5760.57452982 7593.39
5762.31645401 7526.05
5764.0583782 7159.37
5765.80030239 6661.2
5767.54222658 6451.17
5769.28415078 6688.46
5771.02607497 7121.76
5772.76799916 7362.14
5774.50992335 7214.83
5776.25184755 6800.26
5777.99377174 6427.18
5779.73569593 6369.5
5781.47762012 6778.91
5783.21954431 7497.13
5784.96146851 7874.62
5786.7033927 7580.97
5788.44531689 7170.58
5790.18724108 6935.15
5791.92916527 6527.55
5793.67108947 6106.62
5795.41301366 6200.36
5797.15493785 6741.11
5798.89686204 7317.73
5800.63878624 7696.24
5802.38071043 7704.88
5804.12263462 7296.15
5805.86455881 6852.58
5807.606483 6860.15
5809.3484072 7121.15
5811.09033139 7037.56
5812.83225558 6777.97
5814.57417977 6893.35
5816.31610397 7053.61
5818.05802816 6748.7
5819.79995235 6477.7
5821.54187654 6841.41
5823.28380073 7351.83
5825.02572493 7263.87
5826.76764912 6784.27
5828.50957331 6497.04
5830.2514975 6468.26
5831.9934217 6586.03
5833.73534589 6930.64
5835.47727008 7454.03
5837.21919427 7809.28
5838.96111846 7770.28
5840.70304266 7364.03
5842.44496685 6582.22
5844.18689104 5835.48
5845.92881523 5926.45
5847.67073942 6602.91
5849.41266362 6658.27
5851.15458781 6018.23
5852.896512 5931.94
5854.63843619 6899.11
5856.38036039 7949.24
5858.12228458 8042.28
5859.86420877 7320.71
5861.60613296 6651.42
5863.34805715 6284.6
5865.08998135 5980.58
5866.83190554 5893.7
5868.57382973 6032.96
5870.31575392 5948.58
5872.05767812 5827.45
5873.79960231 6417.23
5875.5415265 7377.69
5877.28345069 7575.04
5879.02537488 6998.69
5880.76729908 6328.14
5882.50922327 5697.51
5884.25114746 5266.14
5885.99307165 5233.38
5887.73499585 5334.92
5889.47692004 5541.92
5891.21884423 6087.58
5892.96076842 6616.0
5894.70269261 6660.49
5896.44461681 6464.56
5898.186541 6414.43
5899.92846519 6412.79
5901.67038938 6281.77
5903.41231358 6118.28
5905.15423777 6052.08
5906.89616196 6129.51
5908.63808615 6368.67
5910.38001034 6595.34
5912.12193454 6581.11
5913.86385873 6430.72
5915.60578292 6415.72
5917.34770711 6751.5
5919.0896313 7574.15
5920.8315555 8608.24
5922.57347969 9342.0
5924.31540388 9590.62
5926.05732807 9533.4
5927.79925227 9479.34
5929.54117646 9158.5
5931.28310065 9092.72
5933.02502484 12492.5
5934.76694903 19073.0
5936.50887323 21259.0
5938.25079742 15901.0
5939.99272161 9825.46
5941.7346458 7975.51
5943.47657 8271.11
5945.21849419 8314.8
5946.96041838 8093.76
5948.70234257 7900.7
5950.44426676 7637.69
5952.18619096 7323.69
5953.92811515 7029.29
5955.67003934 6592.76
5957.41196353 6125.58
5959.15388773 6088.1
5960.89581192 6433.17
5962.63773611 6676.96
5964.3796603 6644.8
5966.12158449 6416.1
5967.86350869 6050.97
5969.60543288 5739.7
5971.34735707 5856.03
5973.08928126 6523.68
5974.83120546 7113.53
5976.57312965 6832.95
5978.31505384 5975.51
5980.05697803 5494.18
5981.79890222 5557.01
5983.54082642 5727.93
5985.28275061 5815.58
5987.0246748 5804.12
5988.76659899 5724.02
5990.50852318 5616.6
5992.25044738 5474.77
5993.99237157 5502.88
5995.73429576 5817.58
5997.47621995 6005.17
5999.21814415 5869.14
6000.96006834 5785.01
6002.70199253 5869.13
6004.44391672 5943.01
6006.18584091 6017.99
6007.92776511 6044.68
6009.6696893 5890.47
6011.41161349 5655.55
6013.15353768 5516.75
6014.89546188 5574.76
6016.63738607 5755.26
6018.37931026 5759.47
6020.12123445 5643.62
6021.86315864 5816.94
6023.60508284 6069.84
6025.34700703 5864.19
6027.08893122 5386.76
6028.83085541 5146.74
6030.57277961 5223.15
6032.3147038 5510.58
6034.05662799 6220.04
6035.79855218 7581.13
6037.54047637 8899.78
6039.28240057 9187.64
6041.02432476 8728.5
6042.76624895 8323.02
6044.50817314 8086.71
6046.25009734 7947.5
6047.99202153 7553.6
6049.73394572 6394.78
6051.47586991 5218.75
6053.2177941 5139.76
6054.9597183 5634.36
6056.70164249 5759.28
6058.44356668 5723.91
6060.18549087 5930.93
6061.92741506 6082.92
6063.66933926 5770.86
6065.41126345 5199.81
6067.15318764 4856.05
6068.89511183 4937.03
6070.63703603 5491.83
6072.37896022 6320.79
6074.12088441 6868.66
6075.8628086 6984.5
6077.60473279 7050.92
6079.34665699 7101.52
6081.08858118 6927.44
6082.83050537 6584.7
6084.57242956 5982.56
6086.31435376 5222.03
6088.05627795 4972.49
6089.79820214 5281.03
6091.54012633 5525.94
6093.28205052 5635.15
6095.02397472 5802.58
6096.76589891 5863.75
6098.5078231 5648.19
6100.24974729 5342.32
6101.99167149 5382.23
6103.73359568 5891.3
6105.47551987 6465.81
6107.21744406 6658.23
6108.95936825 6308.7
6110.70129245 5759.78
6112.44321664 5653.02
6114.18514083 5998.89
6115.92706502 6288.37
6117.66898922 6433.3
6119.41091341 6471.46
6121.1528376 6264.09
6122.89476179 6044.77
6124.63668598 6118.77
6126.37861018 6315.62
6128.12053437 6376.8
6129.86245856 6286.67
6131.60438275 6217.24
6133.34630694 6409.78
6135.08823114 6713.25
6136.83015533 6518.17
6138.57207952 5820.39
6140.31400371 5505.04
6142.05592791 5853.58
6143.7978521 6139.22
6145.53977629 6019.7
6147.28170048 5805.77
6149.02362467 5736.83
6150.76554887 5977.21
6152.50747306 6394.88
6154.24939725 6388.83
6155.99132144 5882.43
6157.73324564 5529.73
6159.47516983 5562.19
6161.21709402 5717.52
6162.95901821 5888.62
6164.7009424 5943.1
6166.4428666 5828.07
6168.18479079 5882.06
6169.92671498 6215.17
6171.66863917 6445.3
6173.41056337 6372.01
6175.15248756 6198.67
6176.89441175 6111.4
6178.63633594 6111.59
6180.37826013 6216.1
6182.12018433 6363.12
6183.86210852 6305.87
6185.60403271 6119.02
6187.3459569 6164.24
6189.0878811 6310.93
6190.82980529 6175.6
6192.57172948 5877.97
6194.31365367 5771.54
6196.05557786 5854.73
6197.79750206 5850.37
6199.53942625 5743.59
6201.28135044 5822.01
6203.02327463 6072.83
6204.76519882 6214.3
6206.50712302 6191.0
6208.24904721 6038.31
6209.9909714 5757.2
6211.73289559 5561.38
6213.47481979 5704.4
6215.21674398 6059.64
6216.95866817 6242.21
6218.70059236 6148.83
6220.44251655 6112.96
6222.18444075 6310.57
6223.92636494 6395.66
6225.66828913 6207.22
6227.41021332 6013.22
6229.15213752 5753.42
6230.89406171 5348.23
6232.6359859 5287.54
6234.37791009 5740.13
6236.11983428 6185.89
6237.86175848 6267.55
6239.60368267 6010.8
6241.34560686 5593.45
6243.08753105 5326.59
6244.82945525 5378.57
6246.57137944 5500.05
6248.31330363 5402.96
6250.05522782 5315.71
6251.79715201 5603.25
6253.53907621 6028.67
6255.2810004 6147.97
6257.02292459 6008.69
6258.76484878 5880.27
6260.50677298 5851.14
6262.24869717 5873.37
6263.99062136 5883.19
6265.73254555 5885.85
6267.47446974 5858.58
6269.21639394 5714.97
6270.95831813 5507.09
6272.70024232 5347.02
6274.44216651 5260.69
6276.1840907 5301.53
6277.9260149 5473.68
6279.66793909 5631.91
6281.40986328 5671.54
6283.15178747 5628.77
6284.89371167 5574.13
6286.63563586 5578.95
6288.37756005 5713.14
6290.11948424 5811.42
6291.86140843 5527.55
6293.60333263 5055.29
6295.34525682 5055.86
6297.08718101 5460.92
6298.8291052 5528.94
6300.5710294 5150.36
6302.31295359 4885.08
6304.05487778 5062.38
6305.79680197 5539.21
6307.53872616 5921.77
6309.28065036 5948.4
6311.02257455 5727.83
6312.76449874 5490.95
6314.50642293 5385.5
6316.24834713 5476.18
6317.99027132 5663.65
6319.73219551 5748.3
6321.4741197 5799.74
6323.21604389 6171.96
6324.95796809 6667.51
6326.69989228 6465.03
6328.44181647 5596.56
6330.18374066 5126.66
6331.92566486 5445.05
6333.66758905 5871.59
6335.40951324 5915.81
6337.15143743 5813.85
6338.89336162 5782.89
6340.63528582 5515.13
6342.37721001 4932.35
6344.1191342 4717.39
6345.86105839 5258.24
6347.60298258 5885.44
6349.34490678 5924.5
6351.08683097 5636.68
6352.82875516 5582.02
6354.57067935 5782.05
6356.31260355 5948.89
6358.05452774 6071.9
6359.79645193 6204.96
6361.53837612 6059.64
6363.28030031 5532.1
6365.02222451 5084.41
6366.7641487 5037.07
6368.50607289 5156.15
6370.24799708 5189.53
6371.98992128 5301.95
6373.73184547 5794.32
6375.47376966 6476.02
6377.21569385 6697.32
6378.95761804 6249.75
6380.69954224 5636.34
6382.44146643 5313.56
6384.18339062 5358.82
6385.92531481 5667.86
6387.66723901 5942.5
6389.4091632 5867.44
6391.15108739 5480.77
6392.89301158 5157.63
6394.63493577 5293.09
6396.37685997 5924.4
6398.11878416 6584.38
6399.86070835 6657.67
6401.60263254 6007.63
6403.34455673 5218.25
6405.08648093 4906.05
6406.82840512 5092.54
6408.57032931 5561.42
6410.3122535 6025.83
6412.0541777 6066.82
6413.79610189 5691.4
6415.53802608 5372.79
6417.27995027 5386.71
6419.02187446 5576.41
6420.76379866 5561.2
6422.50572285 5266.37
6424.24764704 5121.46
6425.98957123 5340.68
6427.73149543 5579.27
6429.47341962 5566.77
6431.21534381 5473.91
6432.957268 5478.28
6434.69919219 5460.16
6436.44111639 5369.13
6438.18304058 5411.08
6439.92496477 5712.71
6441.66688896 6057.11
6443.40881316 6066.63
6445.15073735 5824.19
6446.89266154 5784.29
6448.63458573 5858.75
6450.37650992 5636.78
6452.11843412 5290.51
6453.86035831 5302.3
6455.6022825 5695.91
6457.34420669 5969.53
6459.08613089 5715.59
6460.82805508 5183.95
6462.56997927 4946.05
6464.31190346 5112.35
6466.05382765 5252.13
6467.79575185 5073.88
6469.53767604 4914.67
6471.27960023 5246.93
6473.02152442 5823.28
6474.76344861 5942.19
6476.50537281 5485.88
6478.247297 5000.24
6479.98922119 4955.21
6481.73114538 5366.92
6483.47306958 5800.33
6485.21499377 5767.07
6486.95691796 5387.02
6488.69884215 5227.4
6490.44076634 5467.48
6492.18269054 5720.21
6493.92461473 5622.44
6495.66653892 5314.65
6497.40846311 5200.76
6499.15038731 5359.23
6500.8923115 5498.78
6502.63423569 5449.35
6504.37615988 5414.94
6506.11808407 5535.37
6507.86000827 5508.91
6509.60193246 5254.13
6511.34385665 5243.04
6513.08578084 5445.67
6514.82770504 5240.34
6516.56962923 4730.38
6518.31155342 4674.91
6520.05347761 5193.07
6521.7954018 5549.81
6523.537326 5217.27
6525.27925019 4606.1
6527.02117438 4381.43
6528.76309857 4654.95
6530.50502277 5196.13
6532.24694696 5670.04
6533.98887115 5763.19
6535.73079534 5512.61
6537.47271953 5158.13
6539.21464373 4855.08
6540.95656792 4755.26
6542.69849211 4888.19
6544.4404163 4982.78
6546.18234049 4851.68
6547.92426469 4759.03
6549.66618888 4983.09
6551.40811307 5315.28
6553.15003726 5396.98
6554.89196146 5193.2
6556.63388565 4934.81
6558.37580984 4920.08
6560.11773403 5243.56
6561.85965822 5564.09
6563.60158242 5532.58
6565.34350661 5302.93
6567.0854308 5172.29
6568.82735499 5154.57
6570.56927919 5179.93
6572.31120338 5266.69
6574.05312757 5396.35
6575.79505176 5389.83
6577.53697595 5121.91
6579.27890015 4821.39
6581.02082434 4740.46
6582.76274853 4793.43
6584.50467272 4834.91
6586.24659692 4884.52
6587.98852111 5060.21
6589.7304453 5364.24
6591.47236949 5536.44
6593.21429368 5414.86
6594.95621788 5144.05
6596.69814207 4939.56
6598.44006626 5022.41
6600.18199045 5398.12
6601.92391465 5680.23
6603.66583884 5516.71
6605.40776303 5009.37
6607.14968722 4743.3
6608.89161141 5158.12
6610.63353561 5732.45
6612.3754598 5675.94
6614.11738399 5167.81
6615.85930818 4848.43
6617.60123237 4854.27
6619.34315657 4992.09
6621.08508076 5098.04
6622.82700495 5136.22
6624.56892914 5146.02
6626.31085334 5046.76
6628.05277753 4828.35
6629.79470172 4723.02
6631.53662591 4848.92
6633.2785501 5119.86
6635.0204743 5472.9
6636.76239849 5745.09
6638.50432268 5620.14
6640.24624687 5052.42
6641.98817107 4489.48
6643.73009526 4359.19
6645.47201945 4556.88
6647.21394364 4786.17
6648.95586783 4994.65
6650.69779203 5157.64
6652.43971622 5219.11
6654.18164041 5316.54
6655.9235646 5520.93
6657.6654888 5652.33
6659.40741299 5683.04
6661.14933718 5742.3
6662.89126137 5667.51
6664.63318556 5215.2
6666.37510976 4566.72
6668.11703395 4156.65
6669.85895814 4208.49
6671.60088233 4557.15
6673.34280653 4904.65
6675.08473072 5241.62
6676.82665491 5636.01
6678.5685791 5881.91
6680.31050329 5855.43
6682.05242749 5676.46
6683.79435168 5383.89
6685.53627587 4973.99
6687.27820006 4664.85
6689.02012425 4716.12
6690.76204845 4969.01
6692.50397264 4972.42
6694.24589683 4653.72
6695.98782102 4460.0
6697.72974522 4693.93
6699.47166941 5010.96
6701.2135936 4979.57
6702.95551779 4831.85
6704.69744198 4915.25
6706.43936618 4975.83
6708.18129037 4783.67
6709.92321456 4621.6
6711.66513875 4689.38
6713.40706295 4790.45
6715.14898714 4779.57
6716.89091133 4908.42
6718.63283552 5350.7
6720.37475971 5667.75
6722.11668391 5452.18
6723.8586081 4972.17
6725.60053229 4666.65
6727.34245648 4661.15
6729.08438068 4812.51
6730.82630487 4853.06
6732.56822906 4594.88
6734.31015325 4160.36
6736.05207744 4057.22
6737.79400164 4576.52
6739.53592583 5168.28
6741.27785002 5221.07
6743.01977421 4905.11
6744.76169841 4626.48
6746.5036226 4585.97
6748.24554679 4830.17
6749.98747098 5068.0
6751.72939517 5017.75
6753.47131937 4962.09
6755.21324356 5214.72
6756.95516775 5496.31
6758.69709194 5540.93
6760.43901613 5479.19
6762.18094033 5211.68
6763.92286452 4662.1
6765.66478871 4434.02
6767.4067129 4924.56
6769.1486371 5609.21
6770.89056129 5873.71
6772.63248548 5625.61
6774.37440967 5133.15
6776.11633386 4784.1
6777.85825806 4777.96
6779.60018225 5013.21
6781.34210644 5211.8
6783.08403063 5080.27
6784.82595483 4713.08
6786.56787902 4576.84
6788.30980321 4754.89
6790.0517274 4934.84
6791.79365159 5109.04
6793.53557579 5359.98
6795.27749998 5420.9
6797.01942417 5164.6
6798.76134836 4876.16
6800.50327256 4763.19
6802.24519675 4761.75
6803.98712094 4790.95
6805.72904513 4820.9
6807.47096932 4777.35
6809.21289352 4582.24
6810.95481771 4246.92
6812.6967419 3916.9
6814.43866609 3855.66
6816.18059029 4198.53
6817.92251448 4704.21
6819.66443867 4973.17
6821.40636286 4865.39
6823.14828705 4618.24
6824.89021125 4520.52
6826.63213544 4470.58
6828.37405963 4276.94
6830.11598382 4166.84
6831.85790801 4309.15
6833.59983221 4488.57
6835.3417564 4542.99
6837.08368059 4437.95
6838.82560478 4296.72
6840.56752898 4429.96
6842.30945317 4810.37
6844.05137736 5056.15
6845.79330155 5022.97
6847.53522574 4869.95
6849.27714994 4781.98
6851.01907413 4788.99
6852.76099832 4746.1
6854.50292251 4578.75
6856.24484671 4383.45
6857.9867709 4266.84
6859.72869509 4308.46
6861.47061928 4524.42
6863.21254347 4784.01
6864.95446767 4887.26
6866.69639186 4689.58
6868.43831605 4243.53
6870.18024024 3776.21
6871.92216444 3443.86
6873.66408863 3359.24
6875.40601282 3549.3
6877.14793701 3722.87
6878.8898612 3736.02
6880.6317854 3872.5
6882.37370959 4173.51
6884.11563378 4371.05
6885.85755797 4418.72
6887.59948217 4413.52
6889.34140636 4409.86
6891.08333055 4417.27
6892.82525474 4347.5
6894.56717893 4122.73
6896.30910313 3775.37
6898.05102732 3521.39
6899.79295151 3627.1
6901.5348757 3907.21
6903.27679989 3958.0
6905.01872409 3863.1
6906.76064828 3892.66
6908.50257247 4013.87
6910.24449666 4129.51
6911.98642086 4247.88
6913.72834505 4364.53
6915.47026924 4419.69
6917.21219343 4366.73
6918.95411762 4289.14
6920.69604182 4343.75
6922.43796601 4535.28
6924.1798902 4711.77
6925.92181439 4774.13
6927.66373859 4729.64
6929.40566278 4562.94
6931.14758697 4259.26
6932.88951116 3995.63
6934.63143535 3989.44
6936.37335955 4179.3
6938.11528374 4380.56
6939.85720793 4546.7
6941.59913212 4763.43
6943.34105632 5033.8
6945.08298051 5008.67
6946.8249047 4467.4
6948.56682889 3954.39
6950.30875308 4045.66
6952.05067728 4476.05
6953.79260147 4677.21
6955.53452566 4597.27
6957.27644985 4676.07
6959.01837405 5178.42
6960.76029824 5720.19
6962.50222243 5768.2
6964.24414662 5349.98
6965.98607081 4918.34
6967.72799501 4829.61
6969.4699192 5017.1
6971.21184339 5003.86
6972.95376758 4480.01
6974.69569177 3917.33
6976.43761597 4040.58
6978.17954016 4677.58
6979.92146435 5025.83
6981.66338854 4835.26
6983.40531274 4420.63
6985.14723693 4084.87
6986.88916112 4046.35
6988.63108531 4341.85
6990.3730095 4698.6
6992.1149337 4780.13
6993.85685789 4605.34
6995.59878208 4542.61
6997.34070627 4702.71
6999.08263047 4804.11
7000.82455466 4757.89
7002.56647885 4692.98
7004.30840304 4582.33
7006.05032723 4396.39
7007.79225143 4253.95
7009.53417562 4245.73
7011.27609981 4339.67
7013.018024 4398.67
7014.7599482 4397.16
7016.50187239 4479.55
7018.24379658 4551.23
7019.98572077 4433.25
7021.72764496 4393.25
7023.46956916 4666.28
7025.21149335 4949.7
7026.95341754 4944.93
7028.69534173 4731.2
7030.43726592 4500.68
7032.17919012 4337.96
7033.92111431 4178.65
7035.6630385 3910.36
7037.40496269 3583.91
7039.14688689 3509.16
7040.88881108 3961.86
7042.63073527 4709.98
7044.37265946 5164.69
7046.11458365 5034.86
7047.85650785 4550.4
7049.59843204 4226.09
7051.34035623 4408.21
7053.08228042 4851.17
7054.82420462 5069.29
7056.56612881 4973.08
7058.308053 4675.24
7060.04997719 4282.18
7061.79190138 4117.39
7063.53382558 4299.4
7065.27574977 4439.73
7067.01767396 4343.06
7068.75959815 4205.47
7070.50152235 4049.9
7072.24344654 3812.9
7073.98537073 3690.03
7075.72729492 3781.03
7077.46921911 3923.45
7079.21114331 4094.19
7080.9530675 4307.18
7082.69499169 4372.53
7084.43691588 4302.92
7086.17884008 4361.2
7087.92076427 4502.42
7089.66268846 4388.36
7091.40461265 3992.26
7093.14653684 3818.19
7094.88846104 4234.77
7096.63038523 4807.0
7098.37230942 4939.94
7100.11423361 4801.81
7101.8561578 4805.37
7103.598082 4768.09
7105.34000619 4406.15
7107.08193038 4040.79
7108.82385457 4051.24
7110.56577877 4284.7
7112.30770296 4472.51
7114.04962715 4501.91
7115.79155134 4294.05
7117.53347553 4031.01
7119.27539973 4078.07
7121.01732392 4323.08
7122.75924811 4296.02
7124.5011723 4106.28
7126.2430965 4373.63
7127.98502069 5097.18
7129.72694488 5486.62
7131.46886907 5187.22
7133.21079326 4837.21
7134.95271746 4903.74
7136.69464165 4934.24
7138.43656584 4633.08
7140.17849003 4645.13
7141.92041423 5417.09
7143.66233842 6035.72
7145.40426261 5535.78
7147.1461868 4660.52
7148.88811099 4432.05
7150.63003519 4421.59
7152.37195938 4157.53
7154.11388357 4044.14
7155.85580776 4268.52
7157.59773196 4596.97
7159.33965615 4747.31
7161.08158034 4524.32
7162.82350453 4269.64
7164.56542872 4451.59
7166.30735292 4772.21
7168.04927711 4713.15
7169.7912013 4401.18
7171.53312549 4269.87
7173.27504968 4496.06
7175.01697388 4862.75
7176.75889807 4864.21
7178.50082226 4395.46
7180.24274645 4205.12
7181.98467065 4743.64
7183.72659484 5233.48
7185.46851903 4983.09
7187.21044322 4439.86
7188.95236741 4159.17
7190.69429161 4071.9
7192.4362158 4063.76
7194.17813999 4267.21
7195.92006418 4592.1
7197.66198838 4613.59
7199.40391257 4323.16
7201.14583676 4195.81
7202.88776095 4253.11
7204.62968514 4232.0
7206.37160934 4309.61
7208.11353353 4612.15
7209.85545772 4832.68
7211.59738191 4790.09
7213.33930611 4665.92
7215.0812303 4648.97
7216.82315449 4642.12
7218.56507868 4425.89
7220.30700287 4124.25
7222.04892707 4123.58
7223.79085126 4372.17
7225.53277545 4331.84
7227.27469964 3862.79
7229.01662384 3502.28
7230.75854803 3642.87
7232.50047222 4102.92
7234.24239641 4494.07
7235.9843206 4527.61
7237.7262448 4234.29
7239.46816899 3942.91
7241.21009318 3795.07
7242.95201737 3603.36
7244.69394156 3352.17
7246.43586576 3471.12
7248.17778995 4221.5
7249.91971414 5014.55
7251.66163833 5040.18
7253.40356253 4374.19
7255.14548672 3770.47
7256.88741091 3759.25
7258.6293351 4249.67
7260.37125929 4540.21
7262.11318349 4128.57
7263.85510768 3593.61
7265.59703187 3642.25
7267.33895606 4024.25
7269.08088026 4324.84
7270.82280445 4462.16
7272.56472864 4239.62
7274.30665283 3673.66
7276.04857702 3290.0
7277.79050122 3431.74
7279.53242541 3809.81
7281.2743496 3961.82
7283.01627379 3866.07
7284.75819799 3858.99
7286.50012218 3989.11
7288.24204637 3932.95
7289.98397056 3715.66
7291.72589475 3825.66
7293.46781895 4344.55
7295.20974314 4734.64
7296.95166733 4670.45
7298.69359152 4380.9
7300.43551572 4129.68
7302.17743991 3920.18
7303.9193641 3741.43
7305.66128829 3754.02
7307.40321248 4162.05
7309.14513668 4846.85
7310.88706087 5186.93
7312.62898506 4742.32
7314.37090925 3997.36
7316.11283344 3688.81
7317.85475764 3728.07
7319.59668183 3622.67
7321.33860602 3502.67
7323.08053021 3809.57
7324.82245441 4338.27
7326.5643786 4519.16
7328.30630279 4343.13
7330.04822698 4196.69
7331.79015117 4175.94
7333.53207537 4104.58
7335.27399956 3884.64
7337.01592375 3694.77
7338.75784794 3806.98
7340.49977214 4094.53
7342.24169633 4193.5
7343.98362052 4115.56
7345.72554471 4121.94
7347.4674689 4250.58
7349.2093931 4346.11
7350.95131729 4352.48
7352.69324148 4326.14
7354.43516567 4240.92
7356.17708987 4119.6
7357.91901406 4238.64
7359.66093825 4744.84
7361.40286244 5193.52
7363.14478663 5025.15
7364.88671083 4403.25
7366.62863502 3863.67
7368.37055921 3502.19
7370.1124834 3268.11
7371.8544076 3350.36
7373.59633179 3718.45
7375.33825598 3963.72
7377.08018017 3910.59
7378.82210436 3806.46
7380.56402856 3707.15
7382.30595275 3451.31
7384.04787694 3309.87
7385.78980113 3643.13
7387.53172532 4102.27
7389.27364952 4160.83
7391.01557371 3935.45
7392.7574979 3788.33
7394.49942209 3853.43
7396.24134629 4196.13
7397.98327048 4646.27
7399.72519467 4692.47
7401.46711886 4206.19
7403.20904305 3701.51
7404.95096725 3511.82
7406.69289144 3446.62
7408.43481563 3367.87
7410.17673982 3421.19
7411.91866402 3609.24
7413.66058821 3703.01
7415.4025124 3653.72
7417.14443659 3548.95
7418.88636078 3404.76
7420.62828498 3406.43
7422.37020917 3699.24
7424.11213336 4015.1
7425.85405755 4198.63
7427.59598175 4411.3
7429.33790594 4562.03
7431.07983013 4422.11
7432.82175432 4021.08
7434.56367851 3605.61
7436.30560271 3533.44
7438.0475269 3794.69
7439.78945109 3930.76
7441.53137528 3892.69
7443.27329948 4000.67
7445.01522367 4081.7
7446.75714786 3780.33
7448.49907205 3403.14
7450.24099624 3533.63
7451.98292044 4070.96
7453.72484463 4387.69
7455.46676882 4212.42
7457.20869301 3783.39
7458.9506172 3480.59
7460.6925414 3658.24
7462.43446559 4283.88
7464.17638978 4603.52
7465.91831397 4034.66
7467.66023817 3194.63
7469.40216236 2986.11
7471.14408655 3402.36
7472.88601074 3908.41
7474.62793493 3996.2
7476.36985913 3521.09
7478.11178332 3058.0
7479.85370751 3135.32
7481.5956317 3425.86
7483.3375559 3559.04
7485.07948009 3682.92
7486.82140428 3781.45
7488.56332847 3634.97
7490.30525266 3359.76
7492.04717686 3208.49
7493.78910105 3189.97
7495.53102524 3272.03
7497.27294943 3535.35
7499.01487363 3871.47
7500.75679782 4056.24
7502.49872201 4093.11
7504.2406462 4041.14
7505.98257039 3942.16
7507.72449459 3929.62
7509.46641878 3912.92
7511.20834297 3631.53
7512.95026716 3293.96
7514.69219136 3411.13
7516.43411555 3908.15
7518.17603974 4255.37
7519.91796393 4280.62
7521.65988812 4094.98
7523.40181232 3842.04
7525.14373651 3767.62
7526.8856607 3795.58
7528.62758489 3546.61
7530.36950908 3122.0
7532.11143328 2962.05
7533.85335747 3111.66
7535.59528166 3313.19
7537.33720585 3441.13
7539.07913005 3543.67
7540.82105424 3632.95
7542.56297843 3617.01
7544.30490262 3474.14
7546.04682681 3348.67
7547.78875101 3553.78
7549.5306752 4295.46
7551.27259939 5120.05
7553.01452358 5204.41
7554.75644778 4368.22
7556.49837197 3275.54
7558.24029616 2741.56
7559.98222035 3047.37
7561.72414454 3808.3
7563.46606874 4375.69
7565.20799293 4269.9
7566.94991712 3589.17
7568.69184131 3088.98
7570.43376551 3349.99
7572.1756897 4013.2
7573.91761389 4242.79
7575.65953808 3829.44
7577.40146227 3428.55
7579.14338647 3504.12
7580.88531066 3744.85
7582.62723485 3809.37
7584.36915904 3728.08
7586.11108323 3568.77
7587.85300743 3383.13
7589.59493162 3263.39
7591.33685581 3230.89
7593.07878 3197.72
7594.8207042 3031.85
7596.56262839 2662.45
7598.30455258 2136.84
7600.04647677 1634.06
7601.78840096 1305.95
7603.53032516 1117.73
7605.27224935 1156.21
7607.01417354 1606.07
7608.75609773 2172.51
7610.49802193 2371.76
7612.23994612 2246.44
7613.98187031 2128.57
7615.7237945 2146.97
7617.46571869 2275.09
7619.20764289 2424.93
7620.94956708 2433.28
7622.69149127 2287.08
7624.43341546 2204.95
7626.17533966 2306.56
7627.91726385 2464.13
7629.65918804 2429.52
7631.40111223 2137.69
7633.14303642 1992.47
7634.88496062 2306.76
7636.62688481 2736.86
7638.368809 2924.4
7640.11073319 2922.86
7641.85265739 2818.6
7643.59458158 2766.74
7645.33650577 2971.31
7647.07842996 3275.59
7648.82035415 3357.03
7650.56227835 3125.72
7652.30420254 2812.44
7654.04612673 2852.82
7655.78805092 3231.17
7657.52997511 3392.52
7659.27189931 3234.3
7661.0138235 3141.61
7662.75574769 3135.87
7664.49767188 3024.27
7666.23959608 2884.01
7667.98152027 2828.26
7669.72344446 2891.69
7671.46536865 3140.93
7673.20729284 3442.68
7674.94921704 3552.35
7676.69114123 3501.0
7678.43306542 3419.01
7680.17498961 3282.2
7681.91691381 3071.31
7683.658838 2993.76
7685.40076219 3365.62
7687.14268638 4035.11
7688.88461057 4390.38
7690.62653477 4258.89
7692.36845896 4043.33
7694.11038315 3922.61
7695.85230734 3718.95
7697.59423154 3467.54
7699.33615573 3451.85
7701.07807992 3670.28
7702.82000411 3791.7
7704.5619283 3738.75
7706.3038525 3773.33
7708.04577669 3895.45
7709.78770088 3811.67
7711.52962507 3502.8
7713.27154927 3227.24
7715.01347346 3135.87
7716.75539765 3312.87
7718.49732184 3799.77
7720.23924603 4221.26
7721.98117023 4109.55
7723.72309442 3696.04
7725.46501861 3494.32
7727.2069428 3515.08
7728.94886699 3496.52
7730.69079119 3389.57
7732.43271538 3390.88
7734.17463957 3572.86
7735.91656376 3726.83
7737.65848796 3731.88
7739.40041215 3592.3
7741.14233634 3286.42
7742.88426053 3027.06
7744.62618472 3119.47
7746.36810892 3464.3
7748.11003311 3688.02
7749.8519573 3603.4
7751.59388149 3333.71
7753.33580569 3158.4
7755.07772988 3289.15
7756.81965407 3653.52
7758.56157826 4009.02
7760.30350245 4311.39
7762.04542665 4528.74
7763.78735084 4410.37
7765.52927503 3983.52
7767.27119922 3594.46
7769.01312342 3430.8
7770.75504761 3584.68
7772.4969718 3985.88
7774.23889599 4234.79
7775.98082018 4085.84
7777.72274438 3715.61
7779.46466857 3439.3
7781.20659276 3441.8
7782.94851695 3571.66
7784.69044115 3579.39
7786.43236534 3575.93
7788.17428953 3720.31
7789.91621372 3913.12
7791.65813791 4249.64
7793.40006211 4806.87
7795.1419863 5069.52
7796.88391049 4772.87
7798.62583468 4494.67
7800.36775887 4511.39
7802.10968307 4404.77
7803.85160726 4070.57
7805.59353145 3849.45
7807.33545564 3846.99
7809.07737984 3822.9
7810.81930403 3533.41
7812.56122822 3084.0
7814.30315241 2892.8
7816.0450766 3104.78
7817.7870008 3329.11
7819.52892499 3247.83
7821.27084918 3140.96
7823.01277337 3351.88
7824.75469757 3626.21
7826.49662176 3601.77
7828.23854595 3364.63
7829.98047014 3059.36
7831.72239433 2728.91
7833.46431853 2571.1
7835.20624272 2693.14
7836.94816691 3002.58
7838.6900911 3506.4
7840.4320153 4082.16
7842.17393949 4286.55
7843.91586368 3939.0
7845.65778787 3460.62
7847.39971206 3411.61
7849.14163626 3910.17
7850.88356045 4544.66
7852.62548464 4781.34
7854.36740883 4442.15
7856.10933303 3885.57
7857.85125722 3553.01
7859.59318141 3402.02
7861.3351056 3300.87
7863.07702979 3365.74
7864.81895399 3404.08
7866.56087818 3230.85
7868.30280237 3286.14
7870.04472656 3571.02
7871.78665075 3283.87
7873.52857495 2528.22
7875.27049914 2472.59
7877.01242333 3320.64
7878.75434752 4067.95
7880.49627172 4236.45
7882.23819591 4062.02
7883.9801201 3626.66
7885.72204429 3143.47
7887.46396848 3038.4
7889.20589268 3295.32
7890.94781687 3537.39
7892.68974106 3545.08
7894.43166525 3484.22
7896.17358945 3663.62
7897.91551364 3972.4
7899.65743783 4010.12
7901.39936202 3689.93
7903.14128621 3312.61
7904.88321041 3265.73
7906.6251346 3551.35
7908.36705879 3704.64
7910.10898298 3498.78
7911.85090718 3218.82
7913.59283137 3064.92
7915.33475556 2928.77
7917.07667975 2870.3
7918.81860394 3117.33
7920.56052814 3437.88
7922.30245233 3449.13
7924.04437652 3464.04
7925.78630071 3781.26
7927.52822491 3941.97
7929.2701491 3805.92
7931.01207329 3788.44
7932.75399748 3872.62
7934.49592167 3852.45
7936.23784587 3692.46
7937.97977006 3384.72
7939.72169425 3214.9
7941.46361844 3314.32
7943.20554263 3320.63
7944.94746683 3298.06
7946.68939102 3585.81
7948.43131521 3797.75
7950.1732394 3501.91
7951.9151636 3062.04
7953.65708779 2976.87
7955.39901198 3349.42
7957.14093617 3972.4
7958.88286036 4379.74
7960.62478456 4314.05
7962.36670875 4141.07
7964.10863294 4291.57
7965.85055713 4608.01
7967.59248133 4616.54
7969.33440552 4361.95
7971.07632971 4518.68
7972.8182539 5115.54
7974.56017809 5137.28
7976.30210229 4331.53
7978.04402648 3891.71
7979.78595067 4600.29
7981.52787486 5657.78
7983.26979906 5852.41
7985.01172325 5109.17
7986.75364744 4313.16
7988.49557163 4054.34
7990.23749582 4227.61
7991.97942002 4463.33
7993.72134421 4315.88
7995.4632684 3623.08
7997.20519259 3141.63
7998.94711679 3752.62
8000.68904098 4956.72
8002.43096517 5505.35
8004.17288936 5062.35
8005.91481355 4299.2
8007.65673775 4144.06
8009.39866194 4976.18
8011.14058613 6013.67
8012.88251032 6238.88
8014.62443451 5834.25
8016.36635871 5881.38
8018.1082829 7030.12
8019.85020709 8740.25
8021.59213128 9769.63
8023.33405548 9549.94
8025.07597967 8673.36
8026.81790386 7859.47
8028.55982805 7143.11
8030.30175224 6357.96
8032.04367644 5768.03
8033.78560063 5708.71
8035.52752482 5907.56
8037.26944901 5752.71
8039.01137321 5294.15
8040.7532974 5260.95
8042.49522159 5768.24
8044.23714578 6112.42
8045.97906997 6036.17
8047.72099417 5783.65
8049.46291836 5248.22
8051.20484255 4335.09
8052.94676674 3573.19
8054.68869094 3461.15
8056.43061513 3698.72
8058.17253932 3815.03
8059.91446351 3882.88
8061.6563877 3953.89
8063.3983119 3845.89
8065.14023609 3706.35
8066.88216028 3713.95
8068.62408447 3687.41
8070.36600867 3595.23
8072.10793286 3633.2
8073.84985705 3803.25
8075.59178124 3933.32
8077.33370543 3888.13
8079.07562963 3784.58
8080.81755382 3821.29
8082.55947801 3787.64
8084.3014022 3466.99
8086.04332639 3238.33
8087.78525059 3494.81
8089.52717478 4078.67
8091.26909897 4601.05
8093.01102316 4763.54
8094.75294736 4504.41
8096.49487155 3995.78
8098.23679574 3430.45
8099.97871993 3038.99
8101.72064412 3056.51
8103.46256832 3488.25
8105.20449251 4057.98
8106.9464167 4287.97
8108.68834089 3930.39
8110.43026509 3317.4
8112.17218928 2893.17
8113.91411347 2770.12
8115.65603766 2871.18
8117.39796185 3065.14
8119.13988605 3236.96
8120.88181024 3426.15
8122.62373443 3635.12
8124.36565862 3568.62
8126.10758282 3120.75
8127.84950701 2844.99
8129.5914312 3163.07
8131.33335539 3572.79
8133.07527958 3478.01
8134.81720378 3164.2
8136.55912797 3086.89
8138.30105216 2978.88
8140.04297635 2656.5
8141.78490055 2741.91
8143.52682474 3456.61
8145.26874893 3922.3
8147.01067312 3631.19
8148.75259731 3227.59
8150.49452151 3283.63
8152.2364457 3487.61
8153.97836989 3377.79
8155.72029408 3206.67
8157.46221827 3487.77
8159.20414247 3997.05
8160.94606666 4176.71
8162.68799085 4103.32
8164.42991504 4129.55
8166.17183924 4260.16
8167.91376343 4320.48
8169.65568762 4127.3
8171.39761181 3742.11
8173.139536 3621.02
8174.8814602 3798.78
8176.62338439 3702.97
8178.36530858 3360.05
8180.10723277 3321.15
8181.84915697 3412.82
8183.59108116 3111.76
8185.33300535 2643.04
8187.07492954 2585.82
8188.81685373 2930.92
8190.55877793 3172.38
8192.30070212 3064.3
8194.04262631 2850.29
8195.7845505 2756.66
8197.5264747 2698.81
8199.26839889 2582.1
8201.01032308 2562.41
8202.75224727 2891.16
8204.49417146 3485.58
8206.23609566 3830.58
8207.97801985 3633.31
8209.71994404 3229.32
8211.46186823 3035.0
8213.20379242 3113.18
8214.94571662 3304.1
8216.68764081 3395.34
8218.429565 3319.72
8220.17148919 3143.1
8221.91341339 2906.83
8223.65533758 2799.51
8225.39726177 3061.42
8227.13918596 3554.54
8228.88111015 3822.99
8230.62303435 3578.49
8232.36495854 3189.22
8234.10688273 3393.16
8235.84880692 4083.85
8237.59073112 4236.4
8239.33265531 3547.57
8241.0745795 2948.72
8242.81650369 3116.06
8244.55842788 3625.26
8246.30035208 3731.15
8248.04227627 3223.81
8249.78420046 2556.34
8251.52612465 2317.7
8253.26804885 2552.79
8255.00997304 2851.85
8256.75189723 2965.28
8258.49382142 2950.49
8260.23574561 2941.66
8261.97766981 3000.75
8263.719594 3074.63
8265.46151819 3161.76
8267.20344238 3334.41
8268.94536658 3399.89
8270.68729077 3151.48
8272.42921496 2857.97
8274.17113915 2741.88
8275.91306334 2665.06
8277.65498754 2697.82
8279.39691173 2948.36
8281.13883592 3117.34
8282.88076011 3061.88
8284.6226843 3043.16
8286.3646085 3109.56
8288.10653269 3022.79
8289.84845688 2733.39
8291.59038107 2597.11
8293.33230527 3089.15
8295.07422946 3971.62
8296.81615365 4308.58
8298.55807784 3926.24
8300.30000203 3589.54
8302.04192623 3520.29
8303.78385042 3453.52
8305.52577461 3587.78
8307.2676988 3927.16
8309.009623 3884.21
8310.75154719 3388.86
8312.49347138 2975.28
8314.23539557 2758.77
8315.97731976 2605.51
8317.71924396 2687.58
8319.46116815 3079.02
8321.20309234 3610.25
8322.94501653 4045.98
8324.68694073 3963.42
8326.42886492 3263.3
8328.17078911 2555.79
8329.9127133 2272.35
8331.65463749 2273.33
8333.39656169 2498.06
8335.13848588 2792.08
8336.88041007 2615.41
8338.62233426 2120.75
8340.36425846 2227.72
8342.10618265 2798.01
8343.84810684 2710.37
8345.59003103 1900.2
8347.33195522 1323.6
8349.07387942 1421.26
8350.81580361 1971.01
8352.5577278 2609.23
8354.29965199 2884.48
8356.04157618 2584.51
8357.78350038 2124.33
8359.52542457 2073.6
8361.26734876 2445.46
8363.00927295 2763.8
8364.75119715 2718.06
8366.49312134 2528.79
8368.23504553 2574.13
8369.97696972 2851.92
8371.71889391 2996.5
8373.46081811 2838.2
8375.2027423 2795.17
8376.94466649 3233.72
8378.68659068 3701.12
8380.42851488 3590.53
8382.17043907 3023.42
8383.91236326 2559.19
8385.65428745 2662.38
8387.39621164 3314.81
8389.13813584 3858.86
8390.88006003 3702.93
8392.62198422 2985.35
8394.36390841 2193.07
8396.10583261 1620.75
8397.8477568 1478.95
8399.58968099 1938.32
8401.33160518 2695.05
8403.07352937 3129.76
8404.81545357 3086.16
8406.55737776 2858.99
8408.29930195 2662.08
8410.04122614 2564.97
8411.78315034 2538.36
8413.52507453 2429.02
8415.26699872 2080.02
8417.00892291 1514.94
8418.7508471 1139.83
8420.4927713 1397.52
8422.23469549 2039.06
8423.97661968 2639.22
8425.71854387 3421.41
8427.46046806 4340.94
8429.20239226 4769.34
8430.94431645 4783.02
8432.68624064 4769.06
8434.42816483 4497.16
8436.17008903 4097.0
8437.91201322 4008.84
8439.65393741 3860.26
8441.3958616 3354.7
8443.13778579 2924.62
8444.87970999 2539.37
8446.62163418 1946.13
8448.36355837 1785.66
8450.10548256 2430.95
8451.84740676 2983.22
8453.58933095 2854.73
8455.33125514 2665.96
8457.07317933 2848.08
8458.81510352 2921.75
8460.55702772 2556.01
8462.29895191 2169.18
8464.0408761 2187.79
8465.78280029 2535.8
8467.52472449 2898.2
8469.26664868 3022.66
8471.00857287 2976.11
8472.75049706 3052.39
8474.49242125 3233.33
8476.23434545 3257.41
8477.97626964 3139.27
8479.71819383 3032.09
8481.46011802 3035.47
8483.20204222 3276.38
8484.94396641 3502.3
8486.6858906 3249.05
8488.42781479 2834.0
8490.16973898 2906.04
8491.91166318 3201.32
8493.65358737 3052.99
8495.39551156 2545.83
8497.13743575 2239.91
8498.87935994 2208.11
8500.62128414 2006.96
8502.36320833 1552.47
8504.10513252 1345.83
8505.84705671 1634.15
8507.58898091 2092.66
8509.3309051 2449.94
8511.07282929 2741.28
8512.81475348 2892.26
8514.55667767 2699.08
8516.29860187 2440.52
8518.04052606 2619.0
8519.78245025 2956.2
8521.52437444 2909.09
8523.26629864 2746.06
8525.00822283 2858.72
8526.75014702 2981.44
8528.49207121 2890.93
8530.2339954 2851.72
8531.9759196 2985.6
8533.71784379 3083.14
8535.45976798 3192.72
8537.20169217 3415.21
8538.94361637 3369.39
8540.68554056 3053.35
8542.42746475 3220.93
8544.16938894 3842.92
8545.91131313 3928.07
8547.65323733 3281.21
8549.39516152 2517.61
8551.13708571 1920.43
8552.8790099 1756.46
8554.6209341 2216.7
8556.36285829 2635.2
8558.10478248 2498.58
8559.84670667 2279.08
8561.58863086 2368.19
8563.33055506 2760.35
8565.07247925 3322.18
8566.81440344 3525.47
8568.55632763 3050.44
8570.29825182 2355.2
8572.04017602 2024.54
8573.78210021 2176.59
8575.5240244 2431.58
8577.26594859 2341.37
8579.00787279 2072.61
8580.74979698 2236.61
8582.49172117 2837.14
8584.23364536 3103.31
8585.97556955 2772.27
8587.71749375 2589.86
8589.45941794 2957.17
8591.20134213 3251.57
8592.94326632 3007.5
8594.68519052 2613.13
8596.42711471 2505.01
8598.1690389 2601.78
8599.91096309 2636.58
8601.65288728 2430.51
8603.39481148 2152.25
8605.13673567 2351.48
8606.87865986 3021.08
8608.62058405 3412.04
8610.36250825 3331.93
8612.10443244 3379.87
8613.84635663 3869.36
8615.58828082 4510.2
8617.33020501 4901.85
8619.07212921 4641.96
8620.8140534 3491.65
8622.55597759 2303.61
8624.29790178 2489.48
8626.03982598 3793.45
8627.78175017 4621.48
8629.52367436 4426.99
8631.26559855 3727.25
8633.00752274 2987.74
8634.74944694 2755.1
8636.49137113 3199.19
8638.23329532 3502.93
8639.97521951 3144.1
8641.7171437 2658.69
8643.4590679 2439.59
8645.20099209 2332.7
8646.94291628 2311.68
8648.68484047 2458.77
8650.42676467 2691.65
8652.16868886 2733.14
8653.91061305 2349.53
8655.65253724 1884.52
8657.39446143 1870.84
8659.13638563 2105.38
8660.87830982 2132.27
8662.62023401 2135.19
8664.3621582 2471.3
8666.1040824 2926.78
8667.84600659 3042.88
8669.58793078 2902.93
8671.32985497 3046.38
8673.07177916 3571.26
8674.81370336 3964.41
8676.55562755 3881.42
8678.29755174 3545.41
8680.03947593 3377.66
8681.78140013 3431.91
8683.52332432 3351.7
8685.26524851 3053.88
8687.0071727 2906.57
8688.74909689 2911.8
8690.49102109 2642.54
8692.23294528 2210.19
8693.97486947 2150.6
8695.71679366 2471.04
8697.45871786 2857.16
8699.20064205 3194.69
8700.94256624 3317.26
8702.68449043 3051.88
8704.42641462 2532.52
8706.16833882 2138.62
8707.91026301 2161.84
8709.6521872 2387.45
8711.39411139 2406.59
8713.13603558 2255.63
8714.87795978 2093.91
8716.61988397 1904.31
8718.36180816 1870.98
8720.10373235 2163.3
8721.84565655 2524.4
8723.58758074 2740.67
8725.32950493 2904.35
8727.07142912 3016.25
8728.81335331 2995.4
8730.55527751 2875.88
8732.2972017 2717.05
8734.03912589 2560.07
8735.78105008 2417.21
8737.52297428 2335.35
8739.26489847 2404.57
8741.00682266 2587.84
8742.74874685 2789.98
8744.49067104 2944.94
8746.23259524 3059.77
8747.97451943 3370.65
8749.71644362 3955.72
8751.45836781 4453.73
8753.20029201 4612.4
8754.9422162 4296.52
8756.68414039 3304.9
8758.42606458 2170.34
8760.16798877 1755.05
8761.90991297 1816.87
8763.65183716 1918.42
8765.39376135 2296.02
8767.13568554 2350.82
8768.87760973 1403.37
8770.61953393 946.405
8772.36145812 2291.14
8774.10338231 3825.65
8775.8453065 3943.92
8777.5872307 3477.87
8779.32915489 3358.19
8781.07107908 3213.63
8782.81300327 2865.92
8784.55492746 2774.58
8786.29685166 2877.35
8788.03877585 2704.52
8789.78070004 2501.2
8791.52262423 2683.06
8793.26454843 2895.83
8795.00647262 2746.16
8796.74839681 2468.27
8798.490321 2422.62
8800.23224519 2547.38
8801.97416939 2533.65
8803.71609358 2349.84
8805.45801777 2234.51
8807.19994196 2283.98
8808.94186616 2293.81
8810.68379035 2089.89
8812.42571454 1923.11
8814.16763873 2130.1
8815.90956292 2701.61
8817.65148712 3404.32
8819.39341131 3795.93
8821.1353355 3467.88
8822.87725969 2744.85
8824.61918389 2621.99
8826.36110808 3320.64
8828.10303227 3725.78
8829.84495646 3561.6
8831.58688065 3855.48
8833.32880485 4289.67
8835.07072904 3744.94
8836.81265323 2619.89
8838.55457742 1799.12
8840.29650161 1582.69
8842.03842581 2098.86
8843.78035 2868.89
8845.52227419 3006.98
8847.26419838 2464.83
8849.00612258 1897.69
8850.74804677 1621.08
8852.48997096 1574.31
8854.23189515 1638.06
8855.97381934 1583.06
8857.71574354 1528.95
8859.45766773 1925.2
8861.19959192 2403.83
8862.94151611 2234.18
8864.68344031 1841.94
8866.4253645 2005.21
8868.16728869 2470.06
8869.90921288 2661.78
8871.65113707 2630.37
8873.39306127 2677.93
8875.13498546 2817.71
8876.87690965 2900.2
8878.61883384 2970.96
8880.36075804 3150.15
8882.10268223 3240.1
8883.84460642 3070.55
8885.58653061 2904.02
8887.3284548 2799.25
8889.070379 2516.46
8890.81230319 2340.12
8892.55422738 2603.01
8894.29615157 2967.24
8896.03807577 3372.06
8897.77999996 4051.87
8899.52192415 4165.27
8901.26384834 2843.14
8903.00577253 1201.54
8904.74769673 748.908
8906.48962092 1024.19
8908.23154511 1094.69
8909.9734693 1451.41
8911.71539349 2529.99
8913.45731769 3390.24
8915.19924188 3139.27
8916.94116607 2215.92
8918.68309026 1543.15
8920.42501446 1323.49
8922.16693865 1372.14
8923.90886284 1807.2
8925.65078703 2525.96
8927.39271122 2952.21
8929.13463542 2917.66
8930.87655961 2670.26
8932.6184838 2160.16
8934.36040799 1628.19
8936.10233219 1880.27
8937.84425638 2788.24
8939.58618057 3171.97
8941.32810476 2787.89
8943.07002895 2620.75
8944.81195315 3118.47
8946.55387734 3587.18
8948.29580153 3277.14
8950.03772572 2255.31
8951.77964992 1373.39
8953.52157411 1595.42
8955.2634983 2791.79
8957.00542249 3632.76
8958.74734668 3533.12
8960.48927088 3277.64
8962.23119507 3298.05
8963.97311926 3432.48
8965.71504345 3718.8
8967.45696765 3879.86
8969.19889184 3497.18
8970.94081603 2906.23
8972.68274022 2679.52
8974.42466441 2868.99
8976.16658861 3280.6
8977.9085128 3862.08
8979.65043699 4336.16
8981.39236118 4006.5
8983.13428537 2951.5
8984.87620957 2320.22
8986.61813376 2459.71
8988.36005795 2396.81
8990.10198214 1718.02
8991.84390634 1454.98
8993.58583053 2412.28
8995.32775472 3755.45
8997.06967891 4099.45
8998.8116031 3119.07
9000.5535273 1806.59
9002.29545149 1387.53
9004.03737568 1851.78
9005.77929987 2236.84
9007.52122407 2247.92
9009.26314826 2307.49
9011.00507245 2480.25
9012.74699664 2627.42
9014.48892083 2769.35
9016.23084503 2668.24
9017.97276922 2149.1
9019.71469341 1618.43
9021.4566176 1512.52
9023.1985418 1711.93
9024.94046599 1759.92
9026.68239018 1612.18
9028.42431437 1764.93
9030.16623856 2284.8
9031.90816276 2697.13
9033.65008695 2922.19
9035.39201114 3008.14
9037.13393533 2630.75
9038.87585953 2032.5
9040.61778372 1988.61
9042.35970791 2353.85
9044.1016321 2492.34
9045.84355629 2462.07
9047.58548049 2377.09
9049.32740468 2189.5
9051.06932887 2259.32
9052.81125306 2695.66
9054.55317725 2984.48
9056.29510145 2897.02
9058.03702564 2809.96
9059.77894983 2918.5
9061.52087402 2892.75
9063.26279822 2607.1
9065.00472241 2419.03
9066.7466466 2553.84
9068.48857079 2847.3
9070.23049498 2882.79
9071.97241918 2485.38
9073.71434337 2191.26
9075.45626756 2278.35
9077.19819175 2176.49
9078.94011595 1836.79
9080.68204014 1869.91
9082.42396433 2227.94
9084.16588852 2384.97
9085.90781271 2217.4
9087.64973691 2129.36
9089.3916611 2450.81
9091.13358529 2764.35
9092.87550948 2728.76
9094.61743368 2884.31
9096.35935787 3293.42
9098.10128206 3102.76
9099.84320625 2291.04
9101.58513044 1731.66
9103.32705464 1699.26
9105.06897883 1859.86
9106.81090302 1953.73
9108.55282721 1994.06
9110.29475141 2171.92
9112.0366756 2383.59
9113.77859979 2313.84
9115.52052398 2078.14
9117.26244817 1974.52
9119.00437237 1934.96
9120.74629656 1875.73
9122.48822075 1985.67
9124.23014494 2186.03
9125.97206913 2082.89
9127.71399333 1771.99
9129.45591752 1718.36
9131.19784171 1907.23
9132.9397659 2054.96
9134.6816901 2191.3
9136.42361429 2480.91
9138.16553848 2851.48
9139.90746267 2986.49
9141.64938686 2843.77
9143.39131106 2853.26
9145.13323525 3026.55
9146.87515944 2688.43
9148.61708363 1630.71
9150.35900783 563.261
9152.10093202 325.446
9153.84285621 1074.2
9155.5847804 1977.55
9157.32670459 2196.19
9159.06862879 2054.95
9160.81055298 2169.49
9162.55247717 2353.74
9164.29440136 2265.96
9166.03632556 2005.98
9167.77824975 1854.89
9169.52017394 1979.73
9171.26209813 2233.65
9173.00402232 2304.81
9174.74594652 2160.29
9176.48787071 2133.23
9178.2297949 2523.88
9179.97171909 3026.62
9181.71364329 2878.33
9183.45556748 1990.54
9185.19749167 1156.76
9186.93941586 904.444
9188.68134005 1199.11
9190.42326425 1836.09
9192.16518844 2251.58
9193.90711263 1990.08
9195.64903682 1608.18
9197.39096101 1822.49
9199.13288521 2184.85
9200.8748094 1955.31
9202.61673359 1432.24
9204.35865778 1270.64
9206.10058198 1486.47
9207.84250617 1780.16
9209.58443036 2033.92
9211.32635455 2255.32
9213.06827874 2435.95
9214.81020294 2499.67
9216.55212713 2328.79
9218.29405132 2172.95
9220.03597551 2666.96
9221.77789971 3540.77
9223.5198239 3514.25
9225.26174809 2461.23
9227.00367228 1642.4
9228.74559647 1779.57
9230.48752067 2754.11
9232.22944486 3851.87
9233.97136905 3966.04
9235.71329324 3126.14
9237.45521744 2349.52
9239.19714163 1853.23
9240.93906582 1499.94
9242.68099001 1575.07
9244.4229142 2047.17
9246.1648384 2463.87
9247.90676259 2307.93
9249.64868678 1671.74
9251.39061097 1793.38
9253.13253517 3098.68
9254.87445936 4008.24
9256.61638355 3612.42
9258.35830774 2978.81
9260.10023193 2890.54
9261.84215613 2760.29
9263.58408032 2225.51
9265.32600451 2094.14
9267.0679287 2902.37
9268.80985289 3828.35
9270.55177709 3905.09
9272.29370128 3122.92
9274.03562547 2103.77
9275.77754966 1566.45
9277.51947386 1821.61
9279.26139805 2460.71
9281.00332224 2841.26
9282.74524643 2776.44
9284.48717062 2445.51
9286.22909482 2033.52
9287.97101901 1714.27
9289.7129432 1512.74
9291.45486739 1477.21
9293.19679159 1919.05
9294.93871578 2721.93
9296.68063997 3209.05
9298.42256416 3114.87
9300.16448835 2704.28
9301.90641255 2239.87
9303.64833674 2251.03
9305.39026093 3237.48
9307.13218512 4226.43
9308.87410932 3682.94
9310.61603351 2148.41
9312.3579577 1580.89
9314.09988189 2699.77
9315.84180608 4302.71
9317.58373028 4551.49
9319.32565447 3021.64
9321.06757866 1118.28
9322.80950285 121.783
9324.55142705 169.544
9326.29335124 891.378
9328.03527543 1675.22
9329.77719962 1987.32
9331.51912381 1852.73
9333.26104801 1480.41
9335.0029722 1034.64
9336.74489639 972.147
9338.48682058 1566.99
9340.22874477 2117.53
9341.97066897 1702.18
9343.71259316 635.074
9345.45451735 100.01
9347.19644154 464.924
9348.93836574 959.771
9350.68028993 1005.56
9352.42221412 948.659
9354.16413831 1303.06
9355.9060625 2003.47
9357.6479867 2556.28
9359.38991089 2648.19
9361.13183508 2562.73
9362.87375927 2652.2
9364.61568347 2655.53
9366.35760766 2291.72
9368.09953185 1886.25
9369.84145604 1779.01
9371.58338023 1867.24
9373.32530443 2026.37
9375.06722862 2457.07
9376.80915281 3130.07
9378.551077 3355.94
9380.2930012 2994.02
9382.03492539 2985.28
9383.77684958 3404.57
9385.51877377 3092.14
9387.26069796 2021.96
9389.00262216 1495.79
9390.74454635 1908.37
9392.48647054 2350.98
9394.22839473 2230.66
9395.97031892 2120.04
9397.71224312 2773.51
9399.45416731 3854.32
9401.1960915 4326.94
9402.93801569 3931.0
9404.67993989 3323.3
9406.42186408 2897.56
9408.16378827 2739.98
9409.90571246 2830.85
9411.64763665 2515.11
9413.38956085 1599.21
9415.13148504 1034.1
9416.87340923 1235.86
9418.61533342 1699.75
9420.35725762 2072.53
9422.09918181 2326.5
9423.841106 2452.01
9425.58303019 2409.27
9427.32495438 2516.11
9429.06687858 3094.23
9430.80880277 3484.97
9432.55072696 2907.74
9434.29265115 1936.59
9436.03457535 1716.92
9437.77649954 2155.2
9439.51842373 2089.63
9441.26034792 1198.96
9443.00227211 371.97
9444.74419631 411.54
9446.4861205 1364.75
9448.22804469 2438.87
9449.96996888 2565.26
9451.71189308 1758.66
9453.45381727 1187.83
9455.19574146 1413.13
9456.93766565 1756.4
9458.67958984 1851.45
9460.42151404 2248.34
9462.16343823 2990.27
9463.90536242 3147.63
9465.64728661 2183.14
9467.3892108 885.303
9469.131135 747.596
9470.87305919 2138.96
9472.61498338 3250.04
9474.35690757 2443.07
9476.09883177 1036.73
9477.84075596 1136.13
9479.58268015 2204.86
9481.32460434 2513.3
9483.06652853 1795.13
9484.80845273 947.748
9486.55037692 742.408
9488.29230111 1067.14
9490.0342253 1567.11
9491.7761495 2549.97
9493.51807369 3726.82
9495.25999788 3907.25
9497.00192207 3152.74
9498.74384626 2617.3
9500.48577046 2540.86
9502.22769465 2490.82
9503.96961884 2451.39
9505.71154303 2595.44
9507.45346723 2788.62
9509.19539142 2565.5
9510.93731561 1618.35
9512.6792398 826.219
9514.42116399 1469.25
9516.16308819 2715.79
9517.90501238 2786.0
9519.64693657 2099.29
9521.38886076 2010.17
9523.13078496 2355.93
9524.87270915 2230.81
9526.61463334 1505.14
9528.35655753 851.909
9530.09848172 718.953
9531.84040592 977.275
9533.58233011 1414.37
9535.3242543 1719.63
9537.06617849 1715.58
9538.80810268 1694.42
9540.55002688 1809.36
9542.29195107 1943.61
9544.03387526 2039.0
9545.77579945 1817.76
9547.51772365 1116.12
9549.25964784 616.811
9551.00157203 1082.81
9552.74349622 2084.28
9554.48542041 2593.58
9556.22734461 2390.11
9557.9692688 2037.68
9559.71119299 2177.66
9561.45311718 2974.66
9563.19504138 3644.75
9564.93696557 3282.21
9566.67888976 2203.01
9568.42081395 1441.53
9570.16273814 1575.35
9571.90466234 2333.98
9573.64658653 2554.11
9575.38851072 1577.37
9577.13043491 658.099
9578.87235911 958.508
9580.6142833 1670.91
9582.35620749 2052.62
9584.09813168 2490.88
9585.84005587 2763.07
9587.58198007 2413.64
9589.32390426 2144.47
9591.06582845 2652.11
9592.80775264 3507.59
9594.54967684 3815.74
9596.29160103 3146.38
9598.03352522 1997.59
9599.77544941 1159.87
9601.5173736 806.465
9603.2592978 852.928
9605.00122199 1275.06
9606.74314618 1724.72
9608.48507037 1999.25
9610.22699456 2429.31
9611.96891876 2965.4
9613.71084295 3079.23
9615.45276714 2824.14
9617.19469133 2586.88
9618.93661553 2223.03
9620.67853972 1585.85
9622.42046391 1108.32
9624.1623881 1142.22
9625.90431229 1376.65
9627.64623649 1469.89
9629.38816068 1582.08
9631.13008487 1701.69
9632.87200906 1645.19
9634.61393326 1706.25
9636.35585745 1855.36
9638.09778164 1502.21
9639.83970583 1002.35
9641.58163002 1412.23
9643.32355422 2469.08
9645.06547841 3025.63
9646.8074026 3081.0
9648.54932679 3035.01
9650.29125099 2407.93
9652.03317518 1345.97
9653.77509937 1030.47
9655.51702356 1664.12
9657.25894775 2276.85
9659.00087195 2255.98
9660.74279614 1796.11
9662.48472033 1508.32
9664.22664452 1752.54
9665.96856872 2015.1
9667.71049291 1693.58
9669.4524171 1200.41
9671.19434129 1169.41
9672.93626548 1577.9
9674.67818968 2098.48
9676.42011387 2064.52
9678.16203806 1193.51
9679.90396225 729.927
9681.64588644 1602.54
9683.38781064 2684.44
9685.12973483 2845.6
9686.87165902 2243.77
9688.61358321 1197.79
9690.35550741 457.749
9692.0974316 1151.64
9693.83935579 2677.64
9695.58127998 3213.83
9697.32320417 2574.16
9699.06512837 1856.62
9700.80705256 1332.74
9702.54897675 815.171
9704.29090094 726.274
9706.03282514 1314.1
9707.77474933 1850.62
9709.51667352 1810.07
9711.25859771 1669.97
9713.0005219 1716.4
9714.7424461 1810.77
9716.48437029 2294.19
9718.22629448 3107.07
9719.96821867 3040.34
9721.71014287 1712.47
9723.45206706 638.976
9725.19399125 977.065
9726.93591544 2006.49
9728.67783963 2604.35
9730.41976383 2591.06
9732.16168802 2256.12
9733.90361221 2106.6
9735.6455364 2951.47
9737.3874606 4559.98
9739.12938479 5244.95
9740.87130898 4314.71
9742.61323317 3026.85
9744.35515736 2356.73
9746.09708156 2252.0
9747.83900575 2657.14
9749.58092994 3202.48
9751.32285413 3300.28
9753.06477832 3357.99
9754.80670252 4024.26
9756.54862671 4594.16
9758.2905509 3998.22
9760.03247509 2755.99
9761.77439929 2407.47
9763.51632348 3186.79
9765.25824767 3608.2
9767.00017186 2809.43
9768.74209605 1908.85
9770.48402025 2036.14
9772.22594444 2489.17
9773.96786863 2201.0
9775.70979282 1571.47
9777.45171702 1364.39
9779.19364121 1235.5
9780.9355654 644.589
9782.67748959 110.266
9784.41941378 894.72
9786.16133798 3674.28
9787.90326217 6980.86
9789.64518636 7917.78
9791.38711055 6060.9
9793.12903475 4115.81
9794.87095894 3485.6
9796.61288313 3300.07
9798.35480732 3276.77
9800.09673151 3784.25
9801.83865571 4608.64
9803.5805799 4956.02
9805.32250409 4103.24
9807.06442828 2594.37
9808.80635248 1767.95
9810.54827667 1702.15
9812.29020086 1494.4
9814.03212505 1289.5
9815.77404924 1793.27
9817.51597344 2326.01
9819.25789763 1860.27
9820.99982182 1069.37
9822.74174601 1137.52
9824.4836702 1816.32
9826.2255944 2053.59
9827.96751859 1581.0
9829.70944278 1117.56
9831.45136697 1193.74
9833.19329117 1472.58
9834.93521536 1571.1
9836.67713955 1544.39
9838.41906374 1343.42
9840.16098793 999.846
9841.90291213 929.247
9843.64483632 1252.62
9845.38676051 1662.23
9847.1286847 1975.96
9848.8706089 2141.87
9850.61253309 2019.34
9852.35445728 1592.27
9854.09638147 1222.61
9855.83830566 1274.73
9857.58022986 1727.85
9859.32215405 2354.86
9861.06407824 2683.02
9862.80600243 2302.07
9864.54792663 1850.84
9866.28985082 2380.4
9868.03177501 3535.24
9869.7736992 3961.89
9871.51562339 3163.82
9873.25754759 1725.05
9874.99947178 621.01
9876.74139597 558.947
9878.48332016 1168.13
9880.22524436 1711.14
9881.96716855 2147.27
9883.70909274 2436.75
9885.45101693 2303.31
9887.19294112 2038.6
9888.93486532 2278.44
9890.67678951 2795.88
9892.4187137 2676.32
9894.16063789 2087.67
9895.90256208 1838.77
9897.64448628 1662.77
9899.38641047 1222.06
9901.12833466 1003.78
9902.87025885 1236.42
9904.61218305 1478.98
9906.35410724 1189.32
9908.09603143 805.354
9909.83795562 1306.51
9911.57987981 1905.74
9913.32180401 1309.13
9915.0637282 661.427
9916.80565239 1276.89
9918.54757658 1998.5
9920.28950078 1631.72
9922.03142497 804.907
9923.77334916 389.898
9925.51527335 439.267
9927.25719754 685.783
9928.99912174 1042.15
9930.74104593 1407.96
9932.48297012 1461.04
9934.22489431 1391.42
9935.96681851 1731.81
9937.7087427 1998.39
9939.45066689 1487.32
9941.19259108 798.118
9942.93451527 736.467
9944.67643947 1271.75
9946.41836366 2315.27
9948.16028785 3434.79
9949.90221204 3299.47
9951.64413623 1838.72
9953.38606043 981.895
9955.12798462 1374.71
9956.86990881 1831.42
9958.611833 1973.47
9960.3537572 1890.97
9962.09568139 1265.97
9963.83760558 567.064
9965.57952977 589.282
9967.32145396 1302.27
9969.06337816 2520.1
9970.80530235 3675.15
9972.54722654 3625.94
9974.28915073 2844.61
9976.03107493 2909.47
9977.77299912 3337.57
9979.51492331 2723.35
9981.2568475 1305.64
9982.99877169 103.332
9984.74069589 481.339
9986.48262008 3423.26
9988.22454427 6434.41
9989.96646846 5793.32
9991.70839266 2612.62
9993.45031685 781.022
9995.19224104 1274.91
9996.93416523 2609.22
9998.67608942 3159.38
