3985.07900534 8.16258e-17
3988.12702141 7.57718e-17
3991.17503748 9.02303e-17
3994.22305355 8.70659e-17
3997.27106962 8.97213e-17
4000.31908569 8.72998e-17
4003.36710176 7.94322e-17
4006.41511784 8.76871e-17
4009.46313391 8.33486e-17
4012.51114998 9.0571e-17
4015.55916605 8.40514e-17
4018.60718212 8.70945e-17
4021.65519819 7.80954e-17
4024.70321426 9.27811e-17
4027.75123034 9.60496e-17
4030.79924641 9.12528e-17
4033.84726248 7.37264e-17
4036.89527855 8.00839e-17
4039.94329462 9.21338e-17
4042.99131069 9.4506e-17
4046.03932676 8.01622e-17
4049.08734283 7.5496e-17
4052.13535891 8.79547e-17
4055.18337498 8.67099e-17
4058.23139105 8.95381e-17
4061.27940712 8.64273e-17
4064.32742319 7.72321e-17
4067.37543926 7.55367e-17
4070.42345533 9.27757e-17
4073.47147141 8.40296e-17
4076.51948748 7.83674e-17
4079.56750355 8.90858e-17
4082.61551962 8.91227e-17
4085.66353569 7.53806e-17
4088.71155176 8.49697e-17
4091.75956783 8.79357e-17
4094.8075839 7.86135e-17
4097.85559998 8.1062e-17
4100.90361605 8.68548e-17
4103.95163212 8.95593e-17
4106.99964819 7.34056e-17
4110.04766426 9.32953e-17
4113.09568033 7.49583e-17
4116.1436964 8.88703e-17
4119.19171247 9.20591e-17
4122.23972855 8.44091e-17
4125.28774462 9.21492e-17
4128.33576069 1.00079e-16
4131.38377676 8.26942e-17
4134.43179283 9.16026e-17
4137.4798089 8.42701e-17
4140.52782497 8.91705e-17
4143.57584105 9.0831e-17
4146.62385712 8.38468e-17
4149.67187319 9.22096e-17
4152.71988926 8.46939e-17
4155.76790533 8.86175e-17
4158.8159214 9.07553e-17
4161.86393747 8.67508e-17
4164.91195354 7.58602e-17
4167.95996962 8.53917e-17
4171.00798569 8.95992e-17
4174.05600176 7.89e-17
4177.10401783 7.56881e-17
4180.1520339 8.16616e-17
4183.20004997 7.97512e-17
4186.24806604 8.73151e-17
4189.29608212 8.59436e-17
4192.34409819 7.90283e-17
4195.39211426 8.04469e-17
4198.44013033 9.09603e-17
4201.4881464 8.847e-17
4204.53616247 7.99698e-17
4207.58417854 7.72805e-17
4210.63219461 8.96387e-17
4213.68021069 9.22499e-17
4216.72822676 8.69649e-17
4219.77624283 7.98917e-17
4222.8242589 8.9974e-17
4225.87227497 8.93349e-17
4228.92029104 7.49876e-17
4231.96830711 8.32019e-17
4235.01632318 7.72596e-17
4238.06433926 7.69904e-17
4241.11235533 8.55095e-17
4244.1603714 8.99398e-17
4247.20838747 8.79069e-17
4250.25640354 8.71183e-17
4253.30441961 8.33309e-17
4256.35243568 7.68612e-17
4259.40045176 8.93411e-17
4262.44846783 8.05445e-17
4265.4964839 8.42457e-17
4268.54449997 7.9279e-17
4271.59251604 8.68898e-17
4274.64053211 8.3532e-17
4277.68854818 8.7149e-17
4280.73656425 8.15375e-17
4283.78458033 8.6992e-17
4286.8325964 8.24701e-17
4289.88061247 8.85606e-17
4292.92862854 8.17431e-17
4295.97664461 8.45216e-17
4299.02466068 8.62655e-17
4302.07267675 8.89508e-17
4305.12069283 8.76858e-17
4308.1687089 8.32532e-17
4311.21672497 8.98162e-17
4314.26474104 9.11171e-17
4317.31275711 9.4484e-17
4320.36077318 8.76763e-17
4323.40878925 8.64036e-17
4326.45680532 9.52677e-17
4329.5048214 8.36996e-17
4332.55283747 8.92547e-17
4335.60085354 8.62062e-17
4338.64886961 8.09386e-17
4341.69688568 8.68812e-17
4344.74490175 9.20738e-17
4347.79291782 8.63706e-17
4350.8409339 8.89562e-17
4353.88894997 8.67093e-17
4356.93696604 9.02683e-17
4359.98498211 9.01528e-17
4363.03299818 8.14716e-17
4366.08101425 9.19766e-17
4369.12903032 8.73636e-17
4372.17704639 8.33163e-17
4375.22506247 9.17074e-17
4378.27307854 8.7975e-17
4381.32109461 8.22369e-17
4384.36911068 7.9864e-17
4387.41712675 8.31805e-17
4390.46514282 8.76377e-17
4393.51315889 8.48254e-17
4396.56117496 8.30543e-17
4399.60919104 8.41107e-17
4402.65720711 7.9977e-17
4405.70522318 7.83404e-17
4408.75323925 8.42015e-17
4411.80125532 9.21332e-17
4414.84927139 8.31377e-17
4417.89728746 8.48772e-17
4420.94530354 9.03891e-17
4423.99331961 8.91204e-17
4427.04133568 8.48879e-17
4430.08935175 8.25087e-17
4433.13736782 8.30752e-17
4436.18538389 8.4321e-17
4439.23339996 8.61985e-17
4442.28141603 8.69401e-17
4445.32943211 8.26523e-17
4448.37744818 8.11436e-17
4451.42546425 8.31949e-17
4454.47348032 8.35197e-17
4457.52149639 8.46794e-17
4460.56951246 8.17872e-17
4463.61752853 8.5548e-17
4466.66554461 8.25705e-17
4469.71356068 8.32471e-17
4472.76157675 8.16937e-17
4475.80959282 8.08946e-17
4478.85760889 8.82363e-17
4481.90562496 8.77961e-17
4484.95364103 8.57169e-17
4488.0016571 8.76251e-17
4491.04967318 8.19825e-17
4494.09768925 7.80234e-17
4497.14570532 8.36115e-17
4500.19372139 8.80079e-17
4503.24173746 8.24679e-17
4506.28975353 8.41597e-17
4509.3377696 8.81557e-17
4512.38578568 8.41886e-17
4515.43380175 8.37768e-17
4518.48181782 8.39686e-17
4521.52983389 8.53165e-17
4524.57784996 7.45727e-17
4527.62586603 8.34377e-17
4530.6738821 8.27784e-17
4533.72189817 8.5246e-17
4536.76991425 8.65345e-17
4539.81793032 8.00108e-17
4542.86594639 7.57254e-17
4545.91396246 8.14522e-17
4548.96197853 8.44821e-17
4552.0099946 8.249e-17
4555.05801067 8.10094e-17
4558.10602674 8.24995e-17
4561.15404282 8.6443e-17
4564.20205889 7.59354e-17
4567.25007496 8.21249e-17
4570.29809103 8.08903e-17
4573.3461071 8.15951e-17
4576.39412317 8.60385e-17
4579.44213924 7.4891e-17
4582.49015532 8.83515e-17
4585.53817139 8.62918e-17
4588.58618746 8.07409e-17
4591.63420353 8.30347e-17
4594.6822196 8.75548e-17
4597.73023567 8.92846e-17
4600.77825174 8.45946e-17
4603.82626781 8.24036e-17
4606.87428389 8.51483e-17
4609.92229996 8.57061e-17
4612.97031603 8.12291e-17
4616.0183321 7.92743e-17
4619.06634817 8.82229e-17
4622.11436424 8.59688e-17
4625.16238031 7.97915e-17
4628.21039639 8.36668e-17
4631.25841246 8.09816e-17
4634.30642853 8.51096e-17
4637.3544446 7.86472e-17
4640.40246067 7.70489e-17
4643.45047674 8.19643e-17
4646.49849281 8.30176e-17
4649.54650888 8.27782e-17
4652.59452496 7.88675e-17
4655.64254103 8.28362e-17
4658.6905571 8.04097e-17
4661.73857317 8.16506e-17
4664.78658924 8.37305e-17
4667.83460531 8.07149e-17
4670.88262138 7.4337e-17
4673.93063745 8.04853e-17
4676.97865353 8.29465e-17
4680.0266696 7.88762e-17
4683.07468567 7.32226e-17
4686.12270174 7.23661e-17
4689.17071781 8.22449e-17
4692.21873388 8.48927e-17
4695.26674995 8.2418e-17
4698.31476603 7.99311e-17
4701.3627821 7.91777e-17
4704.41079817 8.45075e-17
4707.45881424 8.1347e-17
4710.50683031 7.73983e-17
4713.55484638 8.27209e-17
4716.60286245 8.00224e-17
4719.65087852 7.55711e-17
4722.6988946 7.63768e-17
4725.74691067 8.20769e-17
4728.79492674 7.85653e-17
4731.84294281 7.37874e-17
4734.89095888 7.72015e-17
4737.93897495 7.86735e-17
4740.98699102 7.91673e-17
4744.0350071 7.67786e-17
4747.08302317 7.6041e-17
4750.13103924 7.27137e-17
4753.17905531 7.30342e-17
4756.22707138 8.02598e-17
4759.27508745 8.28417e-17
4762.32310352 8.06366e-17
4765.37111959 8.2342e-17
4768.41913567 8.37451e-17
4771.46715174 7.92206e-17
4774.51516781 7.87906e-17
4777.56318388 8.58921e-17
4780.61119995 8.05033e-17
4783.65921602 7.81783e-17
4786.70723209 7.75628e-17
4789.75524817 7.74642e-17
4792.80326424 7.46718e-17
4795.85128031 7.8663e-17
4798.89929638 7.56964e-17
4801.94731245 7.47579e-17
4804.99532852 8.141e-17
4808.04334459 7.61048e-17
4811.09136066 7.6099e-17
4814.13937674 7.76416e-17
4817.18739281 7.66663e-17
4820.23540888 7.44831e-17
4823.28342495 7.5035e-17
4826.33144102 7.86237e-17
4829.37945709 7.84768e-17
4832.42747316 7.57903e-17
4835.47548923 7.67648e-17
4838.52350531 7.68133e-17
4841.57152138 7.69375e-17
4844.61953745 7.91867e-17
4847.66755352 7.33396e-17
4850.71556959 8.16e-17
4853.76358566 7.79818e-17
4856.81160173 8.47065e-17
4859.85961781 8.78047e-17
4862.90763388 8.17404e-17
4865.95564995 7.95331e-17
4869.00366602 8.02191e-17
4872.05168209 8.18179e-17
4875.09969816 8.40213e-17
4878.14771423 7.97241e-17
4881.1957303 8.18853e-17
4884.24374638 7.98799e-17
4887.29176245 7.55208e-17
4890.33977852 8.25081e-17
4893.38779459 8.60215e-17
4896.43581066 7.78725e-17
4899.48382673 7.73174e-17
4902.5318428 7.7322e-17
4905.57985888 7.34105e-17
4908.62787495 8.05988e-17
4911.67589102 8.39967e-17
4914.72390709 8.04869e-17
4917.77192316 7.93682e-17
4920.81993923 7.97664e-17
4923.8679553 7.90237e-17
4926.91597137 8.27622e-17
4929.96398745 8.30482e-17
4933.01200352 7.45167e-17
4936.06001959 7.59581e-17
4939.10803566 8.4517e-17
4942.15605173 8.0457e-17
4945.2040678 7.76122e-17
4948.25208387 7.49631e-17
4951.30009995 7.45389e-17
4954.34811602 7.63278e-17
4957.39613209 7.24773e-17
4960.44414816 7.51188e-17
4963.49216423 7.52747e-17
4966.5401803 7.541e-17
4969.58819637 8.02224e-17
4972.63621244 7.77601e-17
4975.68422852 7.88793e-17
4978.73224459 8.06527e-17
4981.78026066 7.54335e-17
4984.82827673 7.28881e-17
4987.8762928 7.47585e-17
4990.92430887 7.38414e-17
4993.97232494 7.57523e-17
4997.02034101 7.79856e-17
5000.06835709 8.01067e-17
5003.11637316 7.97724e-17
5006.16438923 7.56366e-17
5009.2124053 7.59504e-17
5012.26042137 7.95342e-17
5015.30843744 7.67888e-17
5018.35645351 7.82617e-17
5021.40446959 8.5311e-17
5024.45248566 8.12745e-17
5027.50050173 7.93986e-17
5030.5485178 7.81955e-17
5033.59653387 7.79998e-17
5036.64454994 8.20799e-17
5039.69256601 7.53421e-17
5042.74058208 7.63974e-17
5045.78859816 7.83353e-17
5048.83661423 7.57243e-17
5051.8846303 8.0764e-17
5054.93264637 7.9623e-17
5057.98066244 7.29623e-17
5061.02867851 7.47022e-17
5064.07669458 8.15977e-17
5067.12471066 7.92013e-17
5070.17272673 7.45933e-17
5073.2207428 7.7612e-17
5076.26875887 7.71247e-17
5079.31677494 7.63381e-17
5082.36479101 7.63782e-17
5085.41280708 8.09592e-17
5088.46082315 7.41934e-17
5091.50883923 7.37357e-17
5094.5568553 7.6584e-17
5097.60487137 7.40363e-17
5100.65288744 7.21771e-17
5103.70090351 7.57577e-17
5106.74891958 7.39235e-17
5109.79693565 7.50467e-17
5112.84495173 7.76786e-17
5115.8929678 7.51408e-17
5118.94098387 7.49065e-17
5121.98899994 7.30746e-17
5125.03701601 7.03799e-17
5128.08503208 8.01634e-17
5131.13304815 8.57769e-17
5134.18106422 7.28081e-17
5137.2290803 7.35555e-17
5140.27709637 7.76331e-17
5143.32511244 7.50714e-17
5146.37312851 7.77262e-17
5149.42114458 7.96621e-17
5152.46916065 7.49254e-17
5155.51717672 7.41101e-17
5158.56519279 7.24236e-17
5161.61320887 7.07229e-17
5164.66122494 7.58932e-17
5167.70924101 7.66142e-17
5170.75725708 7.396e-17
5173.80527315 7.67159e-17
5176.85328922 7.62081e-17
5179.90130529 7.19609e-17
5182.94932137 7.59114e-17
5185.99733744 8.17174e-17
5189.04535351 7.24553e-17
5192.09336958 7.68232e-17
5195.14138565 7.24182e-17
5198.18940172 6.98575e-17
5201.23741779 7.5326e-17
5204.28543386 7.15582e-17
5207.33344994 7.44555e-17
5210.38146601 7.87329e-17
5213.42948208 7.51745e-17
5216.47749815 7.73937e-17
5219.52551422 7.24478e-17
5222.57353029 7.45731e-17
5225.62154636 7.88977e-17
5228.66956244 7.59013e-17
5231.71757851 7.66319e-17
5234.76559458 7.81239e-17
5237.81361065 7.51307e-17
5240.86162672 7.21544e-17
5243.90964279 7.22896e-17
5246.95765886 7.39321e-17
5250.00567493 7.18952e-17
5253.05369101 6.97761e-17
5256.10170708 7.14805e-17
5259.14972315 7.46169e-17
5262.19773922 7.72499e-17
5265.24575529 7.663e-17
5268.29377136 7.35577e-17
5271.34178743 7.43105e-17
5274.3898035 7.56748e-17
5277.43781958 7.35568e-17
5280.48583565 7.26341e-17
5283.53385172 7.42233e-17
5286.58186779 7.5031e-17
5289.62988386 7.33675e-17
5292.67789993 6.97898e-17
5295.725916 7.04749e-17
5298.77393208 7.69889e-17
5301.82194815 7.75764e-17
5304.86996422 7.67196e-17
5307.91798029 7.67278e-17
5310.96599636 8.00579e-17
5314.01401243 8.15183e-17
5317.0620285 8.03677e-17
5320.11004457 7.8919e-17
5323.15806065 7.81907e-17
5326.20607672 7.34576e-17
5329.25409279 7.4633e-17
5332.30210886 7.80342e-17
5335.35012493 6.86977e-17
5338.398141 7.12083e-17
5341.44615707 7.4956e-17
5344.49417315 7.35084e-17
5347.54218922 7.5557e-17
5350.59020529 7.057e-17
5353.63822136 7.34826e-17
5356.68623743 7.24476e-17
5359.7342535 7.1404e-17
5362.78226957 7.38627e-17
5365.83028564 7.57698e-17
5368.87830172 7.49814e-17
5371.92631779 7.07681e-17
5374.97433386 6.75492e-17
5378.02234993 7.18569e-17
5381.070366 7.61565e-17
5384.11838207 7.03515e-17
5387.16639814 7.61685e-17
5390.21441422 6.96964e-17
5393.26243029 6.54796e-17
5396.31044636 6.96773e-17
5399.35846243 7.01343e-17
5402.4064785 7.54579e-17
5405.45449457 7.53395e-17
5408.50251064 6.97411e-17
5411.55052671 7.0865e-17
5414.59854279 6.48352e-17
5417.64655886 6.77259e-17
5420.69457493 7.26511e-17
5423.742591 7.16851e-17
5426.79060707 7.02631e-17
5429.83862314 6.5841e-17
5432.88663921 7.34383e-17
5435.93465528 7.03147e-17
5438.98267136 7.01916e-17
5442.03068743 6.93433e-17
5445.0787035 6.79086e-17
5448.12671957 7.30204e-17
5451.17473564 7.20414e-17
5454.22275171 6.82225e-17
5457.27076778 6.54212e-17
5460.31878386 6.3084e-17
5463.36679993 7.26483e-17
5466.414816 7.12716e-17
5469.46283207 7.02289e-17
5472.51084814 7.1729e-17
5475.55886421 7.15614e-17
5478.60688028 6.9208e-17
5481.65489635 6.33994e-17
5484.70291243 7.05809e-17
5487.7509285 7.31125e-17
5490.79894457 6.92337e-17
5493.84696064 6.71394e-17
5496.89497671 6.74709e-17
5499.94299278 6.84832e-17
5502.99100885 7.05746e-17
5506.03902493 7.37287e-17
5509.087041 6.99383e-17
5512.13505707 7.16945e-17
5515.18307314 6.89289e-17
5518.23108921 7.06365e-17
5521.27910528 7.05366e-17
5524.32712135 6.68204e-17
5527.37513742 6.85736e-17
5530.4231535 7.42254e-17
5533.47116957 7.52917e-17
5536.51918564 7.38813e-17
5539.56720171 7.10165e-17
5542.61521778 7.15184e-17
5545.66323385 7.00976e-17
5548.71124992 6.63069e-17
5551.759266 6.64695e-17
5554.80728207 6.97442e-17
5557.85529814 7.42053e-17
5560.90331421 7.40377e-17
5563.95133028 6.68273e-17
5566.99934635 8.60238e-17
5570.04736242 8.4814e-17
5573.09537849 6.8855e-17
5576.14339457 7.13791e-17
5579.19141064 8.13302e-17
5582.23942671 5.80655e-17
5585.28744278 6.00938e-17
5588.33545885 7.20159e-17
5591.38347492 6.75657e-17
5594.43149099 6.81101e-17
5597.47950706 6.78014e-17
5600.52752314 6.3714e-17
5603.57553921 7.1972e-17
5606.62355528 6.94993e-17
5609.67157135 6.73494e-17
5612.71958742 6.89882e-17
5615.76760349 6.9814e-17
5618.81561956 7.02896e-17
5621.86363564 6.87319e-17
5624.91165171 6.73924e-17
5627.95966778 7.18557e-17
5631.00768385 7.14154e-17
5634.05569992 6.5323e-17
5637.10371599 7.18858e-17
5640.15173206 6.92521e-17
5643.19974813 6.70242e-17
5646.24776421 6.95043e-17
5649.29578028 6.67833e-17
5652.34379635 7.26965e-17
5655.39181242 6.79974e-17
5658.43982849 7.01961e-17
5661.48784456 6.46048e-17
5664.53586063 6.29396e-17
5667.58387671 6.7411e-17
5670.63189278 6.66755e-17
5673.67990885 6.79295e-17
5676.72792492 6.47064e-17
5679.77594099 6.41564e-17
5682.82395706 6.89191e-17
5685.87197313 6.73166e-17
5688.9199892 6.48456e-17
5691.96800528 6.4252e-17
5695.01602135 6.35867e-17
5698.06403742 6.71986e-17
5701.11205349 6.93936e-17
5704.16006956 6.7473e-17
5707.20808563 6.50151e-17
5710.2561017 6.79354e-17
5713.30411777 7.15427e-17
5716.35213385 7.09644e-17
5719.40014992 7.10601e-17
5722.44816599 7.04248e-17
5725.49618206 6.29601e-17
5728.54419813 6.56974e-17
5731.5922142 6.48611e-17
5734.64023027 6.60302e-17
5737.68824635 6.77711e-17
5740.73626242 6.76804e-17
5743.78427849 6.93882e-17
5746.83229456 6.05907e-17
5749.88031063 6.5203e-17
5752.9283267 6.54804e-17
5755.97634277 6.70264e-17
5759.02435884 6.72843e-17
5762.07237492 6.20225e-17
5765.12039099 6.24238e-17
5768.16840706 6.29242e-17
5771.21642313 6.25489e-17
5774.2644392 6.61166e-17
5777.31245527 6.30931e-17
5780.36047134 6.62016e-17
5783.40848742 6.72818e-17
5786.45650349 6.48821e-17
5789.50451956 6.80428e-17
5792.55253563 6.43136e-17
5795.6005517 6.96205e-17
5798.64856777 6.70751e-17
5801.69658384 6.34044e-17
5804.74459991 6.51063e-17
5807.79261599 6.65839e-17
5810.84063206 6.60008e-17
5813.88864813 6.59234e-17
5816.9366642 6.62978e-17
5819.98468027 6.60318e-17
5823.03269634 6.46658e-17
5826.08071241 6.33028e-17
5829.12872849 6.28238e-17
5832.17674456 6.45275e-17
5835.22476063 6.85573e-17
5838.2727767 6.70491e-17
5841.32079277 6.32886e-17
5844.36880884 6.59425e-17
5847.41682491 6.4225e-17
5850.46484098 6.17316e-17
5853.51285706 6.51003e-17
5856.56087313 6.6765e-17
5859.6088892 6.44977e-17
5862.65690527 6.35161e-17
5865.70492134 6.56208e-17
5868.75293741 6.54541e-17
5871.80095348 6.40395e-17
5874.84896955 6.23523e-17
5877.89698563 6.26124e-17
5880.9450017 6.36556e-17
5883.99301777 6.02312e-17
5887.04103384 6.45816e-17
5890.08904991 6.77607e-17
5893.13706598 5.91893e-17
5896.18508205 5.88162e-17
5899.23309813 6.9303e-17
5902.2811142 6.95173e-17
5905.32913027 6.24922e-17
5908.37714634 6.84368e-17
5911.42516241 6.37558e-17
5914.47317848 6.1967e-17
5917.52119455 6.27039e-17
5920.56921062 6.329e-17
5923.6172267 6.63199e-17
5926.66524277 6.55897e-17
5929.71325884 6.69481e-17
5932.76127491 6.93959e-17
5935.80929098 7.11909e-17
5938.85730705 7.32713e-17
5941.90532312 7.2325e-17
5944.9533392 7.43188e-17
5948.00135527 7.59213e-17
5951.04937134 7.12013e-17
5954.09738741 7.23508e-17
5957.14540348 7.18871e-17
5960.19341955 6.71683e-17
5963.24143562 6.40086e-17
5966.28945169 6.59055e-17
5969.33746777 6.86881e-17
5972.38548384 6.31211e-17
5975.43349991 6.46684e-17
5978.48151598 6.67243e-17
5981.52953205 6.5016e-17
5984.57754812 6.39985e-17
5987.62556419 6.40989e-17
5990.67358027 6.76343e-17
5993.72159634 6.47889e-17
5996.76961241 6.20277e-17
5999.81762848 6.2814e-17
6002.86564455 6.03512e-17
6005.91366062 6.21835e-17
6008.96167669 6.27927e-17
6012.00969276 5.66791e-17
6015.05770884 6.33772e-17
6018.10572491 6.44819e-17
6021.15374098 6.12233e-17
6024.20175705 6.09159e-17
6027.24977312 6.71438e-17
6030.29778919 6.49962e-17
6033.34580526 5.72436e-17
6036.39382133 6.61977e-17
6039.44183741 6.64852e-17
6042.48985348 6.40474e-17
6045.53786955 6.14897e-17
6048.58588562 6.09177e-17
6051.63390169 6.33354e-17
6054.68191776 6.36671e-17
6057.72993383 5.9206e-17
6060.77794991 6.34903e-17
6063.82596598 6.06123e-17
6066.87398205 6.07912e-17
6069.92199812 6.37119e-17
6072.97001419 6.13006e-17
6076.01803026 5.7977e-17
6079.06604633 5.99279e-17
6082.1140624 5.75785e-17
6085.16207848 5.81292e-17
6088.21009455 6.396e-17
6091.25811062 6.44643e-17
6094.30612669 5.95694e-17
6097.35414276 5.82416e-17
6100.40215883 5.81733e-17
6103.4501749 6.38821e-17
6106.49819098 6.14935e-17
6109.54620705 5.77982e-17
6112.59422312 5.95719e-17
6115.64223919 6.05465e-17
6118.69025526 6.0786e-17
6121.73827133 6.17328e-17
6124.7862874 5.68649e-17
6127.83430347 6.26631e-17
6130.88231955 6.7066e-17
6133.93033562 6.13845e-17
6136.97835169 5.88899e-17
6140.02636776 6.09576e-17
6143.07438383 6.26605e-17
6146.1223999 6.36015e-17
6149.17041597 6.30999e-17
6152.21843204 6.58552e-17
6155.26644812 6.24659e-17
6158.31446419 6.06546e-17
6161.36248026 6.10335e-17
6164.41049633 5.77156e-17
6167.4585124 6.1962e-17
6170.50652847 6.11985e-17
6173.55454454 6.43113e-17
6176.60256062 6.35544e-17
6179.65057669 5.75022e-17
6182.69859276 5.90487e-17
6185.74660883 6.11571e-17
6188.7946249 6.19648e-17
6191.84264097 6.3778e-17
6194.89065704 5.92252e-17
6197.93867311 5.67073e-17
6200.98668919 5.81966e-17
6204.03470526 5.90577e-17
6207.08272133 5.90122e-17
6210.1307374 5.93331e-17
6213.17875347 6.02835e-17
6216.22676954 6.2878e-17
6219.27478561 5.89234e-17
6222.32280169 5.68306e-17
6225.37081776 5.83813e-17
6228.41883383 5.41091e-17
6231.4668499 6.14137e-17
6234.51486597 5.88229e-17
6237.56288204 6.11367e-17
6240.61089811 6.29017e-17
6243.65891418 5.83634e-17
6246.70693026 5.56745e-17
6249.75494633 5.57165e-17
6252.8029624 5.89571e-17
6255.85097847 5.69001e-17
6258.89899454 5.68084e-17
6261.94701061 5.91232e-17
6264.99502668 5.94598e-17
6268.04304276 5.69854e-17
6271.09105883 5.78813e-17
6274.1390749 5.65191e-17
6277.18709097 5.61626e-17
6280.23510704 5.52316e-17
6283.28312311 5.58788e-17
6286.33113918 5.71235e-17
6289.37915525 5.82614e-17
6292.42717133 6.02172e-17
6295.4751874 5.68067e-17
6298.52320347 5.60493e-17
6301.57121954 5.99308e-17
6304.61923561 6.16117e-17
6307.66725168 5.76592e-17
6310.71526775 6.06118e-17
6313.76328382 5.7186e-17
6316.8112999 5.77744e-17
6319.85931597 6.10247e-17
6322.90733204 6.20782e-17
6325.95534811 6.14882e-17
6329.00336418 5.90253e-17
6332.05138025 5.73262e-17
6335.09939632 5.92457e-17
6338.1474124 5.72363e-17
6341.19542847 5.62902e-17
6344.24344454 5.77939e-17
6347.29146061 5.80679e-17
6350.33947668 5.84214e-17
6353.38749275 5.91108e-17
6356.43550882 5.62231e-17
6359.48352489 5.98164e-17
6362.53154097 6.19514e-17
6365.57955704 6.08022e-17
6368.62757311 5.79885e-17
6371.67558918 5.64404e-17
6374.72360525 5.43085e-17
6377.77162132 5.16293e-17
6380.81963739 5.44557e-17
6383.86765347 5.49772e-17
6386.91566954 5.34484e-17
6389.96368561 5.34284e-17
6393.01170168 5.53537e-17
6396.05971775 5.66988e-17
6399.10773382 5.75724e-17
6402.15574989 6.5039e-17
6405.20376596 6.14399e-17
6408.25178204 5.46247e-17
6411.29979811 5.7576e-17
6414.34781418 5.80506e-17
6417.39583025 6.03366e-17
6420.44384632 5.93906e-17
6423.49186239 5.39175e-17
6426.53987846 5.41921e-17
6429.58789454 5.62422e-17
6432.63591061 5.18788e-17
6435.68392668 5.29297e-17
6438.73194275 5.3951e-17
6441.77995882 5.67298e-17
6444.82797489 5.89281e-17
6447.87599096 5.89375e-17
6450.92400703 5.6953e-17
6453.97202311 5.54483e-17
6457.02003918 5.49335e-17
6460.06805525 5.75176e-17
6463.11607132 5.98211e-17
6466.16408739 6.13919e-17
6469.21210346 5.95766e-17
6472.26011953 5.72069e-17
6475.3081356 5.763e-17
6478.35615168 5.89089e-17
6481.40416775 5.53369e-17
6484.45218382 5.34362e-17
6487.50019989 5.83427e-17
6490.54821596 5.95547e-17
6493.59623203 5.51619e-17
6496.6442481 5.509e-17
6499.69226418 5.86632e-17
6502.74028025 5.78861e-17
6505.78829632 5.59059e-17
6508.83631239 5.50954e-17
6511.88432846 5.54079e-17
6514.93234453 5.4185e-17
6517.9803606 5.52647e-17
6521.02837667 6.00912e-17
6524.07639275 5.99321e-17
6527.12440882 5.80039e-17
6530.17242489 5.79534e-17
6533.22044096 5.77305e-17
6536.26845703 5.47539e-17
6539.3164731 5.66769e-17
6542.36448917 5.86476e-17
6545.41250525 5.58756e-17
6548.46052132 5.42875e-17
6551.50853739 5.44499e-17
6554.55655346 5.41556e-17
6557.60456953 5.71391e-17
6560.6525856 5.7787e-17
6563.70060167 5.60433e-17
6566.74861774 5.71237e-17
6569.79663382 5.68096e-17
6572.84464989 5.25535e-17
6575.89266596 5.22118e-17
6578.94068203 5.52191e-17
6581.9886981 5.64844e-17
6585.03671417 5.0911e-17
6588.08473024 5.0952e-17
6591.13274632 5.7588e-17
6594.18076239 5.84184e-17
6597.22877846 5.47555e-17
6600.27679453 5.21444e-17
6603.3248106 5.2523e-17
6606.37282667 5.86781e-17
6609.42084274 6.18856e-17
6612.46885881 5.76185e-17
6615.51687489 5.39386e-17
6618.56489096 5.20706e-17
6621.61290703 5.63222e-17
6624.6609231 5.56827e-17
6627.70893917 5.42191e-17
6630.75695524 5.41715e-17
6633.80497131 5.33334e-17
6636.85298738 5.64345e-17
6639.90100346 5.38406e-17
6642.94901953 5.49774e-17
6645.9970356 5.45545e-17
6649.04505167 5.53601e-17
6652.09306774 5.92104e-17
6655.14108381 5.30993e-17
6658.18909988 5.27665e-17
6661.23711596 5.5528e-17
6664.28513203 5.51882e-17
6667.3331481 5.40581e-17
6670.38116417 5.5713e-17
6673.42918024 5.35665e-17
6676.47719631 5.52565e-17
6679.52521238 5.71713e-17
6682.57322845 5.6115e-17
6685.62124453 5.50105e-17
6688.6692606 5.56244e-17
6691.71727667 5.57013e-17
6694.76529274 5.29224e-17
6697.81330881 5.24503e-17
6700.86132488 5.06884e-17
6703.90934095 5.41791e-17
6706.95735703 5.67874e-17
6710.0053731 5.48939e-17
6713.05338917 5.70354e-17
6716.10140524 5.21075e-17
6719.14942131 5.46128e-17
6722.19743738 5.35973e-17
6725.24545345 5.67669e-17
6728.29346952 5.96155e-17
6731.3414856 5.21635e-17
6734.38950167 5.27905e-17
6737.43751774 5.14196e-17
6740.48553381 5.62296e-17
6743.53354988 5.45815e-17
6746.58156595 5.26388e-17
6749.62958202 5.36697e-17
6752.67759809 5.55076e-17
6755.72561417 5.12226e-17
6758.77363024 5.51748e-17
6761.82164631 5.35306e-17
6764.86966238 5.16079e-17
6767.91767845 5.4964e-17
6770.96569452 5.28822e-17
6774.01371059 5.40831e-17
6777.06172667 5.28711e-17
6780.10974274 5.23449e-17
6783.15775881 5.15078e-17
6786.20577488 5.37244e-17
6789.25379095 5.61282e-17
6792.30180702 5.18642e-17
6795.34982309 5.23267e-17
6798.39783916 5.18514e-17
6801.44585524 5.18059e-17
6804.49387131 5.39697e-17
6807.54188738 5.38309e-17
6810.58990345 5.5129e-17
6813.63791952 5.49182e-17
6816.68593559 5.40047e-17
6819.73395166 5.59807e-17
6822.78196774 5.49379e-17
6825.82998381 4.64704e-17
6828.87799988 4.52355e-17
6831.92601595 5.28861e-17
6834.97403202 5.25385e-17
6838.02204809 4.99334e-17
6841.07006416 5.23445e-17
6844.11808023 5.64449e-17
6847.16609631 5.74196e-17
6850.21411238 5.65396e-17
6853.26212845 5.40075e-17
6856.31014452 4.99949e-17
6859.35816059 5.21206e-17
6862.40617666 5.37723e-17
6865.45419273 5.67499e-17
6868.50220881 5.88417e-17
6871.55022488 5.58946e-17
6874.59824095 5.15968e-17
6877.64625702 5.12242e-17
6880.69427309 5.00381e-17
6883.74228916 4.54297e-17
6886.79030523 5.09836e-17
6889.8383213 5.47969e-17
6892.88633738 4.95928e-17
6895.93435345 5.32804e-17
6898.98236952 5.19385e-17
6902.03038559 4.91484e-17
6905.07840166 5.69855e-17
6908.12641773 5.16568e-17
6911.1744338 4.61894e-17
6914.22244987 4.70308e-17
6917.27046595 4.67453e-17
6920.31848202 4.65081e-17
6923.36649809 4.8739e-17
6926.41451416 5.03123e-17
6929.46253023 5.04027e-17
6932.5105463 5.52915e-17
6935.55856237 5.24358e-17
6938.60657845 4.85242e-17
6941.65459452 5.01381e-17
6944.70261059 5.19403e-17
6947.75062666 5.48637e-17
6950.79864273 5.54297e-17
6953.8466588 4.91819e-17
6956.89467487 4.95935e-17
6959.94269094 5.09605e-17
6962.99070702 4.93173e-17
6966.03872309 4.74094e-17
6969.08673916 4.60947e-17
6972.13475523 5.21572e-17
6975.1827713 5.37216e-17
6978.23078737 5.11677e-17
6981.27880344 5.25995e-17
6984.32681952 5.42927e-17
6987.37483559 4.83907e-17
6990.42285166 4.6563e-17
6993.47086773 5.11283e-17
6996.5188838 4.9759e-17
6999.56689987 4.42734e-17
7002.61491594 5.15014e-17
7005.66293201 5.25681e-17
7008.71094809 5.29171e-17
7011.75896416 5.3834e-17
7014.80698023 5.23457e-17
7017.8549963 5.05243e-17
7020.90301237 5.15684e-17
7023.95102844 5.22912e-17
7026.99904451 4.81389e-17
7030.04706059 4.55439e-17
7033.09507666 4.87357e-17
7036.14309273 5.37098e-17
7039.1911088 5.47408e-17
7042.23912487 4.66258e-17
7045.28714094 4.37836e-17
7048.33515701 5.0195e-17
7051.38317308 4.97253e-17
7054.43118916 4.57735e-17
7057.47920523 4.82039e-17
7060.5272213 4.852e-17
7063.57523737 4.76473e-17
7066.62325344 4.88864e-17
7069.67126951 4.84801e-17
7072.71928558 4.85544e-17
7075.76730165 5.44021e-17
7078.81531773 5.34424e-17
7081.8633338 5.05433e-17
7084.91134987 5.05771e-17
7087.95936594 5.22083e-17
7091.00738201 5.04958e-17
7094.05539808 4.86147e-17
7097.10341415 4.62062e-17
7100.15143023 4.95383e-17
7103.1994463 4.99508e-17
7106.24746237 4.78879e-17
7109.29547844 5.16572e-17
7112.34349451 5.38352e-17
7115.39151058 4.73752e-17
7118.43952665 4.72261e-17
7121.48754272 5.36426e-17
7124.5355588 5.2727e-17
7127.58357487 4.75982e-17
7130.63159094 4.75197e-17
7133.67960701 4.99446e-17
7136.72762308 5.25455e-17
7139.77563915 5.23864e-17
7142.82365522 5.23888e-17
7145.8716713 5.27926e-17
7148.91968737 5.28563e-17
7151.96770344 4.93292e-17
7155.01571951 4.57269e-17
7158.06373558 5.20707e-17
7161.11175165 4.95227e-17
7164.15976772 4.79433e-17
7167.20778379 5.52801e-17
7170.25579987 5.40999e-17
7173.30381594 5.34269e-17
7176.35183201 5.41299e-17
7179.39984808 5.35567e-17
7182.44786415 5.38836e-17
7185.49588022 5.46775e-17
7188.54389629 5.33477e-17
7191.59191236 5.16481e-17
7194.63992844 5.75153e-17
7197.68794451 5.57965e-17
7200.73596058 5.04191e-17
7203.78397665 5.10709e-17
7206.83199272 5.31758e-17
7209.88000879 5.16871e-17
7212.92802486 5.31868e-17
7215.97604094 5.39829e-17
7219.02405701 5.54753e-17
7222.07207308 5.40821e-17
7225.12008915 5.02828e-17
7228.16810522 5.02072e-17
7231.21612129 5.46849e-17
7234.26413736 5.228e-17
7237.31215343 5.05372e-17
7240.36016951 5.2481e-17
7243.40818558 4.92123e-17
7246.45620165 5.04143e-17
7249.50421772 4.94919e-17
7252.55223379 4.9496e-17
7255.60024986 5.01812e-17
7258.64826593 5.04579e-17
7261.69628201 5.07545e-17
7264.74429808 5.04985e-17
7267.79231415 5.50322e-17
7270.84033022 5.2702e-17
7273.88834629 4.83867e-17
7276.93636236 5.06561e-17
7279.98437843 5.33119e-17
7283.0323945 5.12839e-17
7286.08041058 4.84128e-17
7289.12842665 5.15782e-17
7292.17644272 5.35705e-17
7295.22445879 5.15699e-17
7298.27247486 5.30445e-17
7301.32049093 5.1886e-17
7304.368507 5.33064e-17
7307.41652308 5.35218e-17
7310.46453915 5.10279e-17
7313.51255522 4.80886e-17
7316.56057129 4.63235e-17
7319.60858736 5.27159e-17
7322.65660343 5.10413e-17
7325.7046195 4.32954e-17
7328.75263557 4.73624e-17
7331.80065165 5.24727e-17
7334.84866772 4.56986e-17
7337.89668379 4.68277e-17
7340.94469986 5.14567e-17
7343.99271593 4.82602e-17
7347.040732 4.48839e-17
7350.08874807 4.55324e-17
7353.13676414 4.50417e-17
7356.18478022 5.03339e-17
7359.23279629 4.95893e-17
7362.28081236 4.37918e-17
7365.32882843 4.60823e-17
7368.3768445 4.99592e-17
7371.42486057 4.25149e-17
7374.47287664 4.21659e-17
7377.52089272 4.38677e-17
7380.56890879 4.82786e-17
7383.61692486 4.85635e-17
7386.66494093 4.54909e-17
7389.712957 4.65229e-17
7392.76097307 4.79601e-17
7395.80898914 5.15144e-17
7398.85700521 5.32015e-17
7401.90502129 5.2271e-17
7404.95303736 4.92693e-17
7408.00105343 4.66886e-17
7411.0490695 4.61227e-17
7414.09708557 5.02352e-17
7417.14510164 4.94574e-17
7420.19311771 5.23972e-17
7423.24113379 5.36719e-17
7426.28914986 4.5113e-17
7429.33716593 4.57291e-17
7432.385182 5.0486e-17
7435.43319807 4.60504e-17
7438.48121414 4.38051e-17
7441.52923021 4.76257e-17
7444.57724628 4.61122e-17
7447.62526236 4.86267e-17
7450.67327843 4.7203e-17
7453.7212945 4.82922e-17
7456.76931057 4.8328e-17
7459.81732664 4.86624e-17
7462.86534271 5.27468e-17
7465.91335878 5.04523e-17
7468.96137486 5.04569e-17
7472.00939093 4.75947e-17
7475.057407 4.26001e-17
7478.10542307 4.46948e-17
7481.15343914 4.70762e-17
7484.20145521 4.43625e-17
7487.24947128 4.83e-17
7490.29748735 4.50082e-17
7493.34550343 4.30305e-17
7496.3935195 4.99844e-17
7499.44153557 5.13022e-17
7502.48955164 4.8515e-17
7505.53756771 4.66605e-17
7508.58558378 5.06267e-17
7511.63359985 5.13452e-17
7514.68161592 4.62751e-17
7517.729632 4.83623e-17
7520.77764807 5.07701e-17
7523.82566414 5.17093e-17
7526.87368021 4.63781e-17
7529.92169628 4.53723e-17
7532.96971235 4.69482e-17
7536.01772842 4.61925e-17
7539.0657445 4.7816e-17
7542.11376057 4.87634e-17
7545.16177664 4.77451e-17
7548.20979271 4.87273e-17
7551.25780878 4.83233e-17
7554.30582485 4.55872e-17
7557.35384092 4.70962e-17
7560.40185699 4.78706e-17
7563.44987307 4.84708e-17
7566.49788914 4.79876e-17
7569.54590521 4.7219e-17
7572.59392128 4.97204e-17
7575.64193735 4.11101e-17
7578.68995342 4.19041e-17
7581.73796949 4.69874e-17
7584.78598557 4.74823e-17
7587.83400164 4.74455e-17
7590.88201771 4.41529e-17
7593.93003378 4.4961e-17
7596.97804985 4.41858e-17
7600.02606592 4.43312e-17
7603.07408199 5.27537e-17
7606.12209806 3.88152e-17
7609.17011414 4.68932e-17
7612.21813021 4.12359e-17
7615.26614628 4.57045e-17
7618.31416235 4.53994e-17
7621.36217842 4.37344e-17
7624.41019449 4.77807e-17
7627.45821056 4.72498e-17
7630.50622663 4.18718e-17
7633.55424271 4.30251e-17
7636.60225878 4.16229e-17
7639.65027485 3.88744e-17
7642.69829092 4.62219e-17
7645.74630699 4.55987e-17
7648.79432306 4.24065e-17
7651.84233913 4.71286e-17
7654.89035521 5.19492e-17
7657.93837128 4.77295e-17
7660.98638735 4.93871e-17
7664.03440342 4.43765e-17
7667.08241949 4.42339e-17
7670.13043556 4.82594e-17
7673.17845163 4.33362e-17
7676.2264677 4.17444e-17
7679.27448378 4.42298e-17
7682.32249985 4.4012e-17
7685.37051592 4.49457e-17
7688.41853199 4.65287e-17
7691.46654806 4.53182e-17
7694.51456413 4.97481e-17
7697.5625802 4.7254e-17
7700.61059628 4.54043e-17
7703.65861235 4.98055e-17
7706.70662842 5.00183e-17
7709.75464449 4.38099e-17
7712.80266056 4.77326e-17
7715.85067663 5.05369e-17
7718.8986927 4.99824e-17
7721.94670877 4.98429e-17
7724.99472485 5.04786e-17
7728.04274092 4.77027e-17
7731.09075699 4.52784e-17
7734.13877306 4.02824e-17
7737.18678913 4.56647e-17
7740.2348052 5.18298e-17
7743.28282127 4.86426e-17
7746.33083735 4.17675e-17
7749.37885342 4.58222e-17
7752.42686949 4.23402e-17
7755.47488556 4.1788e-17
7758.52290163 4.5657e-17
7761.5709177 4.74557e-17
7764.61893377 4.59529e-17
7767.66694984 4.17113e-17
7770.71496592 4.32943e-17
7773.76298199 4.33629e-17
7776.81099806 4.42278e-17
7779.85901413 4.78893e-17
7782.9070302 4.38763e-17
7785.95504627 4.07664e-17
7789.00306234 3.99945e-17
7792.05107841 4.35875e-17
7795.09909449 4.51004e-17
7798.14711056 4.22423e-17
7801.19512663 3.99633e-17
7804.2431427 4.20304e-17
7807.29115877 5.04578e-17
7810.33917484 5.0989e-17
7813.38719091 4.22923e-17
7816.43520699 4.56922e-17
7819.48322306 4.71948e-17
7822.53123913 4.70997e-17
7825.5792552 3.72913e-17
7828.62727127 3.57841e-17
7831.67528734 4.55447e-17
7834.72330341 4.58351e-17
7837.77131948 4.31349e-17
7840.81933556 4.15888e-17
7843.86735163 3.99142e-17
7846.9153677 4.06315e-17
7849.96338377 4.89904e-17
7853.01139984 4.61605e-17
7856.05941591 4.47153e-17
7859.10743198 3.81903e-17
7862.15544806 4.14012e-17
7865.20346413 4.89927e-17
7868.2514802 4.28124e-17
7871.29949627 4.68327e-17
7874.34751234 4.25519e-17
7877.39552841 4.42726e-17
7880.44354448 4.72103e-17
7883.49156055 4.37451e-17
7886.53957663 3.94591e-17
7889.5875927 3.78441e-17
7892.63560877 4.24598e-17
7895.68362484 4.64251e-17
7898.73164091 4.41825e-17
7901.77965698 4.52154e-17
7904.82767305 4.86665e-17
7907.87568913 4.05617e-17
7910.9237052 4.38948e-17
7913.97172127 4.38523e-17
7917.01973734 4.10271e-17
7920.06775341 4.48817e-17
7923.11576948 3.9002e-17
7926.16378555 3.96381e-17
7929.21180162 4.73926e-17
7932.2598177 4.98587e-17
7935.30783377 4.66288e-17
7938.35584984 4.23306e-17
7941.40386591 3.98122e-17
7944.45188198 4.20432e-17
7947.49989805 4.46321e-17
7950.54791412 4.26225e-17
7953.59593019 4.40136e-17
7956.64394627 4.48468e-17
7959.69196234 3.99657e-17
7962.73997841 3.75367e-17
7965.78799448 4.69253e-17
7968.83601055 5.71566e-17
7971.88402662 4.92145e-17
7974.93204269 4.35426e-17
7977.98005877 5.27368e-17
7981.02807484 4.47379e-17
7984.07609091 4.06032e-17
7987.12410698 5.22122e-17
7990.17212305 4.47297e-17
7993.22013912 4.9072e-17
7996.26815519 5.37975e-17
7999.31617126 5.50481e-17
8002.36418734 5.51712e-17
8005.41220341 5.56772e-17
8008.46021948 5.39517e-17
8011.50823555 6.15578e-17
8014.55625162 7.0155e-17
8017.60426769 6.70225e-17
8020.65228376 6.55834e-17
8023.70029984 7.23591e-17
8026.74831591 6.70021e-17
8029.79633198 6.49805e-17
8032.84434805 5.92415e-17
8035.89236412 5.25996e-17
8038.94038019 5.17181e-17
8041.98839626 5.89776e-17
8045.03641233 5.77839e-17
8048.08442841 5.20689e-17
8051.13244448 5.02874e-17
8054.18046055 5.15363e-17
8057.22847662 5.00069e-17
8060.27649269 5.01393e-17
8063.32450876 4.64615e-17
8066.37252483 4.32543e-17
8069.4205409 4.53283e-17
8072.46855698 4.88603e-17
8075.51657305 4.87829e-17
8078.56458912 4.39536e-17
8081.61260519 4.52647e-17
8084.66062126 4.36719e-17
8087.70863733 3.99828e-17
8090.7566534 4.14602e-17
8093.80466948 4.45319e-17
8096.85268555 4.47246e-17
8099.90070162 4.3102e-17
8102.94871769 4.10628e-17
8105.99673376 4.17528e-17
8109.04474983 4.16621e-17
8112.0927659 3.96943e-17
8115.14078197 4.08472e-17
8118.18879805 4.7083e-17
8121.23681412 4.59235e-17
8124.28483019 3.94419e-17
8127.33284626 4.07441e-17
8130.38086233 4.16556e-17
8133.4288784 4.28447e-17
8136.47689447 4.25168e-17
8139.52491055 3.88985e-17
8142.57292662 3.94055e-17
8145.62094269 4.04716e-17
8148.66895876 4.05689e-17
8151.71697483 3.8051e-17
8154.7649909 3.68594e-17
8157.81300697 3.86135e-17
8160.86102304 3.7129e-17
8163.90903912 3.81986e-17
8166.95705519 3.92665e-17
8170.00507126 3.99572e-17
8173.05308733 3.86183e-17
8176.1011034 3.65699e-17
8179.14911947 4.04177e-17
8182.19713554 4.25225e-17
8185.24515162 3.94566e-17
8188.29316769 3.98726e-17
8191.34118376 4.07287e-17
8194.38919983 3.5719e-17
8197.4372159 3.0846e-17
8200.48523197 4.24121e-17
8203.53324804 4.51692e-17
8206.58126411 3.89382e-17
8209.62928019 4.24743e-17
8212.67729626 3.53636e-17
8215.72531233 3.80054e-17
8218.7733284 4.02114e-17
8221.82134447 3.52766e-17
8224.86936054 3.50015e-17
8227.91737661 3.56701e-17
8230.96539268 3.7516e-17
8234.01340876 3.89252e-17
8237.06142483 3.81752e-17
8240.1094409 3.85613e-17
8243.15745697 4.16757e-17
8246.20547304 3.76197e-17
8249.25348911 3.73298e-17
8252.30150518 3.69783e-17
8255.34952126 3.81156e-17
8258.39753733 4.39213e-17
8261.4455534 4.29143e-17
8264.49356947 3.88706e-17
8267.54158554 3.68999e-17
8270.58960161 3.5894e-17
8273.63761768 3.64148e-17
8276.68563375 3.80258e-17
8279.73364983 3.43952e-17
8282.7816659 3.5297e-17
8285.82968197 3.49509e-17
8288.87769804 3.37763e-17
8291.92571411 3.95493e-17
8294.97373018 3.57047e-17
8298.02174625 3.39784e-17
8301.06976233 3.52437e-17
8304.1177784 3.9831e-17
8307.16579447 3.70822e-17
8310.21381054 3.04223e-17
8313.26182661 3.36383e-17
8316.30984268 3.37834e-17
8319.35785875 3.87641e-17
8322.40587482 4.25974e-17
8325.4538909 3.56142e-17
8328.50190697 3.52127e-17
8331.54992304 4.02969e-17
8334.59793911 4.56322e-17
8337.64595518 3.4929e-17
8340.69397125 3.00102e-17
8343.74198732 4.87484e-17
8346.7900034 3.55554e-17
8349.83801947 3.65835e-17
8352.88603554 3.95076e-17
8355.93405161 3.30256e-17
8358.98206768 3.66981e-17
8362.03008375 3.31329e-17
8365.07809982 3.63888e-17
8368.12611589 3.94304e-17
8371.17413197 3.64979e-17
8374.22214804 3.25397e-17
8377.27016411 4.51148e-17
8380.31818018 3.85053e-17
8383.36619625 3.69221e-17
8386.41421232 3.79573e-17
8389.46222839 3.71553e-17
8392.51024446 4.10937e-17
8395.55826054 3.70162e-17
8398.60627661 3.55348e-17
8401.65429268 3.79699e-17
8404.70230875 3.88705e-17
8407.75032482 3.84481e-17
8410.79834089 3.23996e-17
8413.84635696 3.96738e-17
8416.89437304 4.03435e-17
8419.94238911 3.92801e-17
8422.99040518 4.00465e-17
8426.03842125 2.76863e-17
8429.08643732 3.22632e-17
8432.13445339 3.36352e-17
8435.18246946 3.23034e-17
8438.23048553 3.76404e-17
8441.27850161 3.65645e-17
8444.32651768 3.74044e-17
8447.37453375 4.04756e-17
8450.42254982 3.83073e-17
8453.47056589 3.58366e-17
8456.51858196 3.99939e-17
8459.56659803 3.30492e-17
8462.61461411 3.48941e-17
8465.66263018 3.74194e-17
8468.71064625 4.0437e-17
8471.75866232 3.93283e-17
8474.80667839 3.26438e-17
8477.85469446 3.59332e-17
8480.90271053 3.77335e-17
8483.9507266 3.53141e-17
8486.99874268 3.57136e-17
8490.04675875 4.02355e-17
8493.09477482 3.4125e-17
8496.14279089 3.51157e-17
8499.19080696 3.80769e-17
8502.23882303 3.79568e-17
8505.2868391 3.54081e-17
8508.33485518 3.15526e-17
8511.38287125 3.25909e-17
8514.43088732 3.98644e-17
8517.47890339 3.67947e-17
8520.52691946 3.14634e-17
8523.57493553 3.93676e-17
8526.6229516 3.85707e-17
8529.67096767 3.83198e-17
8532.71898375 4.02274e-17
8535.76699982 4.11326e-17
8538.81501589 3.56856e-17
8541.86303196 3.46013e-17
8544.91104803 3.6347e-17
8547.9590641 3.55367e-17
8551.00708017 3.51525e-17
8554.05509624 3.47152e-17
8557.10311232 3.81739e-17
8560.15112839 3.78046e-17
8563.19914446 3.43249e-17
8566.24716053 3.26985e-17
8569.2951766 3.22543e-17
8572.34319267 3.54094e-17
8575.39120874 3.79014e-17
8578.43922482 3.44016e-17
8581.48724089 2.96159e-17
8584.53525696 3.55836e-17
8587.58327303 4.15096e-17
8590.6312891 3.55395e-17
8593.67930517 3.57258e-17
8596.72732124 3.45899e-17
8599.77533731 3.23453e-17
8602.82335339 3.56866e-17
8605.87136946 2.81819e-17
8608.91938553 3.62118e-17
8611.9674016 4.47621e-17
8615.01541767 4.41979e-17
8618.06343374 3.831e-17
8621.11144981 3.1217e-17
8624.15946589 4.00817e-17
8627.20748196 3.24258e-17
8630.25549803 2.99921e-17
8633.3035141 3.36521e-17
8636.35153017 3.0905e-17
8639.39954624 4.18976e-17
8642.44756231 4.18433e-17
8645.49557838 3.82723e-17
8648.54359446 4.07968e-17
8651.59161053 3.94338e-17
8654.6396266 3.90883e-17
8657.68764267 4.3906e-17
8660.73565874 3.62169e-17
8663.78367481 3.03933e-17
8666.83169088 4.07172e-17
8669.87970695 3.24883e-17
8672.92772303 3.64873e-17
8675.9757391 3.50713e-17
8679.02375517 3.32325e-17
8682.07177124 3.83697e-17
8685.11978731 3.92439e-17
8688.16780338 3.43798e-17
8691.21581945 3.30143e-17
8694.26383553 3.43658e-17
8697.3118516 3.64185e-17
8700.35986767 3.70073e-17
8703.40788374 3.19093e-17
8706.45589981 3.15094e-17
8709.50391588 3.33314e-17
8712.55193195 3.5132e-17
8715.59994802 3.1242e-17
8718.6479641 3.31538e-17
8721.69598017 3.48854e-17
8724.74399624 3.56389e-17
8727.79201231 3.34739e-17
8730.84002838 3.5342e-17
8733.88804445 3.75429e-17
8736.93606052 3.0783e-17
8739.9840766 3.38238e-17
8743.03209267 4.13361e-17
8746.08010874 3.82559e-17
8749.12812481 3.30121e-17
8752.17614088 3.58854e-17
8755.22415695 3.95396e-17
8758.27217302 4.66668e-17
8761.32018909 4.6034e-17
8764.36820517 3.767e-17
8767.41622124 3.98585e-17
8770.46423731 3.34322e-17
8773.51225338 3.03081e-17
8776.56026945 3.50238e-17
8779.60828552 3.85906e-17
8782.65630159 3.4513e-17
8785.70431767 3.10833e-17
8788.75233374 3.22962e-17
8791.80034981 3.55889e-17
8794.84836588 3.84775e-17
8797.89638195 3.16407e-17
8800.94439802 3.38927e-17
8803.99241409 3.33153e-17
8807.04043016 3.00923e-17
8810.08844624 3.37842e-17
8813.13646231 4.12285e-17
8816.18447838 3.3041e-17
8819.23249445 2.98908e-17
8822.28051052 4.4493e-17
8825.32852659 4.90661e-17
8828.37654266 3.4193e-17
8831.42455873 3.234e-17
8834.47257481 2.67294e-17
8837.52059088 3.02715e-17
8840.56860695 3.13162e-17
8843.61662302 3.26781e-17
8846.66463909 3.45131e-17
8849.71265516 3.56357e-17
8852.76067123 3.4706e-17
8855.80868731 3.49817e-17
8858.85670338 3.3147e-17
8861.90471945 3.4909e-17
8864.95273552 3.72492e-17
8868.00075159 3.46809e-17
8871.04876766 3.1412e-17
8874.09678373 3.4436e-17
8877.1447998 2.80647e-17
8880.19281588 2.94301e-17
8883.24083195 3.62376e-17
8886.28884802 3.96532e-17
8889.33686409 3.24434e-17
8892.38488016 2.67224e-17
8895.43289623 3.07226e-17
8898.4809123 3.72257e-17
8901.52892838 3.31206e-17
8904.57694445 3.14422e-17
8907.62496052 3.2224e-17
8910.67297659 3.52658e-17
8913.72099266 3.67566e-17
8916.76900873 3.85055e-17
8919.8170248 2.88707e-17
8922.86504087 2.73954e-17
8925.91305695 3.49188e-17
8928.96107302 3.31472e-17
8932.00908909 2.83713e-17
8935.05710516 3.11528e-17
8938.10512123 3.14895e-17
8941.1531373 3.06078e-17
8944.20115337 3.41481e-17
8947.24916945 3.64191e-17
8950.29718552 3.43438e-17
8953.34520159 3.53581e-17
8956.39321766 3.82171e-17
8959.44123373 3.70817e-17
8962.4892498 2.6425e-17
8965.53726587 1.90119e-17
8968.58528194 2.67821e-17
8971.63329802 2.93992e-17
8974.68131409 2.87793e-17
8977.72933016 2.90452e-17
8980.77734623 2.66287e-17
8983.8253623 2.87342e-17
8986.87337837 2.46771e-17
8989.92139444 2.82456e-17
8992.96941051 2.78417e-17
8996.01742659 2.78299e-17
8999.06544266 3.0176e-17
9002.11345873 3.85662e-17
9005.1614748 2.95647e-17
9008.20949087 3.11559e-17
9011.25750694 3.1764e-17
9014.30552301 2.43108e-17
9017.35353909 2.38604e-17
9020.40155516 2.44847e-17
9023.44957123 2.54699e-17
9026.4975873 2.73299e-17
9029.54560337 3.54729e-17
9032.59361944 3.72934e-17
9035.64163551 3.37309e-17
9038.68965158 2.75432e-17
9041.73766766 2.93267e-17
9044.78568373 3.07916e-17
9047.8336998 3.21086e-17
9050.88171587 2.57557e-17
9053.92973194 2.79531e-17
9056.97774801 2.82424e-17
9060.02576408 2.42102e-17
9063.07378016 2.37214e-17
9066.12179623 2.58306e-17
9069.1698123 2.78385e-17
9072.21782837 2.66444e-17
9075.26584444 2.6344e-17
9078.31386051 2.3136e-17
9081.36187658 2.18617e-17
9084.40989265 2.54234e-17
9087.45790873 2.95328e-17
9090.5059248 2.9342e-17
9093.55394087 2.28592e-17
9096.60195694 2.44295e-17
9099.64997301 2.57312e-17
9102.69798908 2.51101e-17
9105.74600515 2.31959e-17
9108.79402122 2.3908e-17
9111.8420373 2.47145e-17
9114.89005337 2.60322e-17
9117.93806944 2.53968e-17
9120.98608551 2.42005e-17
9124.03410158 2.30158e-17
9127.08211765 2.39606e-17
9130.13013372 2.42422e-17
9133.1781498 2.1962e-17
9136.22616587 2.54944e-17
9139.27418194 2.4786e-17
9142.32219801 2.39202e-17
9145.37021408 2.18828e-17
9148.41823015 2.30938e-17
9151.46624622 2.3247e-17
9154.51426229 2.08587e-17
9157.56227837 2.72273e-17
9160.61029444 2.78617e-17
9163.65831051 2.58357e-17
9166.70632658 2.37439e-17
9169.75434265 2.61811e-17
9172.80235872 2.35522e-17
9175.85037479 2.43869e-17
9178.89839087 2.67997e-17
9181.94640694 2.70762e-17
9184.99442301 2.79733e-17
9188.04243908 2.60762e-17
9191.09045515 2.55951e-17
9194.13847122 2.75802e-17
9197.18648729 2.62209e-17
9200.23450336 2.58604e-17
9203.28251944 2.448e-17
9206.33053551 2.48058e-17
9209.37855158 2.75172e-17
9212.42656765 3.06988e-17
9215.47458372 2.80083e-17
9218.52259979 2.15357e-17
9221.57061586 2.75144e-17
9224.61863194 2.59702e-17
9227.66664801 2.09617e-17
9230.71466408 2.71223e-17
9233.76268015 2.62399e-17
9236.81069622 2.25416e-17
9239.85871229 2.77351e-17
9242.90672836 2.89594e-17
9245.95474443 2.19805e-17
9249.00276051 2.70688e-17
9252.05077658 2.9353e-17
9255.09879265 2.16828e-17
9258.14680872 1.67676e-17
9261.19482479 2.24819e-17
9264.24284086 2.42643e-17
9267.29085693 2.71792e-17
9270.338873 2.83526e-17
9273.38688908 2.46955e-17
9276.43490515 3.1774e-17
9279.48292122 2.56177e-17
9282.53093729 2.14312e-17
9285.57895336 2.10533e-17
9288.62696943 2.39779e-17
9291.6749855 3.01345e-17
9294.72300158 2.29082e-17
9297.77101765 2.00407e-17
9300.81903372 2.50973e-17
9303.86704979 2.78853e-17
9306.91506586 1.89212e-17
9309.96308193 1.12463e-17
9313.011098 8.79876e-18
9316.05911407 1.52672e-17
9319.10713015 2.0956e-17
9322.15514622 1.16122e-17
9325.20316229 1.61979e-17
9328.25117836 1.3094e-17
9331.29919443 1.8366e-17
9334.3472105 2.08458e-17
9337.39522657 1.80181e-17
9340.44324265 1.62004e-17
9343.49125872 1.31956e-17
9346.53927479 8.9441e-18
9349.58729086 1.17163e-17
9352.63530693 1.90872e-17
9355.683323 1.28383e-17
9358.73133907 1.11843e-17
9361.77935514 2.20677e-17
9364.82737122 2.19562e-17
9367.87538729 1.57448e-17
9370.92340336 5.18714e-18
9373.97141943 1.16208e-17
9377.0194355 1.76698e-17
9380.06745157 1.68345e-17
9383.11546764 2.16561e-17
9386.16348372 1.92676e-17
9389.21149979 1.86423e-17
9392.25951586 1.44473e-17
9395.30753193 2.30956e-17
9398.355548 2.59872e-17
9401.40356407 1.90976e-17
9404.45158014 1.48132e-17
9407.49959621 1.7703e-17
9410.54761229 1.63698e-17
9413.59562836 1.9007e-17
9416.64364443 1.82698e-17
9419.6916605 1.63926e-17
9422.73967657 1.28555e-17
9425.78769264 1.25098e-17
9428.83570871 1.3737e-17
9431.88372478 1.64129e-17
9434.93174086 1.85775e-17
9437.97975693 2.16415e-17
9441.027773 5.27628e-18
9444.07578907 7.65748e-18
9447.12380514 1.05963e-17
9450.17182121 1.32605e-17
9453.21983728 1.36793e-17
9456.26785336 2.17499e-17
9459.31586943 1.48806e-17
9462.3638855 1.22732e-17
9465.41190157 1.51422e-17
9468.45991764 1.7785e-17
9471.50793371 1.69862e-17
9474.55594978 1.32353e-17
9477.60396585 2.48883e-17
9480.65198193 1.2737e-17
9483.699998 -1.05604e-19
9486.74801407 2.18505e-17
9489.79603014 1.53996e-17
9492.84404621 8.91766e-18
9495.89206228 1.39389e-17
9498.94007835 1.45915e-17
9501.98809443 1.22776e-17
9505.0361105 1.25259e-17
9508.08412657 1.62126e-17
9511.13214264 1.95599e-17
9514.18015871 1.79391e-17
9517.22817478 1.37877e-17
9520.27619085 7.55341e-18
9523.32420692 7.9038e-18
9526.372223 1.26943e-17
9529.42023907 1.65976e-17
9532.46825514 1.41969e-17
9535.51627121 1.40273e-17
9538.56428728 1.28994e-17
9541.61230335 1.6195e-17
9544.66031942 1.25498e-17
9547.70833549 1.44381e-17
9550.75635157 1.52994e-17
9553.80436764 1.55787e-17
9556.85238371 1.0401e-17
9559.90039978 1.03328e-17
9562.94841585 1.6245e-17
9565.99643192 1.20005e-17
9569.04444799 1.35354e-17
9572.09246407 1.92446e-17
9575.14048014 1.47984e-17
9578.18849621 1.25816e-17
9581.23651228 1.56336e-17
9584.28452835 1.42655e-17
9587.33254442 9.83011e-18
9590.38056049 1.20545e-17
9593.42857656 4.5467e-18
9596.47659264 7.75478e-18
9599.52460871 1.46095e-17
9602.57262478 9.31948e-18
9605.62064085 6.74038e-18
9608.66865692 1.33566e-17
9611.71667299 1.64428e-17
9614.76468906 1.24323e-17
9617.81270514 8.31156e-18
9620.86072121 1.47314e-17
9623.90873728 1.69818e-17
9626.95675335 1.12496e-17
9630.00476942 1.27196e-17
9633.05278549 1.58418e-17
9636.10080156 1.24084e-17
9639.14881763 1.1044e-17
9642.19683371 1.57403e-17
9645.24484978 1.42238e-17
9648.29286585 1.23631e-17
9651.34088192 1.59799e-17
9654.38889799 1.66394e-17
9657.43691406 1.47388e-17
9660.48493013 1.69274e-17
9663.53294621 1.97202e-17
9666.58096228 1.6009e-17
9669.62897835 1.651e-17
9672.67699442 1.66269e-17
9675.72501049 1.40218e-17
9678.77302656 1.59397e-17
9681.82104263 1.23838e-17
9684.8690587 1.5007e-17
9687.91707478 1.94831e-17
9690.96509085 1.80948e-17
